     0.07872600      0.00387700      0.41426700     -0.55370800      0.23295600     -0.79949000     -0.23675200     -0.96447000     -0.11712500     -0.79768500      0.12413100      0.59018400     -0.00124800     -0.00373800     -0.00220600     -0.00151700      0.01071300     -0.02671100      0.52227400     -0.10743400     -0.03582200      0.38859000      0.42961400      0.34089800      0.83618900     -0.30612900      0.92614900     -0.22015400     -0.84999700     -0.16184400      0.50117400      0.01351600      0.00530600      0.00261200      0.04409200     -0.37635200     -0.09031700      0.43946300      0.02547900      0.02637500     -0.01513800     -0.46123300     -0.30336700      0.83380500      0.24625900     -0.94658200     -0.20817700      0.85242000      0.10931400      0.51130200     -0.00101900      0.00644000     -0.00362500      0.06816400     -0.51769100     -0.12053500      0.41724600      0.08556300      0.03295400     -0.05552000     -0.58391100      0.19008800     -0.78924800     -0.16045900     -0.98004400     -0.11732700     -0.79580100      0.05813300      0.60276000     -0.00046100     -0.00138900     -0.00081700      0.00014700      0.00007200     -0.00011600      0.52055100
     0.07869800      0.00383600      0.41421900     -0.55255300      0.23583300     -0.79944600     -0.24219700     -0.96315700     -0.11679300     -0.79685300      0.12878900      0.59031000     -0.00110700     -0.00331500     -0.00195800     -0.00151900      0.01071400     -0.02670800      0.52261800     -0.10739400     -0.03566500      0.38852300      0.43943700      0.34870700      0.82782200     -0.31914700      0.92205500     -0.21884800     -0.84013500     -0.16848000      0.51541300     -0.00035100      0.00198500      0.00158600      0.10951000     -0.73246500     -0.27590500      0.43312400      0.02550400      0.02645600     -0.01517000     -0.47139600     -0.31052600      0.82544400      0.25957000     -0.94335500     -0.20664800      0.84285700      0.11684800      0.52529700     -0.00016800      0.00092000      0.00073900      0.12938000     -0.83751100     -0.33497800      0.41087800      0.08554800      0.03293200     -0.05554500     -0.58298500      0.19306100     -0.78921200     -0.16600400     -0.97917100     -0.11690400     -0.79534300      0.06285900      0.60289100     -0.00035800     -0.00108100     -0.00063700      0.00028200      0.00015700     -0.00020300      0.52087800
     0.07868700      0.00375400      0.41420500     -0.55290100      0.23529800     -0.79936300     -0.24195900     -0.96328200     -0.11625700     -0.79668300      0.12883500      0.59052900     -0.00018700     -0.00056000     -0.00033100     -0.00000000     -0.00000000     -0.00000000      0.52222300     -0.10760200     -0.03556100      0.38828600      0.46889200      0.36694400      0.80342000     -0.33232200      0.91607000     -0.22430200     -0.81885700     -0.16229700      0.55045100     -0.01357600     -0.00495200     -0.00233100      0.09214900     -0.93557900     -0.78806600      0.41689900      0.02540400      0.02651300     -0.01528500     -0.50151900     -0.32649100      0.80117500      0.27295100     -0.93847200     -0.21158100      0.82096000      0.11257000      0.55977800      0.00015700     -0.00089800     -0.00071200      0.02200100     -1.20580500     -0.44653100      0.39422200      0.08554100      0.03288500     -0.05555500     -0.58330000      0.19247400     -0.78912200     -0.16572500     -0.97928300     -0.11635500     -0.79516900      0.06290700      0.60311400     -0.00008300     -0.00024800     -0.00014500      0.00019100      0.00003200     -0.00015300      0.52104100
     0.07868000      0.00374900      0.41423800     -0.55355300      0.23427500     -0.79921200     -0.24144900     -0.96352800     -0.11527500     -0.79638500      0.12886000      0.59092500     -0.00034700     -0.00830400      0.01073000     -0.03493300      0.01683200     -0.01637200      0.52182500     -0.10778900     -0.03560600      0.38825900      0.51026000      0.38805400      0.76749000     -0.34824800      0.90920800     -0.22802900     -0.78691100     -0.15142500      0.59808500      0.00000100     -0.00000700     -0.00000600      0.10896600     -1.22731700     -0.83609800      0.39664800      0.02530700      0.02648200     -0.01530400     -0.54450400     -0.34587400      0.76412300      0.28957600     -0.93252100     -0.21575000      0.78718400      0.10379600      0.60791900     -0.00000900      0.00001900      0.00001400      0.13001700     -1.30926500     -0.88306500      0.36744300      0.08553800      0.03288600     -0.05554300     -0.58385500      0.19140800     -0.78897100     -0.16515800     -0.97949100     -0.11540900     -0.79488000      0.06292300      0.60349300      0.00027900      0.00083600      0.00049400      0.00012600      0.00002000     -0.00010200      0.52087800
     0.07866300      0.00375400      0.41425300     -0.55366000      0.23411700     -0.79918300     -0.24137900     -0.96356400     -0.11511500     -0.79633100      0.12887400      0.59099500      0.00011800      0.00035200      0.00020800     -0.00000000     -0.00000000     -0.00000000      0.52199300     -0.10776500     -0.03562400      0.38830800      0.53052600      0.40333600      0.74555600     -0.35941500      0.90360300     -0.23292900     -0.76827600     -0.14491100      0.62339100      0.00131600     -0.00891600      0.01043700     -0.05270300     -1.34772000     -0.98024900      0.39840100      0.02531900      0.02647600     -0.01528400     -0.56380200     -0.35847600      0.74405700      0.30010300     -0.92823500     -0.21981100      0.76945700      0.09936400      0.63092100     -0.00006300      0.00036500      0.00029100     -1.66588500     -2.19943200      0.71353800      0.35895200      0.08553000      0.03288800     -0.05553000     -0.58396100      0.19122900     -0.78893500     -0.16509400     -0.97952300     -0.11522400     -0.79481500      0.06296200      0.60357500      0.00009200      0.00027900      0.00016500      0.00010200      0.00001800     -0.00008400      0.52071500
     0.07861100      0.00373000      0.41428600     -0.55255600      0.23698200     -0.79910400     -0.24692800     -0.96221000     -0.11467600     -0.79539900      0.13365500      0.59118900     -0.00015600     -0.00046700     -0.00027600     -0.00000000     -0.00000000      0.00000000      0.52223400     -0.10755300     -0.03562000      0.38851000      0.55392400      0.43790300      0.70809600     -0.38448400      0.88893300     -0.24880300     -0.73907300     -0.13500000      0.65985500      0.01354800      0.00509900      0.00244700      0.06316500     -0.85036300     -0.92247600      0.40154000      0.02542100      0.02647100     -0.01518100     -0.59107300     -0.39285100      0.70448500      0.32691400     -0.91510700     -0.23601700      0.73740000      0.09080300      0.66932400      0.00037200     -0.00289100      0.00646400      0.04009400     -1.00911000     -1.25480100      0.35846200      0.08550400      0.03287700     -0.05551200     -0.58308600      0.19418500     -0.78886100     -0.17074100     -0.97861700     -0.11469200     -0.79426500      0.06781600      0.60377300     -0.00010400     -0.00031100     -0.00018200      0.00022500      0.00007800     -0.00015800      0.52104100
     0.07858100      0.00373600      0.41427800     -0.55291000      0.23641200     -0.79902700     -0.24658800     -0.96235700     -0.11417000     -0.79525800      0.13360400      0.59138900     -0.00000100     -0.00000400     -0.00000300     -0.00000000     -0.00000000     -0.00000000      0.52215500     -0.10713300     -0.03556100      0.38873200      0.57508900      0.46151600      0.67547500     -0.39257100      0.88009800     -0.26692500     -0.71837300     -0.11226200      0.68644100      0.01351200      0.00526400      0.00257400      0.35864500     -0.91308500     -0.32792800      0.40475800      0.02563000      0.02650200     -0.01506900     -0.61272300     -0.41542800      0.67230100      0.33609400     -0.90690700     -0.25408700      0.71527000      0.07027100      0.69530500      0.00741600     -0.00179000      0.00651400      1.09412800     -1.45477900      0.22294100      0.36107400      0.08548900      0.03287900     -0.05551600     -0.58339400      0.19358200     -0.78878100     -0.17037300     -0.97874000     -0.11419200     -0.79411800      0.06776800      0.60397200      0.00000300      0.00000900      0.00000600      0.00014700      0.00000900     -0.00011300      0.52136800
     0.07856200      0.00373400      0.41428900     -0.55310800      0.23611100     -0.79897900     -0.24643800     -0.96243000     -0.11387800     -0.79516700      0.13361200      0.59151100     -0.00000000     -0.00000000     -0.00000000      0.00000000      0.00000000      0.00000000      0.52260000     -0.10681300     -0.03548100      0.38883600      0.59078200      0.45792900      0.66428200     -0.37895300      0.88436400     -0.27244900     -0.71294700     -0.09136700      0.69514100      0.01489200     -0.00399800      0.01273100     -0.10481700     -0.59363900     -0.34156800      0.40903700      0.02579000      0.02654600     -0.01502000     -0.62846500     -0.41102100      0.66037200      0.32191800     -0.91030400     -0.26021700      0.70809500      0.04904800      0.70441000      0.01369000      0.00420300      0.00172400     -0.31416400     -1.08659900      0.50089700      0.36401400      0.08547900      0.03287800     -0.05551100     -0.58349900      0.19339600     -0.78874900     -0.17028400     -0.97877600     -0.11401700     -0.79406000      0.06778300      0.60404800     -0.00000000      0.00000800      0.00000500      0.00010800     -0.00000500     -0.00011300      0.52136800
     0.07854300      0.00371700      0.41432600     -0.55341200      0.23567200     -0.79889900     -0.24627100     -0.96252800     -0.11341200     -0.79500700      0.13368200      0.59170900      0.00013300      0.00039700      0.00023400      0.00000000      0.00000000      0.00000000      0.52189400     -0.10618100     -0.03531900      0.38889000      0.62634900      0.43277200      0.64837200     -0.33795300      0.90027900     -0.27426300     -0.70317400     -0.04789800      0.70930600      0.01396700      0.00266900      0.00049600     -1.75817900     -1.28585900      1.86929600      0.40828400      0.02610600      0.02662800     -0.01498600     -0.66051700     -0.38541800      0.64433600      0.27990000     -0.92272600     -0.26501200      0.69668600      0.00530500      0.71735500      0.00700000      0.00126400      0.00017800      1.11570600     -1.02250300      1.00567300      0.36891200      0.08547000      0.03287000     -0.05549300     -0.58383400      0.19279900     -0.78864700     -0.17002200     -0.97888800     -0.11343900     -0.79386900      0.06785800      0.60428900      0.00007100      0.00022300      0.00013300      0.00007500     -0.00000200     -0.00006300      0.52136800
     0.07848800      0.00370700      0.41432100     -0.55375100      0.23514100     -0.79882000     -0.24597100     -0.96266200     -0.11292600     -0.79486300      0.13365500      0.59190900     -0.00019000     -0.00056800     -0.00033600      0.00000000      0.00000000      0.00000000      0.52237700     -0.10577800     -0.03532900      0.38883600      0.64774400      0.41119400      0.64135700     -0.31169400      0.91120700     -0.26922600     -0.69590500     -0.02605400      0.71756500      0.01469400     -0.00132000     -0.00269000      0.01260000     -0.10965600      0.20691400      0.39423300      0.02630600      0.02662800     -0.01500900     -0.68199200     -0.36092200      0.63609900      0.25306100     -0.93247700     -0.25776900      0.68618300     -0.01482400      0.72727700      0.00042400     -0.00235400     -0.00187900      0.00178800      0.04611700     -0.01313700      0.35976800      0.08544300      0.03286600     -0.05549500     -0.58412900      0.19224000     -0.78856500     -0.16970100     -0.97900000     -0.11295900     -0.79372100      0.06783800      0.60448600     -0.00012300     -0.00036700     -0.00021600      0.00004500      0.00001200     -0.00004400      0.52153100
     0.07843400      0.00369700      0.41431500     -0.55385600      0.23498700     -0.79879200     -0.24588200     -0.96270100     -0.11278500     -0.79481700      0.13364300      0.59197300     -0.00015400     -0.00045900     -0.00027100      0.00000000      0.00000000      0.00000000      0.52237300     -0.10522500     -0.03543800      0.38863500      0.65852800      0.39404700      0.64113800     -0.29279100      0.91899800     -0.26391000     -0.69400500     -0.01444200      0.71973000      0.01510100     -0.00346300     -0.00441600      0.01054500     -0.08532500      0.21515800      0.37286900      0.02658800      0.02657000     -0.01511300     -0.69130600     -0.34276600      0.63608700      0.23336600     -0.93905900     -0.25240300      0.68383900     -0.02604600      0.72916700      0.00758300     -0.00190800     -0.00235300      0.00982400     -0.08317500      0.21440400      0.33396800      0.08541500      0.03286000     -0.05549800     -0.58422100      0.19207600     -0.78853700     -0.16960500     -0.97903300     -0.11281900     -0.79367400      0.06782800      0.60454900     -0.00639800      0.00125700      0.00081000     -0.00094900      0.01471800     -0.02957600      0.52136800
     0.07841900      0.00367700      0.41431600     -0.55390600      0.23492000     -0.79877700     -0.24586400     -0.96271500     -0.11270800     -0.79478800      0.13366200      0.59200800     -0.00014500     -0.00043200     -0.00025500      0.00000000      0.00000000      0.00000000      0.52242200     -0.10485200     -0.03552200      0.38854000      0.66223600      0.38794500      0.64104000     -0.28569000      0.92164800     -0.26244800     -0.69344100     -0.00984300      0.72035100      0.01532500     -0.00461300     -0.00534800      0.00081700     -0.00504600      0.00230700      0.36105800      0.02676900      0.02653000     -0.01515800     -0.69457600     -0.33644100      0.63590200      0.22609600     -0.94120700     -0.25101400      0.68296700     -0.03057300      0.72980800      0.01465900     -0.00099300     -0.00245600      0.01038000     -0.08967400      0.21661800      0.32253800      0.08540800      0.03285000     -0.05549800     -0.58426600      0.19200600     -0.78852100     -0.16958400     -0.97904500     -0.11274300     -0.79364600      0.06784900      0.60458400     -0.00010300     -0.00030300     -0.00017800      0.00002500     -0.00000300     -0.00002600      0.52120500
     0.07841800      0.00361800      0.41433900     -0.55406900      0.23470900     -0.79872600     -0.24584500     -0.96275100     -0.11243500     -0.79468000      0.13376800      0.59212900     -0.00007900     -0.00023400     -0.00013900      0.00000000      0.00000000      0.00000000      0.52230000     -0.10396200     -0.03563600      0.38836100      0.66987200      0.37502700      0.64079400     -0.27092700      0.92702500     -0.25914500     -0.69204000     -0.00050600      0.72176400      0.02918800     -0.00108100     -0.00420000      0.01129800     -0.09036700      0.21746600      0.33074400      0.02721000      0.02646700     -0.01525200     -0.70123100     -0.32321700      0.63545600      0.21110400     -0.94548900     -0.24795700      0.68096200     -0.03972800      0.73123900      0.00752600     -0.00148300     -0.00203500      0.00119900     -0.01481700      0.02848100      0.28661400      0.08540700      0.03282000     -0.05548600     -0.58441100      0.19178100     -0.78846800     -0.16955600     -0.97908100     -0.11247000     -0.79354500      0.06796100      0.60470400     -0.00004900     -0.00014600     -0.00008500      0.00001400     -0.00000300     -0.00001400      0.52153100
     0.07840000      0.00358400      0.41434200     -0.55422200      0.23448900     -0.79868500     -0.24576000     -0.96280000     -0.11220000     -0.79460000      0.13380300      0.59222900     -0.00016400     -0.00048800     -0.00028900      0.00000000      0.00000000      0.00000000      0.52222500     -0.10299500     -0.03562300      0.38823200      0.67445800      0.36750500      0.64034100     -0.26677800      0.93003100     -0.25259400     -0.68919500     -0.00094700      0.72448100      0.02867900      0.00176500     -0.00193500      0.01247000     -0.10054500      0.24440100      0.31925400      0.02770400      0.02647000     -0.01532000     -0.70536700     -0.31526600      0.63487200      0.20659800     -0.94819900     -0.24132000      0.67806500     -0.03905600      0.73396200      0.01432800      0.00095900     -0.00092200      0.01368600     -0.09977600      0.24256500      0.26097700      0.08539900      0.03280300     -0.05548400     -0.58454400      0.19154900     -0.78842600     -0.16946400     -0.97912400     -0.11223800     -0.79346600      0.06800100      0.60480200     -0.00009800     -0.00029400     -0.00017500      0.00000700     -0.00000100     -0.00001600      0.52120500
     0.07838600      0.00357200      0.41433500     -0.55425900      0.23443200     -0.79867600     -0.24572800     -0.96281400     -0.11214900     -0.79458400      0.13379900      0.59225000     -0.00023800     -0.00070900     -0.00042000      0.00000000      0.00000000      0.00000000      0.52182600     -0.10247500     -0.03555200      0.38818700      0.67822600      0.36143400      0.63981700     -0.26531200      0.93240100     -0.24529700     -0.68605800     -0.00385900      0.72744300      0.02831600      0.00370700     -0.00038200      0.01230500     -0.10061500      0.24450000      0.31327400      0.02795500      0.02650200     -0.01534400     -0.70863800     -0.30910800      0.63425800      0.20503800     -0.95035100     -0.23407500      0.67512300     -0.03582800      0.73683400      0.01415800      0.00188300     -0.00018400      0.01001800     -0.02793300      0.05326100      0.25313900      0.08539200      0.03279800     -0.05548800     -0.58457600      0.19148900     -0.78841600     -0.16942900     -0.97913500     -0.11218700     -0.79345000      0.06799900      0.60482300     -0.00014800     -0.00044100     -0.00025900      0.00000600      0.00000200     -0.00000900      0.52104100
     0.07838500      0.00355700      0.41435000     -0.55436300      0.23428600     -0.79864700     -0.24568600     -0.96284400     -0.11198300     -0.79452400      0.13383900      0.59232200     -0.00000000     -0.00000000     -0.00000000      0.00000000      0.00000000      0.00000000      0.52222500     -0.10161400     -0.03537000      0.38808300      0.68820300      0.34886800      0.63612800     -0.26324700      0.93712800     -0.22896600     -0.67685800     -0.01034200      0.73594800      0.02830500      0.00379000     -0.00033000      0.03156000     -0.34589800      0.15216100      0.28835200      0.02838400      0.02659700     -0.01539300     -0.71728100     -0.29566800      0.63094100      0.20231000     -0.95486900     -0.21747100      0.66676600     -0.02834200      0.74472700      0.00642900      0.00525400     -0.00543600      0.08400600     -0.47619500      0.08566300      0.23321800      0.08539100      0.03279000     -0.05548100     -0.58466800      0.19133500     -0.78838600     -0.16938100     -0.97916200     -0.11202200     -0.79339200      0.06804200      0.60489400      0.00000400      0.00001600      0.00001000     -0.00000200      0.00000200     -0.00000700      0.52104100
     0.07838100      0.00352900      0.41436900     -0.55449200      0.23411200     -0.79860900     -0.24564700     -0.96287900     -0.11177500     -0.79444600      0.13389900      0.59241200     -0.00000000     -0.00000100     -0.00000100      0.00000000      0.00000000      0.00000000      0.52226900     -0.10088200     -0.03518700      0.38790300      0.69609500      0.33883100      0.63295900     -0.25651700      0.94081800     -0.22134700     -0.67135400     -0.00873100      0.74099300      0.01452200      0.00002700     -0.00167800      0.01308000     -0.11626700      0.17249700      0.23778400      0.02875000      0.02668900     -0.01547600     -0.72490800     -0.28585600      0.62673300      0.19571200     -0.95780500     -0.21049000      0.66045700     -0.02992700      0.75026600      0.01419100      0.00172800     -0.00031900      0.02327400     -0.19585300      0.41949300      0.17639300      0.08538900      0.03277500     -0.05547100     -0.58478100      0.19115100     -0.78834600     -0.16933600     -0.97919400     -0.11181500     -0.79331800      0.06810800      0.60498300     -0.00037200     -0.00473400      0.00502600     -0.03493500      0.01683200     -0.01637300      0.52136800
     0.07837400      0.00349300      0.41438300     -0.55455300      0.23404500     -0.79858600     -0.24566900     -0.96288600     -0.11166600     -0.79439700      0.13396500      0.59246400     -0.00005400     -0.00016300     -0.00009600      0.00000000      0.00000000      0.00000000      0.52211300     -0.10005700     -0.03497100      0.38769700      0.71425500      0.33242400      0.61589300     -0.24952700      0.94313100     -0.21948500     -0.65470900      0.00264800      0.75578600      0.01435500      0.00091000     -0.00097500      0.09518000     -0.83439700      0.14031000      0.19982500      0.02917300      0.02679800     -0.01558500     -0.74198100     -0.27760900      0.61024200      0.18796600     -0.95987200     -0.20811800      0.64353100     -0.03971400      0.76438800      0.00718000      0.00047100     -0.00049200      0.11123000     -0.96837800      0.08993700      0.12218000      0.08538500      0.03275800     -0.05546400     -0.58483700      0.19107900     -0.78832200     -0.16935500     -0.97920300     -0.11170500     -0.79327300      0.06817700      0.60503500     -0.00003200     -0.00008700     -0.00005000     -0.00000000      0.00000800      0.00000000      0.52120500
     0.07838000      0.00346900      0.41439200     -0.55465400      0.23390100     -0.79855800     -0.24562800     -0.96291500     -0.11150200     -0.79433900      0.13400500      0.59253300     -0.00002700     -0.00008000     -0.00004800      0.00000000      0.00000000      0.00000000      0.52193100     -0.09965100     -0.03486100      0.38761700      0.72702300      0.33133300      0.60137100     -0.24717600      0.94344500     -0.22079000     -0.64141100      0.01143800      0.76702200      0.02678700      0.01349200     -0.01016100      0.15628800     -0.99837800      0.13519700      0.18192800      0.02936600      0.02684800     -0.01562200     -0.75429600     -0.27611000      0.59565000      0.18587800     -0.95995700     -0.20959700      0.62967100     -0.04738000      0.77541500      0.00712700      0.00073700     -0.00027700      0.14864600     -1.22172500     -0.22065500      0.09589000      0.08538800      0.03274500     -0.05546000     -0.58492600      0.19092700     -0.78829300     -0.16931000     -0.97923000     -0.11154200     -0.79321800      0.06822200      0.60510300     -0.00001200     -0.00003000     -0.00001700     -0.01050700      0.07379100     -0.18439600      0.52104100
     0.07838400      0.00344500      0.41438900     -0.55665900      0.23514200     -0.79679500     -0.24582700     -0.96275500     -0.11244500     -0.79287200      0.13298100      0.59472400     -0.00008500     -0.00025500     -0.00015100      0.00853000      0.05610600      0.02195300      0.52193900     -0.09887800     -0.03461200      0.38753500      0.75740900      0.33223700      0.56208800     -0.24458000      0.94256300     -0.22735400     -0.60627300      0.03428600      0.79443000      0.01381500      0.00360300      0.00119200      0.18172600     -1.33293800     -0.05340500      0.16918000      0.02975800      0.02697500     -0.01566900     -0.78408400     -0.27522900      0.55629100      0.18332400     -0.95900900     -0.21608400      0.59296100     -0.06744700      0.80240000      0.01388000      0.00330600      0.00093400      0.20222000     -1.49123300     -0.08123800      0.05996700      0.08539000      0.03273400     -0.05546100     -0.58721400      0.19213200     -0.78629700     -0.16956700     -0.97906400     -0.11260100     -0.79147000      0.06720900      0.60750000     -0.00004200     -0.00012100     -0.00007200      0.00414100      0.02797600      0.01107100      0.52120400
     0.07837000      0.00340800      0.41435600     -0.55663600      0.23516900     -0.79680400     -0.24582200     -0.96275200     -0.11248500     -0.79289000      0.13296000      0.59470500     -0.00061400     -0.00183100     -0.00108400      0.00000200      0.00001000      0.00000400      0.52190700     -0.09836200     -0.03425800      0.38736800      0.78347900      0.35274100      0.51159200     -0.26517900      0.93435400     -0.23790100     -0.56289500      0.05026200      0.82491600      0.01367100      0.00427400      0.00173000     -0.02318200     -1.38906100     -0.53341200      0.14977100      0.03001600      0.02715200     -0.01575100     -0.81125500     -0.29415100      0.50531100      0.20420200     -0.95235300     -0.22654600      0.54787400     -0.08060100      0.83266800     -0.00095300      0.00569900     -0.00421900     -0.57248600     -1.25236700     -1.54170500      0.03694200      0.08538400      0.03271900     -0.05547600     -0.58698300      0.19203300     -0.78649300     -0.16953500     -0.97907800     -0.11252600     -0.79164800      0.06728700      0.60725900     -0.00036100     -0.00107900     -0.00063900     -0.00174400      0.00926400     -0.02728100      0.52136800
     0.07835600      0.00337200      0.41432200     -0.55669100      0.23507000     -0.79679500     -0.24574700     -0.96277900     -0.11241100     -0.79287500      0.13293300      0.59473200     -0.00100700     -0.00300500     -0.00178000     -0.00152400      0.01069300     -0.02671800      0.52181000     -0.09830500     -0.03407400      0.38721600      0.79677700      0.36288300      0.48317100     -0.27524700      0.92980800     -0.24419100     -0.53885600      0.06109600      0.84009800     -0.00159000      0.00990900     -0.00962500      0.26613500     -1.53726900     -0.18992000      0.12578400      0.03004900      0.02724500     -0.01582100     -0.82478700     -0.30409400      0.47670900      0.21516100     -0.94843800     -0.23274500      0.52290600     -0.08939500      0.84768900     -0.00079500      0.00499100     -0.00479200      0.24620800     -1.73227900     -0.15307600      0.01653100      0.08537800      0.03270200     -0.05549100     -0.58701200      0.19194300     -0.78649400     -0.16946500     -0.97909700     -0.11246500     -0.79164200      0.06726500      0.60727000     -0.00032200     -0.00096500     -0.00057200     -0.00002700     -0.00021500     -0.00008100      0.52136800
     0.07831000      0.00323400      0.41424100     -0.55698300      0.23459800     -0.79673000     -0.24548100     -0.96289700     -0.11197900     -0.79275100      0.13291300      0.59490000     -0.00152400     -0.00454500     -0.00269600     -0.01204400      0.08448600     -0.21110900      0.52229100     -0.09851400     -0.03364100      0.38672300      0.82018600      0.38317400      0.42481000     -0.29682400      0.91984800     -0.25634000     -0.49000100      0.08364900      0.86762000     -0.01697500      0.01620600     -0.02044200      0.27717300     -1.46477200      0.14643700      0.08996200      0.02995100      0.02745900     -0.01606400     -0.84909900     -0.32379100      0.41736000      0.23794700     -0.93985600     -0.24505400      0.47160500     -0.10876500      0.87507600     -0.00773100      0.00337400     -0.00522800      0.13913500     -1.59767500     -0.48263900     -0.03539500      0.08535500      0.03263400     -0.05553200     -0.58719500      0.19158000     -0.78644600     -0.16925900     -0.97916900     -0.11215100     -0.79155000      0.06725800      0.60739000     -0.00064000     -0.00191300     -0.00113400      0.00000000     -0.00001100     -0.00000800      0.52120500
     0.07825500      0.00306700      0.41415300     -0.55724400      0.23418600     -0.79666800     -0.24527000     -0.96299700     -0.11158800     -0.79263300      0.13291900      0.59505600     -0.00140600     -0.00419200     -0.00249100      0.00000000      0.00000000      0.00000000      0.52189100     -0.09894500     -0.03268900      0.38571500      0.82321300      0.43113700      0.36936600     -0.35163500      0.89804000     -0.26421800     -0.44664200      0.08706100      0.89039000     -0.00484500      0.03015600     -0.02850600     -1.66733400      0.05580100     -4.35397600      0.05509000      0.02973100      0.02792700     -0.01656700     -0.85672400     -0.36732800      0.36206700      0.28921300     -0.92337500     -0.25245500      0.42705800     -0.11156900      0.89731400     -0.00926600      0.01315200     -0.01494500      0.38055400     -1.50624700      0.14082800     -0.08242300      0.08532700      0.03254700     -0.05557700     -0.58749900      0.19099800     -0.78636100     -0.16894700     -0.97928200     -0.11163400     -0.79139100      0.06726900      0.60759600     -0.00083300     -0.00249000     -0.00147700     -0.00152800      0.01069300     -0.02672500      0.52087800
     0.07818100      0.00291100      0.41404900     -0.55751900      0.23373700     -0.79660800     -0.24499600     -0.96311200     -0.11119400     -0.79252400      0.13287600      0.59521100     -0.00123700     -0.00368600     -0.00219400      0.00000000      0.00000000      0.00000000      0.52237500     -0.09929000     -0.03136900      0.38419600      0.82259300      0.46965600      0.32055400     -0.39535600      0.87762300     -0.27093500     -0.40959300      0.09552300      0.90717800     -0.00688600      0.04442200     -0.05218300     -0.02260900     -0.96919300     -0.90624100      0.02618600      0.02955500      0.02860600     -0.01733200     -0.85629600     -0.41019900      0.31383600      0.33864500     -0.90470500     -0.25850800      0.38996900     -0.11508000      0.91360800     -0.00338200      0.02200600     -0.02624600     -0.01376100     -1.01839100     -0.93925100     -0.12340900      0.08528900      0.03246700     -0.05563100     -0.58773500      0.19052800     -0.78629800     -0.16865900     -0.97937600     -0.11124500     -0.79127700      0.06723400      0.60774900     -0.00074500     -0.00222700     -0.00132400     -0.00000500      0.00000000     -0.00000500      0.52120500
     0.07812900      0.00282100      0.41398400     -0.55769200      0.23345200     -0.79657000     -0.24481500     -0.96318600     -0.11095000     -0.79245800      0.13283900      0.59530700     -0.00175500     -0.00522600     -0.00311400     -0.00152400      0.01069300     -0.02671800      0.52193400     -0.09949200     -0.03059400      0.38316800      0.81910100      0.48873200      0.30034300     -0.41598400      0.86663800     -0.27537200     -0.39588900      0.09998200      0.91276400     -0.02036200      0.03941900     -0.05448800     -1.10502000      0.06288400     -4.49358600      0.01924800      0.02946300      0.02896500     -0.01780300     -0.85479800     -0.42607000      0.29628100      0.35622900     -0.89690100     -0.26204400      0.37738500     -0.11845100      0.91844900     -0.00304900      0.02045700     -0.02749300      0.44971200     -1.14690800      0.64452400     -0.13924800      0.08526500      0.03242700     -0.05566000     -0.58787500      0.19024900     -0.78626100     -0.16848000     -0.97943200     -0.11102100     -0.79121200      0.06720300      0.60783700     -0.00087600     -0.00261200     -0.00155600     -0.00153200      0.01068700     -0.02673200      0.52120500
     0.07804900      0.00265100      0.41387100     -0.55798900      0.23296700     -0.79650500     -0.24452100     -0.96331000     -0.11052300     -0.79234000      0.13279500      0.59547500     -0.00156800     -0.00466600     -0.00278500     -0.00152400      0.01069400     -0.02671800      0.52240900     -0.10022200     -0.02916700      0.38070100      0.80878100      0.51586200      0.28240300     -0.44106700      0.84975300     -0.28864200     -0.38987600      0.10821700      0.91441200     -0.01970200      0.03829800     -0.07300000      0.27719000     -0.42515300      0.56721900     -0.02322100      0.02909300      0.02970500     -0.01904300     -0.84477500     -0.45876100      0.27548600      0.38750900     -0.87948600     -0.27629600      0.36904100     -0.12665400      0.92074200     -0.01747300      0.02227500     -0.04188900      0.19275700     -0.24282100      0.26434900     -0.17500900      0.08522300      0.03233700     -0.05572000     -0.58814000      0.18972200     -0.78619000     -0.16815900     -0.97953700     -0.11058300     -0.79108300      0.06716700      0.60800900     -0.00076200     -0.00227500     -0.00135500     -0.00152500      0.01069900     -0.02672100      0.52153100
     0.07796400      0.00248400      0.41378400     -0.55830400      0.23247800     -0.79642700     -0.24426300     -0.96342800     -0.11006100     -0.79219800      0.13279400      0.59566400     -0.00126500     -0.00376300     -0.00225000      0.00000000      0.00000000      0.00000000      0.52157700     -0.10117500     -0.02785300      0.37758900      0.79625200      0.53412200      0.28405800     -0.45338000      0.83780900     -0.30406600     -0.40138200      0.11263200      0.90888400     -0.01776100      0.02853500     -0.08102200      0.98155300      0.14496700      0.45486800     -0.08668500      0.02860800      0.03037800     -0.02062400     -0.83360500     -0.47708000      0.27838000      0.40016300     -0.86901200     -0.29100900      0.38075000     -0.13118900      0.91532300     -0.00871100      0.01367200     -0.04097400      1.05275000      0.18818600      0.45162600     -0.22448600      0.08518000      0.03225200     -0.05576400     -0.58841300      0.18920900     -0.78611000     -0.16788500     -0.97963500     -0.11012500     -0.79093800      0.06717700      0.60819600     -0.00063100     -0.00187900     -0.00112300     -0.00000700      0.00001200     -0.00000500      0.52087800
     0.07790900      0.00240400      0.41374800     -0.55848300      0.23220700     -0.79638000     -0.24412800     -0.96349200     -0.10979800     -0.79211300      0.13280300      0.59577500     -0.00142100     -0.00422400     -0.00252800     -0.00152500      0.01069300     -0.02671800      0.52140000     -0.10166400     -0.02745200      0.37598200      0.78720400      0.54675000      0.28524700     -0.46465100      0.83005200     -0.30829700     -0.40630700      0.10944100      0.90708300     -0.02916300      0.01084700     -0.07621300     -1.38899600      1.61107100     -4.70051500     -0.14068500      0.02836400      0.03057900     -0.02142700     -0.82627100     -0.48879800      0.27991400      0.41036000     -0.86278600     -0.29530300      0.38585000     -0.12913500      0.91347800     -0.01447300      0.00499100     -0.03854100     -1.38706800      1.59846100     -4.69679400     -0.26579800      0.08515300      0.03221500     -0.05578100     -0.58856000      0.18894400     -0.78606400     -0.16775200     -0.97968500     -0.10988100     -0.79085800      0.06719200      0.60829900     -0.00053700     -0.00160500     -0.00095800     -0.00000800     -0.00001300     -0.00001000      0.52022500
     0.07775700      0.00228500      0.41368900     -0.55886500      0.23163200     -0.79628000     -0.24381700     -0.96363300     -0.10925800     -0.79193800      0.13279100      0.59600900     -0.00109700     -0.00325600     -0.00195100      0.00000000      0.00000000      0.00000000      0.52232000     -0.10274400     -0.02710600      0.37253700      0.78252400      0.54792600      0.29567900     -0.45851900      0.82848800     -0.32140600     -0.42204200      0.11522100      0.89914800     -0.04118800     -0.00258800     -0.08602400      0.07831000      0.31838600     -0.00739700     -0.20324300      0.02783900      0.03075300     -0.02311700     -0.82112700     -0.49161700      0.28993400      0.40601500     -0.86017000     -0.30864000      0.40112600     -0.13571500      0.90591300     -0.01417900      0.00426400     -0.04812200      0.08448300      0.33722200      0.28151900     -0.34303500      0.08507700      0.03215400     -0.05581100     -0.58890200      0.18832000     -0.78595700     -0.16741100     -0.97980600     -0.10933000     -0.79067500      0.06719300      0.60853700     -0.00062200     -0.00185000     -0.00110700     -0.00152900      0.01068200     -0.02671900      0.52038800
     0.07753100      0.00218700      0.41371500     -0.55930800      0.23105100     -0.79613800     -0.24361500     -0.96375600     -0.10861700     -0.79168800      0.13290700      0.59631600     -0.00065900     -0.00195100     -0.00117000      0.00000000      0.00000000      0.00000000      0.52166100     -0.10402500     -0.02686800      0.36898300      0.76761000      0.55259400      0.32466400     -0.44881800      0.82515500     -0.34295100     -0.45836000      0.11682000      0.88097800     -0.02957800      0.01347600     -0.09266000      0.20988800      0.76518100     -0.04565600     -0.19736700      0.02718700      0.03085200     -0.02494200     -0.80676000     -0.49685200      0.31980500      0.39660800     -0.85653800     -0.33021700      0.43799400     -0.13956900      0.88807600     -0.01474200      0.00675200     -0.04628200      0.20114000      0.79515700     -0.02941500     -0.37193700      0.08496400      0.03210400     -0.05579900     -0.58929500      0.18770600     -0.78581000     -0.16718900     -0.97991400     -0.10869200     -0.79042900      0.06732700      0.60884100     -0.00038400     -0.00113500     -0.00067600     -0.00001100      0.00000700     -0.00000100      0.52006100
     0.07732600      0.00208100      0.41381800     -0.55836700      0.23243100     -0.79639700     -0.24339300     -0.96358200     -0.11064400     -0.79242100      0.13176100      0.59559700     -0.00043100     -0.00127400     -0.00076500      0.00000300     -0.00000200      0.00000400      0.52197600     -0.10489700     -0.02705700      0.36629500      0.74083200      0.56394900      0.36485800     -0.44345200      0.81870100     -0.36471000     -0.50530100      0.10766000      0.85612100     -0.01004300     -0.02060500     -0.05204300      0.57014000      1.11323300     -0.36371400     -0.18526700      0.02675500      0.03076300     -0.02626900     -0.78169200     -0.50899400      0.36038900      0.39182900     -0.85038700     -0.35115600      0.48520700     -0.13328500      0.86418000     -0.01201500     -0.01168500     -0.02629000      2.21691000      2.06694500     -0.73741700     -0.36246600      0.08486100      0.03205100     -0.05574700     -0.58845400      0.18918500     -0.78608500     -0.16701100     -0.97971300     -0.11076300     -0.79109300      0.06610600      0.60811200     -0.00021200     -0.00062000     -0.00036900     -0.00289700      0.00178500     -0.00339600      0.52022500
