     0.14991100     -0.05662000      0.30924600      0.09948400      0.23132100     -0.96780100     -0.52301600     -0.81522300     -0.24867000     -0.84662800      0.53062200      0.04108600     -0.00000000     -0.00000000     -0.00000000      0.00000000      0.00000000      0.00000000      0.02674100     -0.15956400     -0.04769000      0.29792600     -0.35806200     -0.36872100      0.85780400      0.83523400     -0.53703900      0.11793200      0.41761500      0.75914600      0.49915700      0.00000400     -0.00040100     -0.00052900      0.00000000      0.00000000      0.00000000      0.53598100      0.04677400      0.01818200     -0.01980100      0.40614100      0.40677500      0.81828000     -0.80469200      0.58354100      0.10931300     -0.43303400     -0.70286000      0.56432800      0.00001400     -0.00085300     -0.00111900      0.00280300      0.00004700      0.00169100     -0.97774500      0.07399900      0.01399600     -0.06320300      0.02959200     -0.28444400     -0.95823500      0.49804500      0.83537500     -0.23259300      0.86664500     -0.47036100      0.16638600     -0.00000000      0.00000100      0.00000600     -0.00001100      0.00000800      0.00004600     -0.34717500
     0.14992300     -0.05662600      0.30923800      0.09948600      0.23132300     -0.96780000     -0.52301600     -0.81522300     -0.24867300     -0.84662800      0.53062200      0.04108500     -0.00006300     -0.00047800     -0.00062000      0.00000000      0.00000000      0.00000000     -0.02572800     -0.15957600     -0.04769100      0.29792600     -0.35803900     -0.36872400      0.85781200      0.83524200     -0.53703000      0.11791400      0.41761800      0.75915100      0.49914700      0.00000000     -0.00000000     -0.00000000      0.00000000      0.00000000      0.00000000      0.53636100      0.04677400      0.01818200     -0.01980100      0.40614100      0.40677500      0.81828000     -0.80469200      0.58354100      0.10931300     -0.43303400     -0.70286000      0.56432800      0.00001400     -0.00085300     -0.00111900      0.00280300      0.00004700      0.00169100     -0.97774500      0.07399900      0.01399600     -0.06320300      0.02959200     -0.28444400     -0.95823500      0.49804500      0.83537500     -0.23259300      0.86664500     -0.47036100      0.16638600     -0.00000000      0.00000100      0.00000600     -0.00001100      0.00000800      0.00004600     -0.34717500
     0.14992300     -0.05662600      0.30923800      0.09948600      0.23132300     -0.96780000     -0.52301600     -0.81522300     -0.24867300     -0.84662800      0.53062200      0.04108500     -0.00000100     -0.00000700     -0.00000900      0.00000000      0.00000000      0.00000000     -0.04979700     -0.15957600     -0.04769100      0.29792600     -0.35803900     -0.36872400      0.85781200      0.83524200     -0.53703000      0.11791400      0.41761800      0.75915100      0.49914700      0.00000000     -0.00000000     -0.00000000      0.00000000      0.00000000      0.00000000      0.53622000      0.04677400      0.01818200     -0.01980100      0.40614100      0.40677500      0.81828000     -0.80469200      0.58354100      0.10931300     -0.43303400     -0.70286000      0.56432800      0.00001400     -0.00085300     -0.00111900      0.00280300      0.00004700      0.00169100     -0.97774500      0.07399900      0.01399600     -0.06320300      0.02959200     -0.28444400     -0.95823500      0.49804500      0.83537500     -0.23259300      0.86664500     -0.47036100      0.16638600     -0.00000000      0.00000100      0.00000600     -0.00001100      0.00000800      0.00004600     -0.34717500
     0.14992200     -0.05662300      0.30922500      0.09948300      0.23131900     -0.96780200     -0.52299400     -0.81523800     -0.24866900     -0.84664100      0.53060100      0.04107900     -0.00000000     -0.00000000     -0.00000000      0.00000000      0.00000000      0.00000000     -0.07306100     -0.15958800     -0.04769700      0.29791900     -0.35799600     -0.36873000      0.85782800      0.83525800     -0.53701300      0.11788100      0.41762300      0.75916100      0.49912800      0.00100400     -0.01083600      0.00853300     -0.03644500      0.00921000     -0.01892500      0.53632500      0.04677400      0.01818200     -0.01980100      0.40614100      0.40677500      0.81828000     -0.80469200      0.58354100      0.10931300     -0.43303400     -0.70286000      0.56432800      0.00001400     -0.00085300     -0.00111900      0.00280300      0.00004700      0.00169100     -0.97774500      0.07399900      0.01399600     -0.06320300      0.02959200     -0.28444400     -0.95823500      0.49804500      0.83537500     -0.23259300      0.86664500     -0.47036100      0.16638600     -0.00000000      0.00000100      0.00000600     -0.00001100      0.00000800      0.00004600     -0.34717500
     0.14992300     -0.05661800      0.30923200      0.09937400      0.23125800     -0.96782700     -0.52300800     -0.81526200     -0.24856000     -0.84664500      0.53059000      0.04113700      0.00000000      0.00000200      0.00000200     -0.00566600      0.09173300     -0.17638400     -0.08033200     -0.15958900     -0.04769400      0.29790600     -0.35799100     -0.36872900      0.85783100      0.83524900     -0.53703100      0.11786400      0.41764600      0.75914800      0.49912800      0.00000100     -0.00005700     -0.00007500      0.00000000      0.00000000      0.00000000      0.53602400      0.04677400      0.01818200     -0.01980100      0.40614100      0.40677500      0.81828000     -0.80469200      0.58354100      0.10931300     -0.43303400     -0.70286000      0.56432800      0.00001400     -0.00085300     -0.00111900      0.00280300      0.00004700      0.00169100     -0.97774500      0.07399900      0.01399600     -0.06320300      0.02959200     -0.28444400     -0.95823500      0.49804500      0.83537500     -0.23259300      0.86664500     -0.47036100      0.16638600     -0.00000000      0.00000100      0.00000600     -0.00001100      0.00000800      0.00004600     -0.34717500
     0.14991100     -0.05660400      0.30923300      0.09938700      0.23126300     -0.96782500     -0.52298500     -0.81527300     -0.24857100     -0.84665800      0.53057100      0.04112200      0.00002000      0.00015200      0.00019800      0.00000000      0.00000000      0.00000000     -0.07643500     -0.15960000     -0.04770000      0.29789900     -0.35794800     -0.36873400      0.85784600      0.83526500     -0.53701300      0.11783000      0.41765200      0.75915800      0.49910900      0.00000200     -0.00015200     -0.00020100      0.00000000      0.00000000      0.00000000      0.53585400      0.04677400      0.01818200     -0.01980100      0.40614100      0.40677500      0.81828000     -0.80469200      0.58354100      0.10931300     -0.43303400     -0.70286000      0.56432800      0.00001400     -0.00085300     -0.00111900      0.00280300      0.00004700      0.00169100     -0.97774500      0.07399900      0.01399600     -0.06320300      0.02959200     -0.28444400     -0.95823500      0.49804500      0.83537500     -0.23259300      0.86664500     -0.47036100      0.16638600     -0.00000000      0.00000100      0.00000600     -0.00001100      0.00000800      0.00004600     -0.34717500
     0.14988800     -0.05659000      0.30923400      0.09687100      0.22986700     -0.96841200     -0.52360500     -0.81564400     -0.24603700     -0.84656400      0.53060900      0.04255100      0.00000000      0.00000100      0.00000200     -0.00000000      0.00000000     -0.00000000     -0.04899700     -0.15961200     -0.04771200      0.29788600     -0.35788400     -0.36874200      0.85787000      0.83528800     -0.53698800      0.11778100      0.41766000      0.75917200      0.49908100      0.00000000     -0.00003600     -0.00004700      0.00000000      0.00000000      0.00000000      0.53612800      0.04677400      0.01818200     -0.01980100      0.40614100      0.40677500      0.81828000     -0.80469200      0.58354100      0.10931300     -0.43303400     -0.70286000      0.56432800      0.00001400     -0.00085300     -0.00111900      0.00280300      0.00004700      0.00169100     -0.97774500      0.07399900      0.01399600     -0.06320300      0.02959200     -0.28444400     -0.95823500      0.49804500      0.83537500     -0.23259300      0.86664500     -0.47036100      0.16638600     -0.00000000      0.00000100      0.00000600     -0.00001100      0.00000800      0.00004600     -0.34717500
     0.14986500     -0.05658300      0.30924300      0.09684800      0.22985300     -0.96841800     -0.52360800     -0.81565000     -0.24601300     -0.84656400      0.53060700      0.04256300      0.00000100      0.00000500      0.00000700     -0.00000000      0.00000000     -0.00000000     -0.01669200     -0.15961200     -0.04770600      0.29789300     -0.35790500     -0.36874000      0.85786200      0.83528000     -0.53699600      0.11779700      0.41765700      0.75916700      0.49909000     -0.00000100      0.00006700      0.00008800      0.00000000      0.00000000      0.00000000      0.53604600      0.04677400      0.01818200     -0.01980100      0.40614100      0.40677500      0.81828000     -0.80469200      0.58354100      0.10931300     -0.43303400     -0.70286000      0.56432800      0.00001400     -0.00085300     -0.00111900      0.00280300      0.00004700      0.00169100     -0.97774500      0.07399900      0.01399600     -0.06320300      0.02959200     -0.28444400     -0.95823500      0.49804500      0.83537500     -0.23259300      0.86664500     -0.47036100      0.16638600     -0.00000000      0.00000100      0.00000600     -0.00001100      0.00000800      0.00004600     -0.34717500
     0.14985200     -0.05658800      0.30923700      0.09680800      0.22983000     -0.96842700     -0.52361300     -0.81565800     -0.24597200     -0.84656600      0.53060300      0.04258300     -0.00003600     -0.00027400     -0.00035600      0.00000000      0.00000000      0.00000000      0.01363800     -0.15962400     -0.04771200      0.29788600     -0.35786100     -0.36874500      0.85787800      0.83529600     -0.53697900      0.11776300      0.41766300      0.75917700      0.49907100     -0.01576700     -0.00131400      0.00014800     -0.00204500      0.01520500     -0.02924500      0.53608600      0.04677400      0.01818200     -0.01980100      0.40614100      0.40677500      0.81828000     -0.80469200      0.58354100      0.10931300     -0.43303400     -0.70286000      0.56432800      0.00001400     -0.00085300     -0.00111900      0.00280300      0.00004700      0.00169100     -0.97774500      0.07399900      0.01399600     -0.06320300      0.02959200     -0.28444400     -0.95823500      0.49804500      0.83537500     -0.23259300      0.86664500     -0.47036100      0.16638600     -0.00000000      0.00000100      0.00000600     -0.00001100      0.00000800      0.00004600     -0.34717500
     0.14986400     -0.05658800      0.30923600      0.09682900      0.22984300     -0.96842200     -0.52361000     -0.81565400     -0.24599400     -0.84656500      0.53060500      0.04257200      0.01594000     -0.00085500     -0.00095900      0.00098400     -0.01471500      0.02955300      0.02708500     -0.15961300     -0.04770400      0.29788000     -0.35789900     -0.36873900      0.85786500      0.83527100     -0.53701400      0.11778000      0.41768000      0.75915500      0.49909000      0.00000000     -0.00000500     -0.00000700      0.00000000      0.00000000      0.00000000      0.53609900      0.04677400      0.01818200     -0.01980100      0.40614100      0.40677500      0.81828000     -0.80469200      0.58354100      0.10931300     -0.43303400     -0.70286000      0.56432800      0.00001400     -0.00085300     -0.00111900      0.00280300      0.00004700      0.00169100     -0.97774500      0.07399900      0.01399600     -0.06320300      0.02959200     -0.28444400     -0.95823500      0.49804500      0.83537500     -0.23259300      0.86664500     -0.47036100      0.16638600     -0.00000000      0.00000100      0.00000600     -0.00001100      0.00000800      0.00004600     -0.34717500
     0.14986400     -0.05658800      0.30923600      0.09546600      0.23041200     -0.96842200     -0.51877100     -0.81874000     -0.24599400     -0.84969200      0.52558300      0.04257200     -0.00000000     -0.00000000     -0.00000000      0.00116800      0.00029700     -0.00005100      0.04907500     -0.15961300     -0.04770400      0.29788000     -0.35789900     -0.36873900      0.85786500      0.83527100     -0.53701400      0.11778000      0.41768000      0.75915500      0.49909000      0.00000000     -0.00000000     -0.00000000      0.00000000      0.00000000      0.00000000      0.53623500      0.04677400      0.01818200     -0.01980100      0.40614100      0.40677500      0.81828000     -0.80469200      0.58354100      0.10931300     -0.43303400     -0.70286000      0.56432800      0.00001400     -0.00085300     -0.00111900      0.00280300      0.00004700      0.00169100     -0.97774500      0.07399900      0.01399600     -0.06320300      0.02959200     -0.28444400     -0.95823500      0.49804500      0.83537500     -0.23259300      0.86664500     -0.47036100      0.16638600     -0.00000000      0.00000100      0.00000600     -0.00001100      0.00000800      0.00004600     -0.34717500
     0.14986400     -0.05658800      0.30923600      0.09546600      0.23041200     -0.96842200     -0.51877100     -0.81874000     -0.24599400     -0.84969200      0.52558300      0.04257200     -0.00000000     -0.00000000     -0.00000000      0.00000000      0.00000000     -0.00000000      0.07226700     -0.15962500     -0.04770400      0.29788000     -0.35787600     -0.36874300      0.85787300      0.83528000     -0.53700500      0.11776200      0.41768300      0.75916000      0.49908000      0.00000000     -0.00000000     -0.00000000      0.00000000      0.00000000      0.00000000      0.53594200      0.04677400      0.01818200     -0.01980100      0.40614100      0.40677500      0.81828000     -0.80469200      0.58354100      0.10931300     -0.43303400     -0.70286000      0.56432800      0.00001400     -0.00085300     -0.00111900      0.00280300      0.00004700      0.00169100     -0.97774500      0.07399900      0.01399600     -0.06320300      0.02959200     -0.28444400     -0.95823500      0.49804500      0.83537500     -0.23259300      0.86664500     -0.47036100      0.16638600     -0.00000000      0.00000100      0.00000600     -0.00001100      0.00000800      0.00004600     -0.34717500
     0.14986400     -0.05660200      0.30923600      0.09543300      0.23039500     -0.96843000     -0.51879700     -0.81873400     -0.24596100     -0.84968000      0.52560100      0.04259800     -0.00001200     -0.00009300     -0.00012100      0.00000000      0.00000000      0.00000000      0.09239100     -0.15963600     -0.04770500      0.29788000     -0.35785300     -0.36874600      0.85788100      0.83528800     -0.53699600      0.11774400      0.41768600      0.75916500      0.49907000      0.00000600     -0.00054900     -0.00072300      0.00000000      0.00000000      0.00000000      0.53471500      0.04677400      0.01818200     -0.01980100      0.40614100      0.40677500      0.81828000     -0.80469200      0.58354100      0.10931300     -0.43303400     -0.70286000      0.56432800      0.00001400     -0.00085300     -0.00111900      0.00280300      0.00004700      0.00169100     -0.97774500      0.07399900      0.01399600     -0.06320300      0.02959200     -0.28444400     -0.95823500      0.49804500      0.83537500     -0.23259300      0.86664500     -0.47036100      0.16638600     -0.00000000      0.00000100      0.00000600     -0.00001100      0.00000800      0.00004600     -0.34717500
     0.14981500     -0.05659700      0.30922500      0.09534600      0.23034200     -0.96845100     -0.51878700     -0.81876700     -0.24587100     -0.84969600      0.52557200      0.04263500     -0.01594200      0.00083900      0.00093700     -0.00098400      0.01471500     -0.02955300      0.18066400     -0.15966000     -0.04771200      0.29787400     -0.35778700     -0.36875400      0.85790500      0.83531300     -0.53696900      0.11769200      0.41769400      0.75918000      0.49904100     -0.01576500     -0.00152700     -0.00013500     -0.00204500      0.01520500     -0.02924500      0.52265200      0.04677400      0.01818200     -0.01980100      0.40614100      0.40677500      0.81828000     -0.80469200      0.58354100      0.10931300     -0.43303400     -0.70286000      0.56432800      0.00001400     -0.00085300     -0.00111900      0.00280300      0.00004700      0.00169100     -0.97774500      0.07399900      0.01399600     -0.06320300      0.02959200     -0.28444400     -0.95823500      0.49804500      0.83537500     -0.23259300      0.86664500     -0.47036100      0.16638600     -0.00000000      0.00000100      0.00000600     -0.00001100      0.00000800      0.00004600     -0.34717500
     0.14970500     -0.05658800      0.30918400      0.09513000      0.23020800     -0.96850400     -0.51874900     -0.81885900     -0.24564700     -0.84974300      0.52548800      0.04272500     -0.00011600     -0.00087300     -0.00113400      0.00000000      0.00000000      0.00000000      0.35377100     -0.15965900     -0.04773100      0.29786700     -0.35773200     -0.36876100      0.85792500      0.83534400     -0.53692700      0.11766300      0.41767900      0.75920600      0.49901300      0.00000400     -0.00036600     -0.00048300      0.00000000      0.00000000      0.00000000      0.48708500      0.04677400      0.01818200     -0.01980100      0.40614100      0.40677500      0.81828000     -0.80469200      0.58354100      0.10931300     -0.43303400     -0.70286000      0.56432800      0.00001400     -0.00085300     -0.00111900      0.00280300      0.00004700      0.00169100     -0.97774500      0.07399900      0.01399600     -0.06320300      0.02959200     -0.28444400     -0.95823500      0.49804500      0.83537500     -0.23259300      0.86664500     -0.47036100      0.16638600     -0.00000000      0.00000100      0.00000600     -0.00001100      0.00000800      0.00004600     -0.34717500
     0.14947300     -0.05657400      0.30911600      0.09331800      0.23048900     -0.96861300     -0.51383800     -0.82208800     -0.24518100     -0.85292000      0.52030000      0.04292200     -0.01615300     -0.00071800     -0.00109400     -0.00180400      0.02801300     -0.05510800      0.48207400     -0.15995100     -0.04790900      0.29773600     -0.35407300     -0.36875400      0.85944400      0.83613800     -0.53638100      0.11446500      0.41920000      0.75959500      0.49714200     -0.01573500     -0.00581100     -0.00579700     -0.00386000      0.02926500     -0.05433400      0.09256000      0.04677400      0.01818200     -0.01980100      0.40614100      0.40677500      0.81828000     -0.80469200      0.58354100      0.10931300     -0.43303400     -0.70286000      0.56432800      0.00001400     -0.00085300     -0.00111900      0.00280300      0.00004700      0.00169100     -0.97774500      0.07399900      0.01399600     -0.06320300      0.02959200     -0.28444400     -0.95823500      0.49804500      0.83537500     -0.23259300      0.86664500     -0.47036100      0.16638600     -0.00000000      0.00000100      0.00000600     -0.00001100      0.00000800      0.00004600     -0.34717500
     0.14942300     -0.05658800      0.30909800      0.09330600      0.23048000     -0.96861700     -0.51384000     -0.82209100     -0.24516800     -0.85292100      0.52029900      0.04292700     -0.00014300     -0.01145900      0.00776300     -0.03561700      0.01264900     -0.01851800      0.50358500     -0.16019900     -0.04801700      0.29760600     -0.35377600     -0.36879900      0.85954700      0.83623600     -0.53628100      0.11421700      0.41925600      0.75964400      0.49702000     -0.01673700      0.00470900     -0.01476100      0.04511500     -0.07701700      0.13771300     -0.16676000      0.04677400      0.01818200     -0.01980100      0.40614100      0.40677500      0.81828000     -0.80469200      0.58354100      0.10931300     -0.43303400     -0.70286000      0.56432800      0.00001400     -0.00085300     -0.00111900      0.00280300      0.00004700      0.00169100     -0.97774500      0.07399900      0.01399600     -0.06320300      0.02959200     -0.28444400     -0.95823500      0.49804500      0.83537500     -0.23259300      0.86664500     -0.47036100      0.16638600     -0.00000000      0.00000100      0.00000600     -0.00001100      0.00000800      0.00004600     -0.34717500
     0.14985600     -0.05658100      0.30909200      0.09752100      0.23290500     -0.96762100     -0.51295800     -0.82135300     -0.24945200     -0.85298600      0.52038100      0.04057400      0.03197400     -0.00102300     -0.00102600      0.00206200     -0.02970700      0.05963500     -0.14947400     -0.16050500     -0.04800800      0.29739500     -0.34647200     -0.37538100      0.85967300      0.84282800     -0.52680400      0.10978500      0.41207900      0.76305400      0.49779800     -0.01677600      0.00936400     -0.00861800      1.00382200      1.61738200     -2.03613100     -1.21321900      0.04677400      0.01818200     -0.01980100      0.40614100      0.40677500      0.81828000     -0.80469200      0.58354100      0.10931300     -0.43303400     -0.70286000      0.56432800      0.00001400     -0.00085300     -0.00111900      0.00280300      0.00004700      0.00169100     -0.97774500      0.07399900      0.01399600     -0.06320300      0.02959200     -0.28444400     -0.95823500      0.49804500      0.83537500     -0.23259300      0.86664500     -0.47036100      0.16638600     -0.00000000      0.00000100      0.00000600     -0.00001100      0.00000800      0.00004600     -0.34717500
     0.14985600     -0.05658100      0.30909200      0.09752100      0.23290500     -0.96762100     -0.51295800     -0.82135300     -0.24945200     -0.85298600      0.52038100      0.04057400      0.03197400     -0.00102300     -0.00102600      0.00206200     -0.02970700      0.05963500     -0.14947400     -0.16050500     -0.04800800      0.29739500     -0.34647200     -0.37538100      0.85967300      0.84282800     -0.52680400      0.10978500      0.41207900      0.76305400      0.49779800     -0.01677600      0.00936400     -0.00861800      1.00382200      1.61738200     -2.03613100     -1.21321900      0.04677400      0.01818200     -0.01980100      0.40614100      0.40677500      0.81828000     -0.80469200      0.58354100      0.10931300     -0.43303400     -0.70286000      0.56432800      0.00001400     -0.00085300     -0.00111900      0.00280300      0.00004700      0.00169100     -0.97774500      0.07399900      0.01399600     -0.06320300      0.02959200     -0.28444400     -0.95823500      0.49804500      0.83537500     -0.23259300      0.86664500     -0.47036100      0.16638600     -0.00000000      0.00000100      0.00000600     -0.00001100      0.00000800      0.00004600     -0.34717500
     0.14985600     -0.05658100      0.30909200      0.09752100      0.23290500     -0.96762100     -0.51295800     -0.82135300     -0.24945200     -0.85298600      0.52038100      0.04057400      0.03197400     -0.00102300     -0.00102600      0.00206200     -0.02970700      0.05963500     -0.14947400     -0.16050500     -0.04800800      0.29739500     -0.34647200     -0.37538100      0.85967300      0.84282800     -0.52680400      0.10978500      0.41207900      0.76305400      0.49779800     -0.01677600      0.00936400     -0.00861800      1.00382200      1.61738200     -2.03613100     -1.21321900      0.04677400      0.01818200     -0.01980100      0.40614100      0.40677500      0.81828000     -0.80469200      0.58354100      0.10931300     -0.43303400     -0.70286000      0.56432800      0.00001400     -0.00085300     -0.00111900      0.00280300      0.00004700      0.00169100     -0.97774500      0.07399900      0.01399600     -0.06320300      0.02959200     -0.28444400     -0.95823500      0.49804500      0.83537500     -0.23259300      0.86664500     -0.47036100      0.16638600     -0.00000000      0.00000100      0.00000600     -0.00001100      0.00000800      0.00004600     -0.34717500
     0.15036900     -0.05654500      0.30858200      0.11873800      0.24042800     -0.96340000     -0.52242500     -0.80992800     -0.26657000     -0.84453100      0.53465400      0.03063300     -0.00065700      0.00547500     -0.01555800      0.03480300      0.00071400     -0.00699800     -1.55118200     -0.15948200     -0.04790800      0.29692200     -0.32756400     -0.38836100      0.86131800      0.86630100     -0.48721100      0.10991300      0.37734400      0.78264000      0.49492300      0.01485000      0.00566400     -0.01728800      0.03412400     -0.00440400      0.02661200     -0.86856300      0.04699300      0.01802200     -0.01990900      0.39435700      0.42238300      0.81613300     -0.82467800      0.55450000      0.11150900     -0.40544700     -0.71702200      0.56700100      0.00764400      0.00272400     -0.00885500      0.04604700     -0.02503600      0.01528100     -0.89577300      0.07397700      0.01398300     -0.06336200      0.02618200     -0.28646200     -0.95773300      0.49760000      0.83467000     -0.23605000      0.86701100     -0.47038800      0.16439700     -0.00067200     -0.00255300     -0.00344300     -0.00109200      0.00124900     -0.00262500     -0.34146000
     0.15025400     -0.05659500      0.30831300      0.12298800      0.24271200     -0.96229400     -0.52088300     -0.80951600     -0.27080600     -0.84488100      0.53424300      0.02805900     -0.00114400      0.00178400     -0.02038800      0.03398400      0.01404100     -0.03254200     -0.80907600     -0.15922000     -0.04787400      0.29664200     -0.33813200     -0.38948500      0.85671500      0.86462500     -0.48791400      0.11956900      0.37183300      0.78164400      0.50063500      0.01485100      0.00603500     -0.01681500     -0.92495200     -1.64355400      2.07983300     -0.29895200      0.04712100      0.01803400     -0.02004700      0.40234400      0.42256200      0.81213200     -0.82295900      0.55557400      0.11863600     -0.40106900     -0.71608500      0.57128400      0.00756000      0.00240200     -0.00926800      0.03718500     -0.01865600      0.02822600     -0.75665000      0.07391500      0.01396400     -0.06349900      0.02196200     -0.28901500     -0.95707100      0.49663800      0.83398600     -0.24045000      0.86767900     -0.47003800      0.16185200     -0.00077800      0.00068500     -0.01052500      0.03211200      0.01679800     -0.03807200     -0.18061800
     0.14989800     -0.05666100      0.30743900      0.11500000      0.23823500     -0.96439900     -0.52203000     -0.81143000     -0.26275100     -0.84528900      0.53336100      0.03225000     -0.00158200     -0.00143400     -0.02467700     -0.08727500      0.29168900     -0.55469700      0.10931500     -0.15845000     -0.04763800      0.29596200     -0.36703400     -0.39038800      0.84431900      0.85978700     -0.48868400      0.14794100      0.35528900      0.78071200      0.51392700      0.01486100      0.00589500     -0.01704400     -0.26476200     -0.40091900      0.46438300      0.31390400      0.04750800      0.01815100     -0.02038900      0.43263800      0.42047100      0.79751300     -0.81630500      0.55819500      0.14853700     -0.38271300     -0.71527700      0.58472900      0.01537500      0.00356000     -0.00869300     -0.92009500     -1.54848900      1.90210300     -0.46076700      0.07373100      0.01392800     -0.06394100      0.02980600     -0.28407400     -0.95833800      0.49659400      0.83627800     -0.23244700      0.86747000     -0.46897700      0.16599600     -0.00086500     -0.00095100     -0.01265800     -0.10619800      0.32578900     -0.62111500      0.12865400
     0.14949100     -0.05656600      0.30641300      0.09517400      0.22726600     -0.96919400     -0.52609500     -0.81500400     -0.24282600     -0.84520900      0.53271200      0.04320100     -0.00155800     -0.00114900     -0.02439200     -0.38673200      1.20521700     -2.27332000      0.46499200     -0.15707600     -0.04731700      0.29531800     -0.40215100     -0.39195100      0.82743000      0.85028200     -0.49490000      0.17896300      0.33983400      0.77599900      0.53122600      0.04643900      0.00956300     -0.01612500     -0.92070100     -1.67054000      2.12724800      0.52734200      0.04820200      0.01831100     -0.02072000      0.46685500      0.41842100      0.77908200     -0.80495400      0.56586600      0.17845000     -0.36618900     -0.71043500      0.60098700      0.02324100      0.00486400     -0.00797900     -0.90841400     -1.65252900      2.10580300     -0.15574000      0.07352700      0.01397200     -0.06445000      0.04720100     -0.27319600     -0.96079900      0.49752100      0.84050100     -0.21454800      0.86616600     -0.46789100      0.17559300     -0.00874100      0.00529100     -0.01597400      0.07104400      0.00350500     -0.01933900      0.43482400
     0.14946200     -0.05647500      0.30584700      0.08504000      0.22289200     -0.97115000     -0.52301100     -0.81957000     -0.23395600     -0.84818500      0.52753700      0.04808600     -0.00149500      0.00975100     -0.03292400     -0.35096600      1.19352400     -2.25432200      0.35210300     -0.15630500     -0.04723900      0.29501300     -0.41770800     -0.39342800      0.81897800      0.84639600     -0.49608200      0.19352000      0.33064700      0.77449700      0.53915600      0.04755800     -0.00450000     -0.01198100     -0.28604700     -0.50691400      0.65074100      0.46436500      0.04856900      0.01835900     -0.02085900      0.48201400      0.41818800      0.76992200     -0.80032600      0.56776600      0.19266300     -0.35656600     -0.70905600      0.60835900      0.02378700     -0.00177500     -0.00537900     -0.94627200     -1.64759500      2.08683500     -0.00861600      0.07351200      0.01401200     -0.06473200      0.05722600     -0.26818100     -0.96166700      0.49302100      0.84518900     -0.20636000      0.86813200     -0.46231300      0.18058600      0.00727900      0.00464700     -0.01667200      0.08423600     -0.21202500      0.39207800      0.52822600
     0.15122300     -0.05624500      0.30480700      0.08320700      0.22220300     -0.97146700     -0.50858300     -0.82881700     -0.23319000     -0.85709500      0.51319400      0.04525300      0.06328100      0.01252000     -0.02875800      0.08070400     -0.18125200      0.32879500     -1.32231800     -0.15594100     -0.04782400      0.29402500     -0.41886000     -0.39897700      0.81569900      0.85450100     -0.47694200      0.20564200      0.30750000      0.78364000      0.53964400     -0.01535600     -0.02382800     -0.03016800     -0.51364300      0.11150500     -0.04983700     -0.55201800      0.04877500      0.01808900     -0.02132600      0.48390700      0.42390900      0.76559400     -0.80888600      0.55053000      0.20644200     -0.33397000     -0.71917800      0.60930000     -0.00816700     -0.00730200     -0.02043500     -1.51704100     -0.10204900     -0.41621100      0.02730800      0.07434300      0.01411800     -0.06525500      0.06170100     -0.26542600     -0.96215400      0.47819300      0.85401100     -0.20492700      0.87608400     -0.44745100      0.17961800      0.02361600      0.00107700     -0.00986800      0.04713400     -0.21722800      0.44613000      0.50079300
     0.15242900     -0.05575900      0.30416900      0.08732800      0.22579400     -0.97027600     -0.50134200     -0.83165200     -0.23871200     -0.86094800      0.50700100      0.04177900      0.00018400      0.01214100     -0.00684100      0.03642600     -0.02616700      0.04395200     -1.91266900     -0.15624400     -0.04796100      0.29260100     -0.37658900     -0.40771200      0.83183100      0.87368000     -0.45470200      0.17280600      0.30823200      0.79233000      0.52637300      0.01398600      0.01170900     -0.03266300      1.04937000      1.49822600     -1.84216000     -1.39565100      0.04861400      0.01797100     -0.02206900      0.44500000      0.43661100      0.78188500     -0.83079700      0.52719300      0.17844800     -0.33429200     -0.72899800      0.59733600      0.00701100      0.00595600     -0.01619100      0.17256400      0.00580000      0.02332600     -0.27918800      0.07499300      0.01435700     -0.06559600      0.05725200     -0.26980100     -0.96121200      0.47157900      0.85592100     -0.21215900      0.87996300     -0.44114100      0.17623600      0.00807500      0.01082600     -0.00855300      0.06584200      0.05362900     -0.10846500      0.17519200
     0.15338000     -0.05509700      0.30358800      0.09897500      0.23389300     -0.96723500     -0.49159700     -0.83356800     -0.25192900     -0.86531100      0.50012900      0.03368000      0.03193900      0.01990400     -0.01933800      0.49364700     -1.34247500      2.50410600     -1.91609100     -0.15648800     -0.04693500      0.29136000     -0.34927800     -0.40901300      0.84303300      0.87849100     -0.45579300      0.14296800      0.32618900      0.79103300      0.51742700     -0.01993500      0.03773800     -0.03978200      0.15376200      0.11452000     -0.37612100     -1.40675300      0.04850300      0.01848100     -0.02269600      0.41667600      0.44044000      0.79523100     -0.83729100      0.52661200      0.14704900     -0.35401200     -0.72711200      0.58820300     -0.00943200      0.01384500     -0.01508000      0.11401900      0.10999100     -0.36893000     -0.57115200      0.07545800      0.01469500     -0.06586900      0.04824500     -0.27703200     -0.95964800      0.46384800      0.85709900     -0.22411000      0.88460000     -0.43431800      0.16985100      0.01599300      0.00466700     -0.00522000      0.05260500     -0.12786600      0.24195900     -0.13685600
     0.15407500     -0.05483500      0.30331800      0.10819500      0.24232800     -0.96416600     -0.47795100     -0.83768600     -0.26422800     -0.87184000      0.48910700      0.02638600      0.03195700      0.00945300     -0.01028300      0.04919800     -0.07678700      0.14268000     -1.88672900     -0.15706500     -0.04632300      0.29073800     -0.34035600     -0.40895900      0.84670000      0.88081700     -0.45371100      0.13506200      0.32932700      0.79225800      0.51355000     -0.03579800      0.03948700     -0.03541000      0.01757400      0.14308700     -0.31812300     -1.40245700      0.04822100      0.01878500     -0.02301000      0.40801300      0.44119100      0.79929700     -0.84012000      0.52414300      0.13953900     -0.35738300     -0.72843900      0.58451000     -0.01736100      0.01433800     -0.01340800     -0.25276100     -0.33409600      0.33068600     -0.71958300      0.07580500      0.01483100     -0.06600600      0.03683000     -0.28763200     -0.95703200      0.45136400      0.85921700     -0.24086400      0.89157800     -0.42309900      0.16147200      0.02397400      0.00976500     -0.00991700      0.11815600     -0.28137200      0.51921600     -0.29230900
     0.15523600     -0.05441000      0.30285100      0.08524100      0.23174500     -0.96905800     -0.48247000     -0.84131400     -0.24369000     -0.87186900      0.48802200      0.04130000      0.01581600      0.00896300     -0.01103200     -0.09181300      0.37009100     -0.67570700     -1.05875400     -0.15835000     -0.04464500      0.28962000     -0.35888500     -0.41405100      0.83651300      0.87831800     -0.45293800      0.15276600      0.31606400      0.79005800      0.52514300     -0.03576400      0.04506300     -0.02787400     -0.84682800     -1.55007000      1.87427900     -1.12632800      0.04759200      0.01960700     -0.02355900      0.42422800      0.44400600      0.78923300     -0.83739300      0.52408100      0.15527800     -0.34467700     -0.72677200      0.59413700     -0.01838700      0.02830300     -0.01770100      0.08073700     -0.06070400      0.04313800     -0.98542000      0.07638000      0.01504300     -0.06623100      0.05755100     -0.27721100     -0.95908300      0.45276800      0.86344500     -0.22240000      0.88976800     -0.42144300      0.17520400      0.00788900      0.00425700     -0.00583000      0.03714300     -0.09705100      0.13974200     -0.56859700
     0.15628800     -0.05392200      0.30234600      0.05508300      0.21674600     -0.97469600     -0.48873200     -0.84534400     -0.21565600     -0.87077100      0.48797000      0.06057800      0.03194800      0.02105400     -0.01796200     -0.35174200      1.06036500     -1.97683200     -0.55097200     -0.15988600     -0.04288200      0.28845300     -0.37956000     -0.42845100      0.81997300      0.88308900     -0.43186000      0.18326100      0.27605100      0.79419200      0.54121800     -0.03560800      0.04441700     -0.02885200     -0.15604500      0.20784200      0.43711900     -0.81258200      0.04681000      0.02051200     -0.02414400      0.44666800      0.45792700      0.76862800     -0.84194200      0.50577400      0.18794600     -0.30268700     -0.73109000      0.61146200     -0.02566700      0.02131600     -0.01464800     -0.53518500      0.14698500      0.35673600     -0.90230500      0.07691200      0.01528200     -0.06649100      0.08732000     -0.25993800     -0.96166800      0.45502500      0.86917300     -0.19362000      0.88618600     -0.42067600      0.19417400      0.01602300      0.00534600     -0.00439200      0.03904000     -0.12161800      0.20829100     -0.33215200
     0.15733000     -0.05337100      0.30185200      0.03650300      0.20533100     -0.97803500     -0.49285200     -0.84764000     -0.19640400     -0.86940200      0.48893600      0.07147200      0.03186600      0.02078900     -0.01837000      0.04527600     -0.12756700      0.22887900     -0.40714400     -0.16201300     -0.04101000      0.28708100     -0.39889300     -0.45215700      0.79776600      0.89369200     -0.38632500      0.22804000      0.20557000      0.80447400      0.55715900     -0.05214500      0.05192800     -0.04017500     -2.29187200     -1.78733700      1.97625600     -0.58756200      0.04575300      0.02145100     -0.02481800      0.46447700      0.47752500      0.74580800     -0.85379400      0.46508500      0.23394500     -0.23515000     -0.74542900      0.62372900     -0.03395000      0.02530700     -0.01998300     -4.25176800     -1.47323300     -2.50515600     -0.72350200      0.07743300      0.01555900     -0.06673500      0.10748500     -0.24579200     -0.96334400      0.45655300      0.87295200     -0.17178900      0.88317800     -0.42135400      0.20604600      0.00799800      0.00541700     -0.00431800     -0.09862900      0.19969000     -0.37848100     -0.17408700
