     0.14566400     -0.07315800      0.29032200     -0.39092600      0.42464300     -0.81664000     -0.72063600     -0.69312000     -0.01551000     -0.57213700      0.58190600      0.57799000     -0.00050000     -0.00318800     -0.00503500     -0.00083500      0.01311400     -0.02564900     -1.07227800     -0.16264800     -0.07047700      0.27423100     -0.58531100     -0.57323800      0.57341100      0.80931800     -0.45462000      0.37183200      0.04826100      0.68242200      0.72927000     -0.00001100     -0.00069700     -0.00118200      0.00000000      0.00000000      0.00000000     -1.40503000      0.04583000      0.01917600     -0.01821100      0.63465700      0.54279700      0.55007300     -0.77202700      0.47701500      0.42003400     -0.03440000     -0.69125000      0.72179500      0.00000400      0.00000200      0.00000800      0.00001300     -0.00000700      0.00001300      0.52011900      0.07595200      0.01319000     -0.05861400      0.40997000     -0.43007900     -0.80433600      0.69257400      0.72062200     -0.03231200      0.59351900     -0.54381600      0.59329500      0.00000500      0.00003700      0.00005600      0.00000100     -0.00000400      0.00000200      0.52022500
     0.14587100     -0.07313500      0.28998100     -0.39180000      0.42943700     -0.81370900     -0.72053000     -0.69314400     -0.01893900     -0.57167100      0.57834500      0.58201100      0.01636800      0.00715000     -0.01383300      0.15582300      0.38743400      0.22400900     -1.89433500     -0.16268500     -0.07034600      0.27411300     -0.57485700     -0.57905300      0.57812400      0.81697300     -0.44430400      0.36753600      0.04475200      0.68431200      0.72772000     -0.00000600     -0.00037100     -0.00063000      1.00106000      1.89124500     -1.74957500     -1.40774800      0.04583000      0.01917600     -0.01821100      0.63465700      0.54279700      0.55007300     -0.77202700      0.47701500      0.42003400     -0.03440000     -0.69125000      0.72179500      0.00000400      0.00000200      0.00000800      0.00001300     -0.00000700      0.00001300      0.52011900      0.07595200      0.01319000     -0.05861400      0.40997000     -0.43007900     -0.80433600      0.69257400      0.72062200     -0.03231200      0.59351900     -0.54381600      0.59329500      0.00000500      0.00003700      0.00005600      0.00000100     -0.00000400      0.00000200      0.52022500
     0.14584500     -0.07299300      0.28983900     -0.39226100      0.43179800     -0.81223600     -0.72033000     -0.69330100     -0.02075900     -0.57160700      0.57639500      0.58400500      0.00000400      0.01033300     -0.00927200      0.06745000      0.09387800      0.07204900     -1.91707200     -0.16270200     -0.07032900      0.27404400     -0.57319500     -0.57850000      0.58032400      0.81802000     -0.44401500      0.36555100      0.04691100      0.68496800      0.72696700     -0.00001700     -0.00103000     -0.00175000      0.00000600      0.00001100     -0.00001000     -1.40849800      0.04583000      0.01917600     -0.01821100      0.63465700      0.54279700      0.55007300     -0.77202700      0.47701500      0.42003400     -0.03440000     -0.69125000      0.72179500      0.00000400      0.00000200      0.00000800      0.00001300     -0.00000700      0.00001300      0.52011900      0.07595200      0.01319000     -0.05861400      0.40997000     -0.43007900     -0.80433600      0.69257400      0.72062200     -0.03231200      0.59351900     -0.54381600      0.59329500      0.00000500      0.00003700      0.00005600      0.00000100     -0.00000400      0.00000200      0.52022500
     0.14584200     -0.07276100      0.28957300     -0.38993500      0.43487600     -0.81171400     -0.72001000     -0.69346700     -0.02570800     -0.57359900      0.57387400      0.58453500     -0.00018900     -0.00120600     -0.00190900      0.42685800     -0.41696600      0.57490600     -1.91942800     -0.16270700     -0.07033900      0.27390600     -0.56616800     -0.58525300      0.58045000      0.82330600     -0.43430300      0.36535000      0.03896900      0.68546600      0.72696700     -0.00001500     -0.00093600     -0.00159100     -0.00000000     -0.00000000     -0.00000000     -1.40846600      0.04583000      0.01917600     -0.01821100      0.63465700      0.54279700      0.55007300     -0.77202700      0.47701500      0.42003400     -0.03440000     -0.69125000      0.72179500      0.00000400      0.00000200      0.00000800      0.00001300     -0.00000700      0.00001300      0.52011900      0.07595200      0.01319000     -0.05861400      0.40997000     -0.43007900     -0.80433600      0.69257400      0.72062200     -0.03231200      0.59351900     -0.54381600      0.59329500      0.00000500      0.00003700      0.00005600      0.00000100     -0.00000400      0.00000200      0.52022500
     0.14583700     -0.07273000      0.28946700     -0.38981400      0.43490900     -0.81175400     -0.71993000     -0.69354200     -0.02592200     -0.57378200      0.57375800      0.58446900     -0.00007800     -0.00049900     -0.00079000      0.00000000      0.00000000      0.00000000     -1.92006300     -0.16273300     -0.07035400      0.27386300     -0.56606400     -0.58526100      0.58054500      0.82337600     -0.43424200      0.36526600      0.03902200      0.68549800      0.72693400      0.00095900     -0.01097700      0.00824700     -0.04885800      0.10391100     -0.19336900     -1.40838000      0.04583000      0.01917600     -0.01821100      0.63465700      0.54279700      0.55007300     -0.77202700      0.47701500      0.42003400     -0.03440000     -0.69125000      0.72179500      0.00000400      0.00000200      0.00000800      0.00001300     -0.00000700      0.00001300      0.52011900      0.07595200      0.01319000     -0.05861400      0.40997000     -0.43007900     -0.80433600      0.69257400      0.72062200     -0.03231200      0.59351900     -0.54381600      0.59329500      0.00000500      0.00003700      0.00005600      0.00000100     -0.00000400      0.00000200      0.52038800
     0.14586300     -0.07272700      0.28947300     -0.38988400      0.43488100     -0.81173500     -0.71990400     -0.69357100     -0.02586400     -0.57376600      0.57374400      0.58449800      0.00015300      0.00098000      0.00155200      0.00000000      0.00000000      0.00000000     -1.91982400     -0.16272000     -0.07033000      0.27392200     -0.56640300     -0.58523600      0.58023900      0.82314800     -0.43447900      0.36549700      0.03890000      0.68536900      0.72706200      0.00002000      0.00118700      0.00201800      0.00000000      0.00000000      0.00000000     -1.40682400      0.04583000      0.01917600     -0.01821100      0.63465700      0.54279700      0.55007300     -0.77202700      0.47701500      0.42003400     -0.03440000     -0.69125000      0.72179500      0.00000400      0.00000200      0.00000800      0.00001300     -0.00000700      0.00001300      0.52011900      0.07595200      0.01319000     -0.05861400      0.40997000     -0.43007900     -0.80433600      0.69257400      0.72062200     -0.03231200      0.59351900     -0.54381600      0.59329500      0.00000500      0.00003700      0.00005600      0.00000100     -0.00000400      0.00000200      0.52055100
     0.14586500     -0.07272100      0.28950200     -0.38984100      0.43490000     -0.81174600     -0.71993600     -0.69353800     -0.02588500     -0.57375600      0.57377000      0.58448200      0.00017500      0.01142500     -0.00754700      0.03561700     -0.01263500      0.01852800     -1.91914800     -0.16271800     -0.07032000      0.27398000     -0.56982000     -0.58187700      0.58027200      0.82059000     -0.43928000      0.36551200      0.04292500      0.68516400      0.72702800      0.00002100      0.00129200      0.00219500      0.93609200      0.58964200      1.17283900     -1.40538100      0.04583000      0.01917600     -0.01821100      0.63465700      0.54279700      0.55007300     -0.77202700      0.47701500      0.42003400     -0.03440000     -0.69125000      0.72179500      0.00000400      0.00000200      0.00000800      0.00001300     -0.00000700      0.00001300      0.52011900      0.07595200      0.01319000     -0.05861400      0.40997000     -0.43007900     -0.80433600      0.69257400      0.72062200     -0.03231200      0.59351900     -0.54381600      0.59329500      0.00000500      0.00003700      0.00005600      0.00000100     -0.00000400      0.00000200      0.52038800
     0.14587900     -0.07275100      0.28954900     -0.38999200      0.43485100     -0.81170000     -0.71995800     -0.69352100     -0.02569100     -0.57362500      0.57382700      0.58455500     -0.00002700     -0.01048200      0.00904000     -4.51059600     -0.12900500      3.20417600     -1.82838800     -0.16256200     -0.07027600      0.27413500     -0.58056700     -0.57611200      0.57535000      0.81282100     -0.45005300      0.36974200      0.04664400      0.68303200      0.72880300      0.00003300      0.00205900      0.00349300     -0.02698900     -0.05108100      0.04724200     -0.78497000      0.04583000      0.01917600     -0.01821100      0.63465700      0.54279700      0.55007300     -0.77202700      0.47701500      0.42003400     -0.03440000     -0.69125000      0.72179500      0.00000400      0.00000200      0.00000800      0.00001300     -0.00000700      0.00001300      0.52011900      0.07595200      0.01319000     -0.05861400      0.40997000     -0.43007900     -0.80433600      0.69257400      0.72062200     -0.03231200      0.59351900     -0.54381600      0.59329500      0.00000500      0.00003700      0.00005600      0.00000100     -0.00000400      0.00000200      0.52038800
     0.14572300     -0.07280600      0.28972800     -0.39939800      0.42231800     -0.81374100     -0.70745900     -0.70646600     -0.01947600     -0.58261600      0.56738100      0.58194900     -0.01643500      0.00268700      0.00377200     -0.05467200     -0.20102400     -0.14605700     -0.57114200     -0.16222700     -0.07026300      0.27429400     -0.59096600     -0.57019000      0.57064300      0.80507500     -0.46044600      0.37386800      0.05030700      0.68106300      0.73040200      0.00001800      0.00120200      0.00203700      0.27616900      0.18093700      0.35348600     -0.11441400      0.04583000      0.01917600     -0.01821100      0.63465700      0.54279700      0.55007300     -0.77202700      0.47701500      0.42003400     -0.03440000     -0.69125000      0.72179500      0.00000400      0.00000200      0.00000800      0.00001300     -0.00000700      0.00001300      0.52011900      0.07595200      0.01319000     -0.05861400      0.40997000     -0.43007900     -0.80433600      0.69257400      0.72062200     -0.03231200      0.59351900     -0.54381600      0.59329500      0.00000500      0.00003700      0.00005600      0.00000100     -0.00000400      0.00000200      0.52038800
     0.14566600     -0.07283600      0.28985200     -0.40066800      0.41695300     -0.81588100     -0.70747500     -0.70658500     -0.01373200     -0.58172400      0.57119100      0.57910700      0.00022600      0.00144000      0.00227600     -0.12043400     -0.40248100     -0.20240000     -0.17334200     -0.16214800     -0.07029000      0.27433800     -0.59104800     -0.57018200      0.57056600      0.80502300     -0.46041800      0.37401500      0.05017400      0.68108900      0.73038600      0.00000300      0.00019200      0.00032600      0.00000000      0.00000000      0.00000000      0.05403800      0.04583000      0.01917600     -0.01821100      0.63465700      0.54279700      0.55007300     -0.77202700      0.47701500      0.42003400     -0.03440000     -0.69125000      0.72179500      0.00000400      0.00000200      0.00000800      0.00001300     -0.00000700      0.00001300      0.52011900      0.07595200      0.01319000     -0.05861400      0.40997000     -0.43007900     -0.80433600      0.69257400      0.72062200     -0.03231200      0.59351900     -0.54381600      0.59329500      0.00000500      0.00003700      0.00005600      0.00000100     -0.00000400      0.00000200      0.52022500
     0.14567400     -0.07286600      0.29001500     -0.39886500      0.40987300     -0.82033900     -0.70746800     -0.70666600     -0.00915800     -0.58297100      0.57619800      0.57286000      0.00018900     -0.00908900      0.01123700     -0.16726500     -0.42752400     -0.23971500      0.20879100     -0.16228300     -0.07037700      0.27433000     -0.58927200     -0.56968900      0.57289100      0.80620000     -0.45984900      0.37217400      0.05215000      0.68188400      0.72950400     -0.01680500     -0.00180900     -0.00078500     -0.00204500      0.01520500     -0.02924500      0.24849200      0.04583000      0.01917600     -0.01821100      0.63465700      0.54279700      0.55007300     -0.77202700      0.47701500      0.42003400     -0.03440000     -0.69125000      0.72179500      0.00000400      0.00000200      0.00000800      0.00001300     -0.00000700      0.00001300      0.52011900      0.07595200      0.01319000     -0.05861400      0.40997000     -0.43007900     -0.80433600      0.69257400      0.72062200     -0.03231200      0.59351900     -0.54381600      0.59329500      0.00000500      0.00003700      0.00005600      0.00000100     -0.00000400      0.00000200      0.52022500
     0.14554300     -0.07285100      0.29013100     -0.39970600      0.41215300     -0.81878600     -0.70751500     -0.70660300     -0.01036100     -0.58233600      0.57464600      0.57505900      0.00019100      0.00121500      0.00191900      0.00358900      0.00872200      0.00368600      0.45589300     -0.16237100     -0.07035100      0.27436500     -0.59084700     -0.57021300      0.57074300      0.80517400     -0.46017800      0.37398500      0.05012500      0.68122400      0.73026300      0.00002300      0.00149900      0.00254000      0.00179900     -0.01371100      0.02528200      0.42418300      0.04583000      0.01917600     -0.01821100      0.63465700      0.54279700      0.55007300     -0.77202700      0.47701500      0.42003400     -0.03440000     -0.69125000      0.72179500      0.00000400      0.00000200      0.00000800      0.00001300     -0.00000700      0.00001300      0.52011900      0.07595200      0.01319000     -0.05861400      0.40997000     -0.43007900     -0.80433600      0.69257400      0.72062200     -0.03231200      0.59351900     -0.54381600      0.59329500      0.00000500      0.00003700      0.00005600      0.00000100     -0.00000400      0.00000200      0.52038800
     0.14547100     -0.07285900      0.29019300     -0.39982300      0.41211100     -0.81875000     -0.70753300     -0.70658600     -0.01020700     -0.58223400      0.57469600      0.57511300      0.00009900      0.00062800      0.00099100      0.00004500      0.00015000      0.00007500      0.51285600     -0.16237100     -0.07032500      0.27441000     -0.59094200     -0.57020300      0.57065600      0.80510700     -0.46024900      0.37404500      0.05009500      0.68118500      0.73030200      0.00002200      0.00142300      0.00241000     -0.00000000     -0.00000000      0.00000000      0.49023700      0.04583000      0.01917600     -0.01821100      0.63465700      0.54279700      0.55007300     -0.77202700      0.47701500      0.42003400     -0.03440000     -0.69125000      0.72179500      0.00000400      0.00000200      0.00000800      0.00001300     -0.00000700      0.00001300      0.52011900      0.07595200      0.01319000     -0.05861400      0.40997000     -0.43007900     -0.80433600      0.69257400      0.72062200     -0.03231200      0.59351900     -0.54381600      0.59329500      0.00000500      0.00003700      0.00005600      0.00000100     -0.00000400      0.00000200      0.52055100
     0.14547100     -0.07285900      0.29019300     -0.39982300      0.41211100     -0.81875000     -0.70753300     -0.70658600     -0.01020700     -0.58223400      0.57469600      0.57511300      0.00009900      0.00062800      0.00099100      0.00004500      0.00015000      0.00007500      0.51285600     -0.16237100     -0.07032500      0.27441000     -0.59094200     -0.57020300      0.57065600      0.80510700     -0.46024900      0.37404500      0.05009500      0.68118500      0.73030200      0.00002200      0.00142300      0.00241000     -0.00000000     -0.00000000      0.00000000      0.49023700      0.04583000      0.01917600     -0.01821100      0.63465700      0.54279700      0.55007300     -0.77202700      0.47701500      0.42003400     -0.03440000     -0.69125000      0.72179500      0.00000400      0.00000200      0.00000800      0.00001300     -0.00000700      0.00001300      0.52011900      0.07595200      0.01319000     -0.05861400      0.40997000     -0.43007900     -0.80433600      0.69257400      0.72062200     -0.03231200      0.59351900     -0.54381600      0.59329500      0.00000500      0.00003700      0.00005600      0.00000100     -0.00000400      0.00000200      0.52055100
     0.14547100     -0.07285900      0.29019300     -0.39982300      0.41211100     -0.81875000     -0.70753300     -0.70658600     -0.01020700     -0.58223400      0.57469600      0.57511300      0.00009900      0.00062800      0.00099100      0.00004500      0.00015000      0.00007500      0.51285600     -0.16237100     -0.07032500      0.27441000     -0.59094200     -0.57020300      0.57065600      0.80510700     -0.46024900      0.37404500      0.05009500      0.68118500      0.73030200      0.00002200      0.00142300      0.00241000     -0.00000000     -0.00000000      0.00000000      0.49023700      0.04583000      0.01917600     -0.01821100      0.63465700      0.54279700      0.55007300     -0.77202700      0.47701500      0.42003400     -0.03440000     -0.69125000      0.72179500      0.00000400      0.00000200      0.00000800      0.00001300     -0.00000700      0.00001300      0.52011900      0.07595200      0.01319000     -0.05861400      0.40997000     -0.43007900     -0.80433600      0.69257400      0.72062200     -0.03231200      0.59351900     -0.54381600      0.59329500      0.00000500      0.00003700      0.00005600      0.00000100     -0.00000400      0.00000200      0.52055100
     0.14569400     -0.07296500      0.29022300     -0.39705500      0.41462400     -0.81882800     -0.71198300     -0.70210000     -0.01033700     -0.57869900      0.57836900      0.57499900     -0.00015500     -0.00098700     -0.00155800      0.00000000      0.00000000      0.00000000      0.52077800     -0.16230600     -0.07040200      0.27435100     -0.59230900     -0.57074600      0.56869100      0.80422500     -0.46033900      0.37582300      0.04802500      0.68066900      0.73092200     -0.00002400     -0.00162400     -0.00275300     -0.00179900      0.01370800     -0.02528300      0.53636800      0.04580400      0.01916600     -0.01827000      0.63592700      0.54341500      0.54799200     -0.77107100      0.47713900      0.42164700     -0.03233900     -0.69067800      0.72243700     -0.00009300     -0.00048100     -0.00080200      0.00113100      0.00244400     -0.00261600      0.52011900      0.07605400      0.01318300     -0.05868200      0.40969900     -0.43017900     -0.80442000      0.69257600      0.72060600     -0.03262200      0.59370300     -0.54375700      0.59316400     -0.00007100     -0.00064600     -0.00098000      0.00017200      0.00001800     -0.00012000      0.52022500
     0.14567300     -0.07303200      0.29015600     -0.39208400      0.41594100     -0.82055400     -0.71204100     -0.70194400     -0.01564800     -0.58201100      0.57761200      0.57241100     -0.00020700     -0.00132000     -0.00208500      0.00000100     -0.00000100      0.00000100      0.52065300     -0.16215600     -0.07044400      0.27423900     -0.59415100     -0.57122900      0.56628000      0.80298700     -0.46088000      0.37780200      0.04591200      0.67989800      0.73177500     -0.00002500     -0.00174200     -0.00295700     -0.00179900      0.01370900     -0.02528300      0.53635200      0.04587600      0.01914400     -0.01832800      0.63764500      0.54388600      0.54552300     -0.76973800      0.47760100      0.42355600     -0.03017600     -0.68998800      0.72319000      0.00836300     -0.00013400     -0.00137000      0.00225600     -0.01471500      0.02858800      0.52011900      0.07604400      0.01314900     -0.05871600      0.40473600     -0.43169300     -0.80611900      0.69263900      0.72028400     -0.03796700      0.59702500     -0.54298300      0.59053300     -0.00012000     -0.00082900     -0.00129900     -0.00261000      0.00263900     -0.00363400      0.52038800
     0.14564500     -0.07304600      0.29011400     -0.39194200      0.41599500     -0.82059400     -0.71207700     -0.70190400     -0.01578000     -0.58206200      0.57762100      0.57235000     -0.01694600     -0.00055900     -0.00136400     -0.00181800      0.02784200     -0.05519600      0.52048300     -0.16206800     -0.07046600      0.27419000     -0.59588500     -0.57172300      0.56395500      0.80181800     -0.46132900      0.37973400      0.04380500      0.67917700      0.73257200      0.01677200     -0.00074100     -0.00355100     -0.00218400     -0.00609400      0.00821400      0.53644300      0.04591400      0.01913200     -0.01835300      0.63929400      0.54438300      0.54309300     -0.76845400      0.47797500      0.42546200     -0.02797000     -0.68933700      0.72390000     -0.00001900     -0.00046100     -0.00078200     -0.00604200     -0.01145500      0.01018900      0.51995600      0.07603600      0.01314200     -0.05873700      0.40458800     -0.43176200     -0.80615700      0.69269200      0.72022600     -0.03809500      0.59706300     -0.54300600      0.59047300     -0.00004500     -0.00032200     -0.00050100     -0.00025900      0.00033800     -0.00053600      0.52087800
     0.14565400     -0.07304200      0.29006300     -0.39168300      0.41609400     -0.82066800     -0.71212500     -0.70184900     -0.01603700     -0.58217800      0.57761700      0.57223700     -0.00000800     -0.00005400     -0.00008500      0.00000000      0.00000000      0.00000000      0.52084400     -0.16186600     -0.07048000      0.27415800     -0.60117000     -0.56864200      0.56145500      0.79776200     -0.46663100      0.38179300      0.04563400      0.67813600      0.73342500     -0.00000000     -0.00002400     -0.00004000     -0.00000000     -0.00000000      0.00000000      0.53629900      0.04602100      0.01912200     -0.01837500      0.64433900      0.54118000      0.54032400     -0.76416000      0.48312500      0.42737300     -0.02975800     -0.68826800      0.72484500     -0.00000200      0.00003400      0.00005500      0.00081000      0.00173400     -0.00189100      0.51979300      0.07603400      0.01314100     -0.05876600      0.40438000     -0.43184800     -0.80621500      0.69272400      0.72018400     -0.03831100      0.59716800     -0.54299300      0.59037900      0.00000400      0.00001200      0.00002000      0.00006200      0.00000600     -0.00005500      0.52104100
     0.14569300     -0.07304700      0.29007500     -0.39232100      0.41844800     -0.81916500     -0.71217700     -0.70176200     -0.01746000     -0.58168400      0.57601700      0.57434700      0.00007900      0.00050500      0.00079900      0.00010200      0.00034100      0.00017100      0.52047400     -0.16166500     -0.07044700      0.27416600     -0.60309900     -0.56909300      0.55892500      0.79642500     -0.46725000      0.38382400      0.04347400      0.67733200      0.73429900      0.01679800      0.00109300     -0.00045100      0.00204500     -0.01520500      0.02924500      0.53594700      0.04612100      0.01914000     -0.01836900      0.64614000      0.54161900      0.53772700     -0.76272000      0.48366300      0.42933200     -0.02754500     -0.68754500      0.72561800      0.00839900      0.00055500     -0.00021200      0.00207300     -0.01504900      0.02896900      0.51995600      0.07605400      0.01313800     -0.05876000      0.40509700     -0.43419300     -0.80459400      0.69278000      0.72005100     -0.03976900      0.59661600     -0.54129700      0.59249100      0.00005600      0.00035100      0.00055600     -0.00206500     -0.00681000     -0.00336900      0.52087800
     0.14571800     -0.07305200      0.29008800     -0.39227300      0.41847000     -0.81917700     -0.71221100     -0.70172800     -0.01748600     -0.58167600      0.57604400      0.57432900      0.00000000      0.00000200      0.00000300      0.00000000      0.00000000      0.00000000      0.52127500     -0.16152600     -0.07044800      0.27414500     -0.60315800     -0.56908200      0.55887200      0.79638000     -0.46729400      0.38386100      0.04345800      0.67731100      0.73432000      0.01679200      0.00060800     -0.00128000      0.00204500     -0.01520500      0.02924500      0.53628700      0.04618400      0.01914000     -0.01837800      0.64617600      0.54161100      0.53769100     -0.76269100      0.48369000      0.42935500     -0.02753200     -0.68753200      0.72563100     -0.00000200     -0.00023200     -0.00039700     -0.00006500     -0.00004000     -0.00003400      0.51979300      0.07606700      0.01313800     -0.05875100      0.40503300     -0.43415700     -0.80464600      0.69281300      0.72002000     -0.03975600      0.59662100     -0.54136700      0.59242100      0.00000000     -0.00000300     -0.00000400      0.00000400     -0.00011300     -0.00008800      0.52087800
     0.14571800     -0.07304900      0.29007400     -0.39241100      0.41841300     -0.81914000     -0.71214400     -0.70179800     -0.01738600     -0.58166400      0.57600000      0.57438500     -0.00014700     -0.00093800     -0.00148200     -0.00083300      0.01312900     -0.02564200      0.52045200     -0.16147600     -0.07045000      0.27413500     -0.60321400     -0.56907400      0.55882000      0.79633900     -0.46733600      0.38389500      0.04344000      0.67728800      0.73434100     -0.00000200     -0.00015500     -0.00026300      0.00000000      0.00000000      0.00000000      0.53592900      0.04621500      0.01913900     -0.01838400      0.64624600      0.54160000      0.53761800     -0.76263200      0.48374200      0.42939900     -0.02750600     -0.68750300      0.72565900     -0.00000100     -0.00008800     -0.00015500     -0.00002600     -0.00001600     -0.00006300      0.51995600      0.07606700      0.01314200     -0.05875500      0.40515000     -0.43410200     -0.80461600      0.69275100      0.72008400     -0.03967300      0.59661400     -0.54132600      0.59246700      0.00000200     -0.00000300     -0.00000300      0.00003900     -0.00000500     -0.00002800      0.52120400
     0.14570500     -0.07304000      0.29006800     -0.39241700      0.41840800     -0.81913900     -0.71212600     -0.70181600     -0.01739400     -0.58168200      0.57598100      0.57438600     -0.00000000     -0.00000000     -0.00000000      0.00000000      0.00000000      0.00000000      0.52020500     -0.16140200     -0.07042500      0.27412700     -0.60336000     -0.56905200      0.55868300      0.79622800     -0.46748200      0.38394700      0.04343700      0.67720500      0.73441800      0.00000600      0.00046600      0.00079100      0.00000000      0.00000000      0.00000000      0.53506300      0.04625300      0.01915100     -0.01839000      0.64638400      0.54157800      0.53747400     -0.76251500      0.48388300      0.42944800     -0.02749500     -0.68742200      0.72573600      0.00000500      0.00026900      0.00045900     -0.00003600     -0.00002300     -0.00003100      0.52011900      0.07606000      0.01314300     -0.05876200      0.40517600     -0.43408800     -0.80461100      0.69272400      0.72011000     -0.03966600      0.59662700     -0.54130200      0.59247500      0.00000100      0.00000300      0.00000400      0.00002300      0.00000200     -0.00003500      0.52087800
     0.14570700     -0.07303900      0.29008900     -0.39239400      0.41841900     -0.81914500     -0.71215000     -0.70179100     -0.01739900     -0.58166800      0.57600300      0.57437800      0.00015000      0.00096000      0.00151700      0.00083300     -0.01312900      0.02564200      0.52001600     -0.16141700     -0.07039300      0.27412300     -0.60487600     -0.56955400      0.55652900      0.79518200     -0.46783400      0.38568400      0.04144600      0.67654000      0.73514600     -0.00096500      0.01169300     -0.00702800      0.03823700     -0.02278200      0.04428900      0.52784800      0.04624600      0.01916200     -0.01839000      0.64779300      0.54208100      0.53526800     -0.76139100      0.48413800      0.43115200     -0.02542500     -0.68684600      0.72635700      0.00000100      0.00004900      0.00008400      0.00078500      0.00147900     -0.00149900      0.52011900      0.07606100      0.01314200     -0.05875400      0.40515300     -0.43410000     -0.80461600      0.69274900      0.72008600     -0.03967000      0.59661400     -0.54132500      0.59246800      0.00007500      0.00047700      0.00075500      0.00086000     -0.01312300      0.02561800      0.52038800
     0.14572000     -0.07301900      0.29008200     -0.38997100      0.42070700     -0.81913000     -0.71624000     -0.69761800     -0.01737600     -0.57827200      0.57939100      0.57440000      0.00002900      0.00018500      0.00029200     -0.00000000     -0.00000000      0.00000000      0.51933100     -0.16164300     -0.07027700      0.27400600     -0.60630700     -0.57006100      0.55444900      0.79417500     -0.46837600      0.38709700      0.03977400      0.67573800      0.73597500     -0.00000600     -0.00043100     -0.00073100     -0.00000000     -0.00000000      0.00000000      0.49848100      0.04613200      0.01922600     -0.01844700      0.64915900      0.54257600      0.53310600     -0.76028200      0.48466400      0.43251600     -0.02370400     -0.68608300      0.72713500     -0.00888600      0.00458900     -0.00449200      0.03496300      0.00722800     -0.01134400      0.50673000      0.07606700      0.01315400     -0.05875500      0.40278500     -0.43646100     -0.80452800      0.69696300      0.71601600     -0.03951000      0.59330000     -0.54481300      0.59259800      0.00002200      0.00013700      0.00021600      0.00021400     -0.00004100     -0.00007200      0.52006100
     0.14573300     -0.07287800      0.28996000     -0.37461400      0.43432000     -0.81919200     -0.74035300     -0.67196200     -0.01776500     -0.55772300      0.59929400      0.57429900      0.00003500      0.01051900     -0.00897900     -4.52834000     -0.11159700      3.21811800      0.51185100     -0.16201400     -0.06996800      0.27373100     -0.60606800     -0.57007400      0.55469700      0.79430900     -0.46894200      0.38613500      0.04074700      0.67533400      0.73629300     -0.01776100      0.00968400     -0.00815100      0.03439500      0.00607000     -0.01027300      0.45306000      0.04595400      0.01937200     -0.01858000      0.64891900      0.54259200      0.53338300     -0.76045900      0.48520700      0.43159700     -0.02462000     -0.68568700      0.72747900     -0.00936300      0.01019000     -0.00843100      0.07082200     -0.00302300      0.00869200      0.46460100      0.07607400      0.01322100     -0.05881200      0.39034600     -0.44816600     -0.80422400      0.71762200      0.69533000     -0.03917100      0.57675600     -0.56183900      0.59303300      0.00001900      0.00525800     -0.00449500     -0.37566600     -0.02081100      0.30620700      0.51712200
     0.14573300     -0.07257100      0.28967600     -0.35863800      0.44737800     -0.81931500     -0.76327700     -0.64578300     -0.01857900     -0.53697300      0.61814200      0.57409700      0.00000200      0.01031000     -0.00931200      0.03561600     -0.01264600      0.01852200      0.49011500     -0.16249000     -0.06948400      0.27326100     -0.60538100     -0.57013100      0.55538800      0.79474800     -0.46961300      0.38441400      0.04240200      0.67481900      0.73667200     -0.01873000      0.01959000     -0.01825200      0.05840100      0.09202200     -0.16552300      0.36535900      0.04571500      0.01961600     -0.01881300      0.64836800      0.54264400      0.53399900     -0.76087500      0.48599600      0.42997200     -0.02620000     -0.68508700      0.72798900     -0.00048500      0.00475800     -0.00536200      0.03642100     -0.00919800      0.01895900      0.37381100      0.07607400      0.01337400     -0.05895300      0.37210000     -0.46405400     -0.80386200      0.74553000      0.66533000     -0.03898400      0.55292500     -0.58479800      0.59353500      0.00000100      0.00512800     -0.00470500      0.03750400     -0.01278800      0.01764900      0.49540500
     0.14579600     -0.07234200      0.28946300     -0.36258000      0.44840000     -0.81701800     -0.76697500     -0.64154600     -0.01178900     -0.52899700      0.62179800      0.57754300      0.01668500      0.00927900     -0.01047000     -0.08842700      0.09805600     -0.12639400      0.46679100     -0.16278600     -0.06916600      0.27294900     -0.60490400     -0.57017300      0.55586500      0.79505300     -0.47003400      0.38326600      0.04349800      0.67449100      0.73690800     -0.01872400      0.01939300     -0.01860700      0.07083900     -0.00326900      0.00859000      0.30682300      0.04556700      0.01977500     -0.01896900      0.64781400      0.54270600      0.53460800     -0.76130800      0.48636700      0.42878400     -0.02731200     -0.68477400      0.72824200     -0.00935500      0.00953600     -0.00956600      0.07082400     -0.00326300      0.00861900      0.31274000      0.07609900      0.01348900     -0.05905900      0.37598600     -0.46490600     -0.80155800      0.74931300      0.66143400     -0.03215400      0.54512700     -0.58852900      0.59705000      0.00001100      0.01034400     -0.00926900     -0.38658400      0.43348400     -0.60113400      0.47548300
     0.14614500     -0.07182100      0.28891300     -0.36908000      0.44759500     -0.81454500     -0.76706400     -0.64152800     -0.00502100     -0.52434900      0.62239600      0.58112600      0.01660900      0.01920200     -0.02042200      0.07220300     -0.04005800      0.06655500      0.39968500     -0.16354600     -0.06837900      0.27211700     -0.60345800     -0.57030900      0.55729500      0.79599100     -0.47093200      0.38020300      0.04636300      0.67374800      0.73741200     -0.01872300      0.01830200     -0.02051500      0.06904000      0.01042700     -0.01669800      0.15990200      0.04518000      0.02017600     -0.01939100      0.64644600      0.54286000      0.53610500     -0.76236200      0.48738100      0.42574900     -0.03016500     -0.68393000      0.72892200     -0.00934900      0.00914300     -0.01025600      0.06900200      0.01042700     -0.01664800      0.12952800      0.07627400      0.01374700     -0.05932900      0.38266700     -0.46378200     -0.79904300      0.74936100      0.66168200     -0.02518100      0.54039100     -0.58913600      0.60074400     -0.00007000      0.00466100     -0.00544800      0.04692500     -0.10845400      0.20037400      0.40249200
     0.14670000     -0.07117800      0.28813800     -0.37167300      0.44762300     -0.81335000     -0.76731200     -0.64124800     -0.00233800     -0.52215100      0.62266500      0.58281500      0.01644000      0.01824200     -0.02198100      0.07220900     -0.04009800      0.06654800      0.27538700     -0.16447800     -0.06734100      0.27110300     -0.60259400     -0.57037000      0.55816600      0.79644800     -0.47281700      0.37689400      0.04968900      0.67237400      0.73845000     -0.01963100      0.02977600     -0.02802400      0.09483600      0.08338700     -0.14626300      0.04485200      0.04472900      0.02067100     -0.01987900      0.64569600      0.54292500      0.53694300     -0.76287000      0.48927800      0.42265300     -0.03324600     -0.68252300      0.73010600     -0.01818400      0.01409700     -0.01422800      0.10343000      0.01601600     -0.02717000     -0.03817100      0.07654500      0.01406200     -0.05970700      0.38544500     -0.46362700     -0.79779700      0.74954500      0.66157500     -0.02233100      0.53815700     -0.58937800      0.60251100      0.00816600      0.00868800     -0.01168200      0.07533300     -0.02994500      0.04477600      0.27137000
     0.14698100     -0.07086100      0.28770400     -0.38503100      0.43831600     -0.81220400     -0.75186700     -0.65929300      0.00056700     -0.53476000      0.61034100      0.58441700      0.01630600      0.01742700     -0.02329200      4.56053800     -0.03197700     -3.18681300      0.20117300     -0.16491700     -0.06685100      0.27059400     -0.60560300     -0.56681900      0.55852700      0.79380100     -0.47847800      0.37533100      0.05524900      0.67136600      0.73897100     -0.01963900      0.02873500     -0.02983800      0.17637000      0.15356500     -0.06102000     -0.00366800      0.04450200      0.02093000     -0.02014100      0.64856100      0.53937100      0.53707100     -0.76017800      0.49485000      0.42101300     -0.03868800     -0.68132300      0.73095900     -0.00932700      0.00917600     -0.01024700      0.35254500      0.18329400      0.37989600     -0.11181500      0.07669800      0.01423400     -0.05994100      0.39760600     -0.45465900     -0.79699000      0.73479400      0.67798900     -0.02019600      0.54953300     -0.57759300      0.60365300      0.00815000      0.00856600     -0.01179900      4.56517100     -0.04135300     -3.18223400      0.17127300
     0.14748200     -0.07020300      0.28664200     -0.44709500      0.38970100     -0.80516100     -0.67670900     -0.73597300      0.01948800     -0.58443300      0.55308500      0.59376900      0.01581700      0.01430200     -0.02830800      4.54249300      0.27426200     -4.14701600      0.03476300     -0.16578400     -0.06604200      0.26958300     -0.64371400     -0.53166800      0.55041100      0.76004900     -0.52730100      0.37975300      0.08912900      0.66345300      0.74279800     -0.01873900      0.01561000     -0.02527700      0.04178900     -0.37550100      0.86957000     -0.12006200      0.04406800      0.02134200     -0.02064300      0.68454600      0.50335600      0.52728400     -0.72535100      0.54231600      0.42397900     -0.07254200     -0.67270000      0.73634900     -0.00935000      0.00773500     -0.01272500     -0.00355100     -1.26993200      2.94282700     -0.24130500      0.07694300      0.01456100     -0.06045600      0.45618600     -0.40641400     -0.79165700      0.66099700      0.75037500     -0.00432800      0.59579900     -0.52130900      0.61094900      0.00791800      0.00704500     -0.01434600      0.17066700      1.32669200     -2.97284700     -0.05096600
