     0.14401600     -0.07434000      0.29174500     -0.64447900      0.52546700     -0.55549700     -0.66459100     -0.74417800      0.06700500     -0.37738300      0.41170400      0.82952400     -0.00000900     -0.00005300     -0.00008300      0.00000000      0.00000000      0.00000000     -0.66444300     -0.16394300     -0.07009800      0.28205600     -0.65800300     -0.11519900      0.74414500      0.62568400     -0.63332100      0.45536600      0.41963400      0.76536500      0.48783900      0.00000300      0.00017500      0.00028100      0.00000000     -0.00000000     -0.00000000     -0.69524100      0.04524200      0.01960900     -0.01423200      0.70108800      0.07703100      0.70890100     -0.58163400      0.63690800      0.50601400     -0.41252600     -0.76708100      0.49133200     -0.00000000      0.00006500      0.00010700      0.00009900      0.00014200      0.00011000     -0.88826200      0.07543100      0.01257700     -0.05786800      0.68954100     -0.48999900     -0.53332200      0.59913400      0.79965200      0.03993600      0.40690400     -0.34706900      0.84496800     -0.00000200     -0.00001500     -0.00002400     -0.00004400     -0.00000800      0.00006500     -0.74707300
     0.14401500     -0.07434500      0.29173700     -0.64449600      0.52545700     -0.55548700     -0.66457900     -0.74418800      0.06701700     -0.37737700      0.41169900      0.82952900     -0.00000000     -0.00000300     -0.00000400      0.00000000      0.00000000      0.00000000     -0.66461700     -0.16395400     -0.07012400      0.28205400     -0.65792800     -0.11522000      0.74420800      0.62576700     -0.63326600      0.45532900      0.41962700      0.76540700      0.48777800     -0.00000100     -0.00007300     -0.00011700      0.00000000     -0.00000000     -0.00000000     -0.69413200      0.04523700      0.01959600     -0.01423300      0.70101800      0.07704800      0.70896800     -0.58171600      0.63685900      0.50598100     -0.41252800     -0.76712000      0.49127000     -0.00000100     -0.00004100     -0.00006800      0.00009300      0.00007300      0.00005800     -0.88826200      0.07543000      0.01257400     -0.05787200      0.68955600     -0.48998700     -0.53331300      0.59912200      0.79966000      0.03994700      0.40689600     -0.34706500      0.84497300      0.00000100      0.00000800      0.00001300     -0.00004100     -0.00000200      0.00005300     -0.74772700
     0.14401400     -0.07434900      0.29173000     -0.64451300      0.52544700     -0.55547800     -0.66456700     -0.74419800      0.06702800     -0.37737000      0.41169500      0.82953400     -0.00000000     -0.00000000     -0.00000000      0.00000000      0.00000000      0.00000000     -0.66374700     -0.16398000     -0.07013900      0.28203300     -0.65784300     -0.11524400      0.74428000      0.62583600     -0.63324900      0.45525700      0.41965700      0.76541800      0.48773600     -0.00000300     -0.00014200     -0.00022900      0.00000000     -0.00000000     -0.00000000     -0.69395300      0.04522400      0.01958800     -0.01424400      0.70093800      0.07706900      0.70904500     -0.58178700      0.63684800      0.50591200     -0.41256500     -0.76712700      0.49122900     -0.00000100     -0.00006600     -0.00010600      0.00006500      0.00004400      0.00003800     -0.88793500      0.07543000      0.01257200     -0.05787500      0.68957100     -0.48997600     -0.53330400      0.59910900      0.79966900      0.03995800      0.40688900     -0.34706100      0.84497800     -0.00000100      0.00000600      0.00001200     -0.00004000      0.00000400      0.00004700     -0.74772700
     0.14401300     -0.07435900      0.29171500     -0.64443100      0.52549700     -0.55552400     -0.66462700     -0.74414900      0.06697300     -0.37740300      0.41171800      0.82950800     -0.00001300     -0.00008200     -0.00013000      0.00000000      0.00000000      0.00000000     -0.66519500     -0.16398000     -0.07014400      0.28202500     -0.65771500     -0.11527800      0.74438700      0.62594000     -0.63322300      0.45515000      0.41970300      0.76543400      0.48767100     -0.00000000     -0.00000100     -0.00000100      0.00000000     -0.00000000     -0.00000000     -0.69438500      0.04522400      0.01958500     -0.01424800      0.70081800      0.07710100      0.70916000     -0.58189400      0.63683100      0.50581100     -0.41261700     -0.76713800      0.49116700     -0.00000000      0.00001000      0.00001300      0.00001000      0.00006600      0.00002500     -0.88777200      0.07542900      0.01256700     -0.05788300      0.68949500     -0.49003600     -0.53334800      0.59917400      0.79962300      0.03990500      0.40692300     -0.34708300      0.84495300     -0.00000800     -0.00004400     -0.00006700     -0.00003100     -0.00000800      0.00003900     -0.74772700
     0.14403700     -0.07436500      0.29170600     -0.64441000      0.52551100     -0.55553600     -0.66464300     -0.74413700      0.06695800     -0.37741100      0.41172300      0.82950100      0.01663000     -0.00158400     -0.00196900      0.00098400     -0.01471500      0.02955300     -0.66473800     -0.16397900     -0.07015200      0.28203200     -0.65785200     -0.11791900      0.74385200      0.62632400     -0.63398000      0.45356500      0.41891200      0.76440800      0.48995500     -0.00000000     -0.00000000     -0.00000000      0.03473900     -0.06674500     -0.03787400     -0.69328200      0.04522400      0.01958100     -0.01424500      0.70102800      0.07982600      0.70865200     -0.58226300      0.63780800      0.50415200     -0.41173900     -0.76604600      0.49360100     -0.00000000      0.00000500      0.00000900      0.02941400     -0.06893200     -0.04049200     -0.88777200      0.07544100      0.01256500     -0.05788600      0.68947500     -0.49005200     -0.53336000      0.59919100      0.79961100      0.03989100      0.40693200     -0.34708800      0.84494600      0.00830700     -0.00082600     -0.00103600      0.00095800     -0.01472400      0.02959400     -0.74789000
     0.14404800     -0.07437200      0.29167600     -0.64442800      0.52549800     -0.55552700     -0.66461900     -0.74415900      0.06694900     -0.37742300      0.41170000      0.82950800     -0.00009000     -0.00055300     -0.00087300      0.00000000      0.00000000      0.00000000     -0.66208000     -0.16399200     -0.07015200      0.28203300     -0.65794500     -0.11789400      0.74377400      0.62624900     -0.63399900      0.45364300      0.41887900      0.76439700      0.49000200     -0.00000000     -0.00000000     -0.00000000      0.00000700     -0.00001400     -0.00000800     -0.69314900      0.04521800      0.01958100     -0.01424400      0.70108600      0.07975600      0.70860100     -0.58228000      0.63764800      0.50433400     -0.41161500     -0.76618700      0.49348700      0.00000100      0.00000200      0.00000500     -0.00104800      0.00136100      0.00071400     -0.88679200      0.07544700      0.01256200     -0.05790100      0.68949000     -0.49003900     -0.53335100      0.59916700      0.79962900      0.03988100      0.40694100     -0.34706400      0.84495200     -0.00005700     -0.00035600     -0.00056000     -0.00002200      0.00000200      0.00001900     -0.74772700
     0.14407900     -0.07440800      0.29160100     -0.64749300      0.52169400     -0.55554800     -0.66021600     -0.74807100      0.06690400     -0.37988600      0.40944900      0.82949700     -0.00018000     -0.00111100     -0.00175400      0.00000000     -0.00000000     -0.00000000     -0.63910200     -0.16399000     -0.07016800      0.28204600     -0.65792200     -0.11790200      0.74379400      0.62629100     -0.63395400      0.45364900      0.41885300      0.76443300      0.48996700     -0.00000000     -0.00000000     -0.00000000      0.00000000     -0.00000000     -0.00000000     -0.69244500      0.04521900      0.01957300     -0.01423800      0.70106300      0.07974500      0.70862500     -0.58231800      0.63760100      0.50435000     -0.41160100     -0.76622700      0.49343600      0.00047500     -0.00531700      0.00439800     -0.03630100      0.00917500     -0.01890700     -0.88613900      0.07546200      0.01254400     -0.05793700      0.69223400     -0.48597900     -0.53351200      0.59443600      0.80316300      0.03967800      0.40921400     -0.34460500      0.84486000     -0.00013400     -0.00083400     -0.00131500     -0.00017400      0.00006700      0.00013500     -0.74250100
     0.14409800     -0.07443500      0.29154000     -0.65063500      0.51780900     -0.55551200     -0.65571600     -0.75201700      0.06692700     -0.38229600      0.40715500      0.82951900     -0.00029400     -0.00181700     -0.00287000      0.00000000     -0.00000000     -0.00000000     -0.60284100     -0.16398900     -0.07017600      0.28205200     -0.65791000     -0.11790500      0.74380300      0.62631100     -0.63393100      0.45365100      0.41884100      0.76445100      0.48995000     -0.00000000     -0.00000000     -0.00000000      0.00000000     -0.00000000     -0.00000000     -0.69195700      0.04521900      0.01956900     -0.01423400      0.70105200      0.07974700      0.70863600     -0.58233800      0.63758000      0.50435400     -0.41159200     -0.76624400      0.49341700      0.00000200     -0.00000100      0.00000200      0.00012800      0.00008800      0.00009400     -0.88597600      0.07547200      0.01253200     -0.05796500      0.69503000     -0.48184300     -0.53362800      0.58961900      0.80671300      0.03953000      0.41143800     -0.34211200      0.84479400     -0.00012000     -0.00074200     -0.00117100     -0.00042600      0.00018700      0.00017500     -0.72666200
     0.14409800     -0.07451200      0.29139900     -0.65361500      0.51399400     -0.55555700     -0.65129800     -0.75585300      0.06685400     -0.38475000      0.40488600      0.82949500     -0.00043000     -0.00265400     -0.00419800     -0.00084400      0.01299900     -0.02570700     -0.57545900     -0.16397300     -0.07021600      0.28208500     -0.65787000     -0.11792000      0.74383700      0.62640000     -0.63382200      0.45368100      0.41877100      0.76453900      0.48987200     -0.00000000     -0.00000000     -0.00000000      0.00000000     -0.00000000     -0.00000000     -0.69156700      0.04522700      0.01955000     -0.01421800      0.70101500      0.07975700      0.70867200     -0.58242400      0.63747600      0.50438600     -0.41153300     -0.76633000      0.49333300      0.00000300     -0.00000100      0.00000300      0.00008700      0.00007200      0.00006000     -0.88548600      0.07547200      0.01249400     -0.05803600      0.69768200     -0.47779000     -0.53381100      0.58488900      0.81015900      0.03930400      0.41369300     -0.33964200      0.84468900      0.00819900     -0.00154800     -0.00218200      0.00073000     -0.01467500      0.02989900     -0.69008500
     0.14410000     -0.07454700      0.29126800     -0.65377400      0.51388500     -0.55547200     -0.65113500     -0.75599200      0.06687900     -0.38475700      0.40476700      0.82955100     -0.00023600     -0.00145800     -0.00230800      0.00000000      0.00000000      0.00000000     -0.57783400     -0.16396700     -0.07028300      0.28215200     -0.65778000     -0.11795000      0.74391200      0.62657500     -0.63362200      0.45371900      0.41865100      0.76470000      0.48972200      0.00000300      0.00018300      0.00029400      0.00000000     -0.00000000     -0.00000000     -0.69132300      0.04523000      0.01951600     -0.01418500      0.70093000      0.07978500      0.70875200     -0.58259900      0.63728300      0.50442900     -0.41143000     -0.76648800      0.49317300      0.00000200      0.00011700      0.00019100      0.00005900      0.00005400      0.00001900     -0.88499600      0.07547200      0.01247300     -0.05810700      0.69784000     -0.47766200     -0.53372000      0.58471300      0.81028500      0.03933400      0.41367700     -0.33952200      0.84474500     -0.00011600     -0.00072800     -0.00115100     -0.00016100     -0.00000100      0.00023700     -0.68322700
     0.14408500     -0.07452100      0.29121200     -0.65377800      0.51387400     -0.55547700     -0.65107800     -0.75605000      0.06677600     -0.38484700      0.40467200      0.82955600     -0.00000300     -0.00001800     -0.00002900      0.00000000      0.00000000      0.00000000     -0.58267100     -0.16395900     -0.07037000      0.28222400     -0.65765000     -0.11799300      0.74402000      0.62680400     -0.63337300      0.45375000      0.41851100      0.76489900      0.48953000      0.00000000      0.00000000      0.00000000      0.00000000     -0.00000000     -0.00000000     -0.69097500      0.04523400      0.01947600     -0.01415200      0.70081900      0.07982300      0.70885800     -0.58281000      0.63706300      0.50446200     -0.41132000     -0.76666700      0.49298700     -0.00000100     -0.00000200     -0.00000300      0.00003700      0.00001300      0.00005500     -0.88483300      0.07546500      0.01248500     -0.05813700      0.69783900     -0.47765700     -0.53372600      0.58465800      0.81033000      0.03922900      0.41375600     -0.33942300      0.84474600      0.00000900      0.00004100      0.00006300     -0.00010300      0.00000600      0.00017300     -0.68355300
     0.14409800     -0.07450900      0.29121200     -0.65361800      0.51397700     -0.55557000     -0.65118800     -0.75596700      0.06664400     -0.38493200      0.40469700      0.82950400      0.00001000      0.00005900      0.00009300      0.00000000      0.00000000      0.00000000     -0.58571800     -0.16395700     -0.07040200      0.28225100     -0.65760300     -0.11800800      0.74405900      0.62688700     -0.63328300      0.45376100      0.41846100      0.76497200      0.48946100      0.00000000      0.00000000      0.00000000      0.00000000     -0.00000000     -0.00000000     -0.69065700      0.04523600      0.01945600     -0.01413500      0.70076300      0.07984200      0.70891100     -0.58291600      0.63695300      0.50447900     -0.41126400     -0.76675600      0.49289500     -0.00000200     -0.00000200     -0.00000300      0.00003800      0.00002900      0.00002800     -0.88483300      0.07547200      0.01249100     -0.05813500      0.69768700     -0.47777900     -0.53381500      0.58477900      0.81024900      0.03910100      0.41384200     -0.33944400      0.84469500      0.00001100      0.00006400      0.00010100     -0.00009400      0.00000300      0.00014000     -0.68469600
     0.14411300     -0.07450900      0.29123300     -0.65357900      0.51400400     -0.55559100     -0.65122800     -0.75593300      0.06663900     -0.38492900      0.40472600      0.82949000      0.00000100      0.00000500      0.00000700      0.00000000      0.00000000      0.00000000     -0.58914100     -0.16395200     -0.07045800      0.28229700     -0.65752000     -0.11803600      0.74412800      0.62703300     -0.63312500      0.45378000      0.41837200      0.76509900      0.48933800      0.00000000      0.00000000      0.00000000      0.00000000     -0.00000000     -0.00000000     -0.69020800      0.04523800      0.01942800     -0.01411200      0.70068500      0.07986900      0.70898400     -0.58306400      0.63679800      0.50450200     -0.41118600     -0.76688200      0.49276400     -0.00000200     -0.00000200     -0.00000200      0.00002900      0.00002700      0.00003000     -0.88434300      0.07547900      0.01249300     -0.05812300      0.69764800     -0.47781300     -0.53383500      0.58482600      0.81021500      0.03909700      0.41384000     -0.33947700      0.84468300     -0.00000100      0.00000200      0.00000400     -0.00005400      0.00000600      0.00010000     -0.68763600
     0.14411300     -0.07449600      0.29123400     -0.65355000      0.51402100     -0.55560900     -0.65124000     -0.75592600      0.06659800     -0.38496000      0.40471600      0.82948100      0.00000000      0.00000000      0.00000100      0.00000000      0.00000000      0.00000000     -0.59195100     -0.16394800     -0.07050200      0.28232200     -0.65744500     -0.11805900      0.74419000      0.62715000     -0.63300900      0.45378000      0.41831400      0.76519100      0.48924300     -0.00000000     -0.00001600     -0.00002600      0.00000000     -0.00000000     -0.00000000     -0.68919500      0.04524000      0.01940600     -0.01410000      0.70061500      0.07989200      0.70905200     -0.58318400      0.63668600      0.50450600     -0.41113700     -0.76697300      0.49266400     -0.00000200     -0.00000600     -0.00001100      0.00001700      0.00003500      0.00001900     -0.88401600      0.07547900      0.01249900     -0.05812300      0.69761900     -0.47783600     -0.53385200      0.58484100      0.81020600      0.03905600      0.41386900     -0.33946500      0.84467400     -0.00000100     -0.00000400     -0.00000500     -0.00005000     -0.00000300      0.00006400     -0.68959500
     0.14411300     -0.07449300      0.29121900     -0.65355300      0.51401700     -0.55560800     -0.65122600     -0.75594000      0.06657900     -0.38497700      0.40469600      0.82948300     -0.00001600     -0.00009600     -0.00015200      0.00000000      0.00000000      0.00000000     -0.59227300     -0.16394700     -0.07051000      0.28232900     -0.65743300     -0.11806300      0.74420000      0.62717100     -0.63298600      0.45378300      0.41830100      0.76520900      0.48922600     -0.00000000     -0.00000000     -0.00000000      0.00000000     -0.00000000     -0.00000000     -0.68921500      0.04524000      0.01940200     -0.01409600      0.70060400      0.07989600      0.70906200     -0.58320500      0.63666300      0.50450900     -0.41112600     -0.76699100      0.49264500     -0.00000200      0.00000200      0.00000400      0.00002200      0.00001900      0.00003200     -0.88352600      0.07547900      0.01250100     -0.05813000      0.69762200     -0.47783200     -0.53385200      0.58482700      0.81021700      0.03903700      0.41388300     -0.33944400      0.84467500     -0.00000800     -0.00006100     -0.00009800     -0.00004400     -0.00000500      0.00005500     -0.69024800
     0.14411300     -0.07447700      0.29120600     -0.65352800      0.51403100     -0.55562600     -0.65122400     -0.75594700      0.06651900     -0.38502400      0.40466500      0.82947600     -0.00000000     -0.00000000     -0.00000000      0.00000000      0.00000000      0.00000000     -0.59573300     -0.16396000     -0.07050600      0.28233700     -0.65743100     -0.11806400      0.74420200      0.62717300     -0.63298600      0.45378100      0.41830200      0.76521000      0.48922500      0.00000100      0.00004200      0.00006800      0.00000000     -0.00000000     -0.00000000     -0.68962800      0.04523400      0.01940400     -0.01409200      0.70060200      0.07989600      0.70906400     -0.58320700      0.63666400      0.50450700     -0.41112800     -0.76699100      0.49264400     -0.00000000      0.00002300      0.00003800      0.00002600      0.00002200      0.00000600     -0.88336300      0.07547900      0.01250800     -0.05813700      0.69759800     -0.47784900     -0.53386900      0.58482400      0.81022200      0.03897700      0.41392800     -0.33941000      0.84466700      0.00000200      0.00000100      0.00000400     -0.00004100      0.00001000      0.00005400     -0.69155500
     0.14411300     -0.07447700      0.29120600     -0.65352800      0.51403100     -0.55562600     -0.65122400     -0.75594700      0.06651900     -0.38502400      0.40466500      0.82947600     -0.00000000     -0.00000000     -0.00000000      0.00000000      0.00000000      0.00000000     -0.59746900     -0.16397300     -0.07051200      0.28233000     -0.65739600     -0.11807300      0.74423100      0.62720100     -0.63297900      0.45375200      0.41831500      0.76521400      0.48920700     -0.00000000     -0.00002200     -0.00003600      0.00000000      0.00000000      0.00000000     -0.68906300      0.04522800      0.01940100     -0.01409600      0.70056900      0.07990600      0.70909600     -0.58323600      0.63665800      0.50448000     -0.41114100     -0.76699400      0.49262700     -0.00000100     -0.00001100     -0.00001800      0.00001300      0.00001000      0.00002600     -0.88352600      0.07547900      0.01250800     -0.05813700      0.69759800     -0.47784900     -0.53386900      0.58482400      0.81022200      0.03897700      0.41392800     -0.33941000      0.84466700      0.00000000      0.00000000      0.00000200     -0.00004300      0.00000100      0.00005300     -0.69318700
     0.14412500     -0.07447800      0.29120500     -0.65350900      0.51404300     -0.55563600     -0.65123800     -0.75593600      0.06650600     -0.38503100      0.40467000      0.82947000     -0.00000000     -0.00000000     -0.00000000      0.00000000      0.00000000      0.00000000     -0.59922800     -0.16397300     -0.07051600      0.28232300     -0.65738000     -0.11807800      0.74424500      0.62721400     -0.63297500      0.45373800      0.41832000      0.76521600      0.48919900     -0.00000300     -0.00018300     -0.00029500      0.00000000      0.00000000      0.00000000     -0.68937000      0.04522800      0.01939900     -0.01409900      0.70055300      0.07991000      0.70911000     -0.58325000      0.63665600      0.50446700     -0.41114800     -0.76699600      0.49261900     -0.00000300     -0.00011500     -0.00018600      0.00001100      0.00000300      0.00003200     -0.88336300      0.07548500      0.01250800     -0.05813800      0.69758000     -0.47786300     -0.53387900      0.58483900      0.81021200      0.03896500      0.41393600     -0.33941500      0.84466100     -0.00000100      0.00000000      0.00000200     -0.00004500     -0.00000800      0.00005200     -0.69400400
     0.14411300     -0.07446900      0.29119900     -0.65351500      0.51403700     -0.55563500     -0.65122200     -0.75595100      0.06648900     -0.38504700      0.40465000      0.82947300     -0.00000000     -0.00000000     -0.00000000      0.00000000      0.00000000      0.00000000     -0.60101000     -0.16397300     -0.07051200      0.28233000     -0.65754300     -0.12071000      0.74367900      0.62756500     -0.63375300      0.45216500      0.41753600      0.76416500      0.49150800      0.00000000      0.00001900      0.00003000      0.00493500     -0.00950300     -0.00537700     -0.68880800      0.04522800      0.01940100     -0.01409500      0.70078300      0.08275400      0.70855800     -0.58366000      0.63760900      0.50278700     -0.41017500     -0.76590200      0.49512600     -0.00000000      0.00000800      0.00001300     -0.01423700      0.00935400      0.00326500     -0.88303600      0.07547900      0.01251200     -0.05814000      0.69758600     -0.47785700     -0.53387700      0.58482300      0.81022400      0.03894700      0.41395000     -0.33939300      0.84466300     -0.00000000      0.00000000      0.00000100     -0.00004500     -0.00000400      0.00005000     -0.69547400
     0.14411200     -0.07446600      0.29118500     -0.65351900      0.51403300     -0.55563400     -0.65120900     -0.75596400      0.06647100     -0.38506400      0.40463000      0.82947500     -0.00001300     -0.00008200     -0.00013000      0.00000000      0.00000000      0.00000000     -0.60160200     -0.16397200     -0.07052000      0.28233700     -0.65764300     -0.12068400      0.74359500      0.62749600     -0.63375300      0.45226100      0.41748300      0.76416800      0.49154600      0.00000000      0.00000000      0.00000000      0.00000100     -0.00000200     -0.00000100     -0.68832300      0.04522800      0.01939700     -0.01409200      0.70085200      0.08254600      0.70851400     -0.58360600      0.63747100      0.50302500     -0.41013400     -0.76603900      0.49494700      0.00000000     -0.00000100      0.00000100     -0.00030800      0.00060400      0.00035500     -0.88205700      0.07547900      0.01251400     -0.05814800      0.69758900     -0.47785300     -0.53387700      0.58480900      0.81023500      0.03892800      0.41396500     -0.33937200      0.84466400     -0.00001000     -0.00005900     -0.00009200     -0.00003000      0.00000900      0.00005000     -0.69596300
     0.14412500     -0.07446700      0.29118400     -0.65350000      0.51404600     -0.55564500     -0.65122300     -0.75595300      0.06645800     -0.38507200      0.40463500      0.82946900     -0.00000000     -0.00000000     -0.00000000      0.00000000      0.00000000      0.00000000     -0.60510500     -0.16397200     -0.07052000      0.28233700     -0.65764300     -0.12068400      0.74359500      0.62749600     -0.63375300      0.45226100      0.41748300      0.76416800      0.49154600      0.00000000      0.00000000      0.00000000      0.01234800     -0.09276500      0.17547800     -0.68870200      0.04522800      0.01939800     -0.01409200      0.70074600      0.08256700      0.70861600     -0.58369800      0.63745300      0.50294000     -0.41018400     -0.76605100      0.49488700      0.00000200     -0.00000100      0.00000100      0.00014100      0.00008400      0.00009300     -0.88205700      0.07548500      0.01251300     -0.05814800      0.69757100     -0.47786700     -0.53388700      0.58482500      0.81022500      0.03891500      0.41397300     -0.33937700      0.84465800     -0.00000100      0.00000200      0.00000500     -0.00003500     -0.00000500      0.00004500     -0.69743300
     0.14412500     -0.07446200      0.29119200     -0.65348400      0.51405600     -0.55565400     -0.65123500     -0.75594300      0.06644700     -0.38507900      0.40464000      0.82946300      0.00004900      0.00030000      0.00047500      0.00000000      0.00000000      0.00000000     -0.60840000     -0.16397200     -0.07052000      0.28233700     -0.65753100     -0.12071400      0.74368800      0.62758600     -0.63373000      0.45216800      0.41752300      0.76418300      0.49149000      0.00000000      0.00000000      0.00000000      0.00000000     -0.00000000     -0.00000000     -0.68838200      0.04522800      0.01939800     -0.01409200      0.70074600      0.08256500      0.70861600     -0.58369600      0.63745500      0.50294000     -0.41018600     -0.76605000      0.49488700      0.00000200     -0.00000200      0.00000100      0.00011200      0.00008400      0.00007600     -0.88189400      0.07548500      0.01251500     -0.05814500      0.69755600     -0.47788000     -0.53389600      0.58483800      0.81021600      0.03890500      0.41398000     -0.33938100      0.84465300      0.00003000      0.00019900      0.00031900     -0.00003600      0.00001100      0.00004200     -0.69874000
     0.14412500     -0.07445900      0.29117700     -0.65348700      0.51405200     -0.55565300     -0.65122200     -0.75595700      0.06642800     -0.38509500      0.40462000      0.82946500     -0.00000200     -0.00001400     -0.00002200      0.00000000      0.00000000      0.00000000     -0.61541600     -0.16397100     -0.07052800      0.28234300     -0.65751900     -0.12071800      0.74369800      0.62760700     -0.63370800      0.45217100      0.41751000      0.76420100      0.49147300      0.00000000      0.00000000      0.00000000      0.00000000     -0.00000000     -0.00000000     -0.68768300      0.04522800      0.01939400     -0.01408900      0.70073600      0.08256500      0.70862600     -0.58371400      0.63743600      0.50294300     -0.41017900     -0.76606600      0.49486900      0.00000100     -0.00000200      0.00000000      0.00006800      0.00006700      0.00004600     -0.88173000      0.07548500      0.01251700     -0.05815100      0.69755800     -0.47787700     -0.53389600      0.58482400      0.81022700      0.03888500      0.41399500     -0.33936000      0.84465400     -0.00000200     -0.00000600     -0.00000900     -0.00003200     -0.00000500      0.00003200     -0.70298500
     0.14412500     -0.07444700      0.29117800     -0.65345800      0.51407000     -0.55567200     -0.65123300     -0.75595100      0.06638700     -0.38512600      0.40460900      0.82945600      0.00000100      0.00000800      0.00001300      0.00000000      0.00000000      0.00000000     -0.62172900     -0.16397100     -0.07052800      0.28234300     -0.65751900     -0.12071800      0.74369800      0.62760700     -0.63370800      0.45217100      0.41751000      0.76420100      0.49147300      0.00000000      0.00000000      0.00000000      0.00000000     -0.00000000     -0.00000000     -0.68692400      0.04522800      0.01939400     -0.01408900      0.70073600      0.08256400      0.70862600     -0.58371200      0.63743800      0.50294300     -0.41018100     -0.76606500      0.49486900      0.00000100     -0.00000200      0.00000000      0.00004500      0.00003800      0.00005700     -0.88124000      0.07548500      0.01252400     -0.05815100      0.69753100     -0.47789700     -0.53391300      0.58483600      0.81022000      0.03884500      0.41402400     -0.33934800      0.84464500      0.00000000      0.00000000      0.00000200     -0.00002100      0.00000800      0.00003200     -0.70755700
     0.14412500     -0.07444700      0.29117800     -0.65345800      0.51407000     -0.55567200     -0.65123300     -0.75595100      0.06638700     -0.38512600      0.40460900      0.82945600      0.00000000      0.00000000      0.00000000      0.00000000      0.00000000      0.00000000     -0.62487400     -0.16398400     -0.07053300      0.28233600     -0.65748500     -0.12072700      0.74372700      0.62763500     -0.63370100      0.45214200      0.41752300      0.76420500      0.49145600     -0.00000500     -0.00029700     -0.00047900      0.00000000     -0.00000000     -0.00000000     -0.68671400      0.04522200      0.01939100     -0.01409200      0.70070300      0.08257300      0.70865700     -0.58374200      0.63743200      0.50291600     -0.41019400     -0.76606800      0.49485200     -0.00000100     -0.00019800     -0.00031600      0.00004400      0.00003800      0.00005000     -0.88107700      0.07548500      0.01252400     -0.05815100      0.69753100     -0.47789700     -0.53391300      0.58483600      0.81022000      0.03884500      0.41402400     -0.33934800      0.84464500     -0.00000100     -0.00000200     -0.00000300     -0.00002600      0.00000400      0.00002800     -0.70968000
     0.14411400     -0.07443300      0.29117900     -0.65514400      0.51356600     -0.55415000     -0.65095100     -0.75596900      0.06888900     -0.38273300      0.40521400      0.83026800      0.00001800      0.00011300      0.00017900     -0.00000000      0.00000000     -0.00000000     -0.65897600     -0.16400900     -0.07053400      0.28233700     -0.65744800     -0.12073800      0.74375800      0.62766500     -0.63369300      0.45211100      0.41753600      0.76421000      0.49143700     -0.00000000     -0.00000000     -0.00000000      0.00000000     -0.00000000     -0.00000000     -0.68942800      0.04521000      0.01939000     -0.01409200      0.70066800      0.08258200      0.70869100     -0.58377300      0.63742700      0.50288600     -0.41020900     -0.76607100      0.49483400      0.00000200      0.00000200      0.00000600      0.00003900      0.00001700      0.00005000     -0.88140400      0.07547900      0.01253000     -0.05815000      0.69916900     -0.47719200     -0.53239900      0.58454100      0.81030900      0.04135900      0.41167200     -0.34012600      0.84548100      0.00001100      0.00007000      0.00011000      0.00137500     -0.00116200      0.00097200     -0.72274300
     0.14411500     -0.07441600      0.29118700     -0.65679100      0.51308500     -0.55264400     -0.65069000     -0.75596500      0.07136500     -0.38035200      0.40582900      0.83106200      0.00011000      0.00067800      0.00107300     -0.00000000      0.00000000     -0.00000000     -0.70479400     -0.16405900     -0.07052300      0.28236200     -0.65742200     -0.12074500      0.74378000      0.62768600     -0.63368800      0.45208900      0.41754400      0.76421300      0.49142500      0.00001800      0.00096400      0.00155400      0.00178900     -0.01344100      0.02542700     -0.69149800      0.04518500      0.01939400     -0.01408300      0.70062900      0.08259300      0.70872800     -0.58380800      0.63742100      0.50285300     -0.41022700     -0.76607500      0.49481400      0.00000000      0.00001500      0.00002700      0.00003900      0.00000900      0.00001700     -0.88320000      0.07548000      0.01253700     -0.05814800      0.70075900     -0.47651900     -0.53090800      0.58426800      0.81037500      0.04383400      0.40934800     -0.34091000      0.84629400      0.00007400      0.00045200      0.00071400      0.00141100     -0.00116600      0.00098200     -0.75393200
     0.14414100     -0.07440500      0.29118700     -0.65841300      0.51262100     -0.55114400     -0.65043700     -0.75594600      0.07382700     -0.37797700      0.40645000      0.83184100      0.00000700      0.00004300      0.00006800     -0.00000000      0.00000000     -0.00000000     -0.73659300     -0.16410900     -0.07050800      0.28237300     -0.65728100     -0.12078400      0.74389900      0.62779000     -0.63367900      0.45195700      0.41761100      0.76421500      0.49136500      0.00000100      0.00005300      0.00008600      0.00000000     -0.00000000     -0.00000000     -0.69102100      0.04515900      0.01940400     -0.01407400      0.70051100      0.08262600      0.70884100     -0.58390400      0.63742200      0.50274000     -0.41029200     -0.76607100      0.49476700     -0.00833700     -0.00041800      0.00038600     -0.00202100      0.01521200     -0.02923300     -0.88401700      0.07549300      0.01254500     -0.05814600      0.70232000     -0.47586600     -0.52943000      0.58400600      0.81042800      0.04628200      0.40704200     -0.34169600      0.84708900      0.00000300      0.00001800      0.00002600      0.00040900     -0.00034400      0.00030800     -0.78267100
     0.14415400     -0.07439000      0.29117200     -0.65825700      0.51271900     -0.55123800     -0.65053500     -0.75587600      0.07367700     -0.37807900      0.40645600      0.83179200      0.00000000      0.00000100      0.00000100     -0.00000000      0.00000000     -0.00000000     -0.75235200     -0.16412200     -0.07050400      0.28238100     -0.65713100     -0.11814800      0.74445300      0.62742800     -0.63290500      0.45354200      0.41839100      0.76526400      0.48906400      0.00000000      0.00002300      0.00003700     -0.24370200      0.46978500      0.26577200     -0.68999100      0.04515300      0.01940600     -0.01407000      0.70050800      0.08262700      0.70884300     -0.58390600      0.63742200      0.50273800     -0.41029300     -0.76607100      0.49476600     -0.00000000     -0.00000100     -0.00000000      0.00002200     -0.00000400      0.00001700     -0.88369000      0.07549900      0.01255200     -0.05815300      0.70217000     -0.47598300     -0.52952400      0.58411100      0.81036100      0.04613200      0.40714800     -0.34169300      0.84703800     -0.00000000     -0.00000600     -0.00001300      0.00004500     -0.00005600      0.00005700     -0.79377400
     0.14422700     -0.07429900      0.29105000     -0.65801700      0.51285500     -0.55139900     -0.65057000     -0.75589100      0.07321500     -0.37843600      0.40625800      0.83172600     -0.00007300      0.00974800     -0.01018200      0.03561800     -0.01262000      0.01853700     -0.78928500     -0.16413400     -0.07051000      0.28237400     -0.65732000     -0.11809700      0.74429500      0.62727500     -0.63294300      0.45370000      0.41832400      0.76524000      0.48915900     -0.00000000     -0.00000400     -0.00000700     -0.00005200      0.00010000      0.00005700     -0.68959200      0.04514700      0.01940200     -0.01407400      0.70049600      0.07988000      0.70917100     -0.58329700      0.63662400      0.50445300     -0.41118000     -0.76702600      0.49254600     -0.00000100     -0.00000300     -0.00000500      0.00270800     -0.00290700     -0.00140400     -0.88336300      0.07553600      0.01259500     -0.05820900      0.70195500     -0.47613600     -0.52967100      0.58414900      0.81035800      0.04569900      0.40746500     -0.34148600      0.84697000     -0.00007700     -0.00048300     -0.00076900     -0.00000700     -0.00001200      0.00001500     -0.82055400
     0.14433900     -0.07410400      0.29082400     -0.65913200      0.51267700     -0.55023000     -0.65041200     -0.75587600      0.07475800     -0.37676500      0.40651000      0.83236200     -0.00002500      0.01005200     -0.00970300      0.03561700     -0.01262800      0.01853200     -0.80243900     -0.16416100     -0.07049200      0.28234800     -0.65704100     -0.11549200      0.74494900      0.62698300     -0.63219900      0.45513800      0.41919900      0.76624800      0.48682500     -0.00000000     -0.00000500     -0.00000800     -0.00944700      0.01820700      0.01030200     -0.67570700      0.04513300      0.01941100     -0.01408700      0.70015400      0.07707500      0.70981800     -0.58296900      0.63569200      0.50600500     -0.41222600     -0.76808400      0.49001500     -0.00000100      0.00000200      0.00000200      0.01260800     -0.00341600      0.00034000     -0.88075100      0.07559200      0.01269100     -0.05832400      0.70305400     -0.47581700     -0.52849800      0.58398300      0.81038800      0.04725700      0.40580400     -0.34185900      0.84761600     -0.00004000     -0.00026600     -0.00042000      0.00140700     -0.00115300      0.00096200     -0.84063900
     0.14452000     -0.07383300      0.29043200     -0.66481900      0.50410400     -0.55130800     -0.64442700     -0.76025300      0.08185500     -0.37704900      0.40906600      0.83097900     -0.00029800      0.00836200     -0.01238600      0.07812600      0.00890300     -0.34306700     -0.73674300     -0.16412900     -0.07043100      0.28228600     -0.65731600     -0.11005100      0.74553000      0.62570000     -0.63090300      0.45868800      0.42068500      0.76810800      0.48259400     -0.00000000     -0.00000100     -0.00000100     -0.01768100     -0.03506900      0.20814800     -0.47042700      0.04514900      0.01944200     -0.01411800      0.70019400      0.07162100      0.71035000     -0.58165200      0.63419100      0.50939300     -0.41401500     -0.76985100      0.48571500      0.00000200      0.00000600      0.00000800     -0.01090800      0.04478000      0.02782800     -0.77542800      0.07568300      0.01283000     -0.05851500      0.70777400     -0.46691600     -0.53013500      0.57786700      0.81432200      0.05428700      0.40635400     -0.34477100      0.84617200     -0.00011400     -0.00074200     -0.00118100      0.25472800     -0.10839400     -0.44966000     -0.83002500
