     0.15261800     -0.05650400      0.31145600     -0.01574500      0.14372500     -0.98951500     -0.31157600     -0.94102500     -0.13177800     -0.95008500      0.30605000      0.06082900      0.00001500      0.00011800      0.00015100      0.00000000      0.00000000      0.00000000     -0.39609600     -0.16726400     -0.03738300      0.29561700     -0.13280200     -0.09592700      0.98648500      0.66140000     -0.74981300      0.01624200      0.73825400      0.65473200      0.16176800      0.00000000      0.00003000      0.00003900      0.00000000      0.00000000      0.00000000     -0.91215900      0.04208900      0.02432100     -0.02015000      0.15892100      0.20903100      0.96490800     -0.69162200      0.72101900     -0.04228600     -0.70455700     -0.66063300      0.25915600      0.00000100      0.00001200      0.00001500      0.00003800      0.00002000     -0.00000800     -0.99244100      0.07551400      0.01441700     -0.06180400      0.02531500     -0.15059000     -0.98827100      0.30712200      0.94195000     -0.13566400      0.95133200     -0.30008600      0.07009400      0.00000900      0.00006000      0.00007600     -0.00001200     -0.00000600     -0.00001100     -0.54361300
     0.15262100     -0.05647500      0.31147700     -0.01567000      0.14379500     -0.98950600     -0.31155000     -0.94102000     -0.13186900     -0.95009400      0.30602900      0.06077600      0.00004100      0.00032800      0.00042000      0.00000000      0.00000000      0.00000000     -0.39585700     -0.16720600     -0.03738600      0.29560700     -0.13317800     -0.09579600      0.98644700      0.66133500     -0.74986300      0.01658100      0.73824500      0.65469400      0.16196400     -0.00000000     -0.00000800     -0.00001100      0.00000000      0.00000000      0.00000000     -0.91276600      0.04211800      0.02431900     -0.02015500      0.15930100      0.20891200      0.96487200     -0.69154900      0.72111000     -0.04195800     -0.70454400     -0.66057200      0.25934600      0.00775200      0.00037400     -0.00035100      0.00207100     -0.01520400      0.02925000     -0.99309500      0.07551600      0.01443200     -0.06179400      0.02524000     -0.15066000     -0.98826300      0.30709700      0.94194500     -0.13575600      0.95134300     -0.30006600      0.07004200      0.00002900      0.00023200      0.00029500     -0.00000500     -0.00001300      0.00000000     -0.54296000
     0.15263600     -0.05644500      0.31149700     -0.01568500      0.14378000     -0.98950800     -0.31152500     -0.94103100     -0.13185100     -0.95010200      0.30600400      0.06078100      0.00006700      0.00054500      0.00069800      0.00000000      0.00000000      0.00000000     -0.39512600     -0.16720600     -0.03739200      0.29560000     -0.13329900     -0.09575700      0.98643500      0.66131400     -0.74987900      0.01668800      0.73824200      0.65468200      0.16202900     -0.00000000     -0.00001900     -0.00002400      0.00000000      0.00000000      0.00000000     -0.91295900      0.04211800      0.02431700     -0.02015900      0.15942300      0.20887600      0.96485900     -0.69152500      0.72113800     -0.04185400     -0.70453900     -0.66055300      0.25940900      0.00000100     -0.00000200     -0.00000400      0.00001900      0.00000400      0.00001700     -0.99342100      0.07552300      0.01444600     -0.06178400      0.02525400     -0.15064400     -0.98826500      0.30707300      0.94195600     -0.13573800      0.95135000     -0.30004100      0.07004700      0.00004100      0.00033700      0.00042800     -0.00000200      0.00000100      0.00000300     -0.54247000
     0.15263600     -0.05644000      0.31150400     -0.01566900      0.14379500     -0.98950600     -0.31152400     -0.94102800     -0.13187000     -0.95010300      0.30600500      0.06077100      0.00001700      0.00013900      0.00017700      0.00000000      0.00000000      0.00000000     -0.39522500     -0.16723000     -0.03739800      0.29559400     -0.13337300     -0.09573500      0.98642600      0.66130200     -0.74988800      0.01675100      0.73824000      0.65467400      0.16207000     -0.00000600     -0.00066800     -0.00085000      0.00000000      0.00000000      0.00000000     -0.91276800      0.04210600      0.02431500     -0.02016000      0.15949700      0.20885700      0.96485100     -0.69151100      0.72115500     -0.04179300     -0.70453600     -0.66054000      0.25944900     -0.00000300     -0.00037600     -0.00047700      0.00001100     -0.00001200      0.00002100     -0.99440100      0.07552300      0.01445000     -0.06178000      0.02523900     -0.15065900     -0.98826300      0.30707300      0.94195300     -0.13575700      0.95135100     -0.30004200      0.07003700      0.00000700      0.00006400      0.00008100     -0.00000000      0.00000700      0.00000500     -0.54230700
     0.15263800     -0.05641300      0.31150500     -0.01571800      0.14374200     -0.98951300     -0.31147500     -0.94105300     -0.13180800     -0.95011800      0.30595300      0.06079400      0.00003700      0.00029600      0.00037900      0.00000000      0.00000000      0.00000000     -0.39381500     -0.16725400     -0.03740700      0.29556900     -0.13384400     -0.09558300      0.98637800      0.66120300     -0.74996700      0.01716200      0.73824400      0.65460600      0.16232400     -0.00001000     -0.00102400     -0.00130400      0.00000000      0.00000000      0.00000000     -0.91170200      0.04209400      0.02431100     -0.02017200      0.15997300      0.20871800      0.96480300     -0.69140200      0.72128300     -0.04139700     -0.70453600     -0.66044400      0.25969400     -0.00000400     -0.00059300     -0.00075200     -0.00180500      0.01469600     -0.02471000     -0.99407400      0.07552400      0.01446200     -0.06178100      0.02528800     -0.15060600     -0.98827000      0.30702400      0.94197800     -0.13569600      0.95136500     -0.29999100      0.07006000      0.00002100      0.00018000      0.00023200      0.00000400     -0.00001100     -0.00001000     -0.54181700
     0.15262600     -0.05640700      0.31151200     -0.01582700      0.14363500     -0.98952700     -0.31147800     -0.94107200     -0.13167400     -0.95011500      0.30594700      0.06086400      0.00003600      0.00029500      0.00037700      0.00000000      0.00000000      0.00000000     -0.39347400     -0.16725400     -0.03742900      0.29554100     -0.13432500     -0.09542500      0.98632700      0.66112000     -0.75003000      0.01758900      0.73823100      0.65455700      0.16258100     -0.00000700     -0.00074900     -0.00095400      0.00000000      0.00000000      0.00000000     -0.91108000      0.04209400      0.02429900     -0.02018700      0.16045900      0.20857400      0.96475300     -0.69130900      0.72139600     -0.04098300     -0.70451700     -0.66036600      0.25994400     -0.00000400     -0.00047500     -0.00060500      0.00000500     -0.00000800      0.00002800     -0.99440100      0.07551800      0.01446500     -0.06177700      0.02539500     -0.15049900     -0.98828300      0.30702400      0.94199700     -0.13556100      0.95136200     -0.29998400      0.07012900      0.00002200      0.00018500      0.00023600     -0.00000100      0.00000800     -0.00002300     -0.54100100
     0.15262700     -0.05640200      0.31151900     -0.01581100      0.14365100     -0.98952500     -0.31147700     -0.94106900     -0.13169300     -0.95011600      0.30594800      0.06085400      0.00007000      0.00056400      0.00072200      0.00000000      0.00000000      0.00000000     -0.39326100     -0.16725400     -0.03744500      0.29552000     -0.13468600     -0.09530700      0.98629000      0.66105800     -0.75007700      0.01790800      0.73822200      0.65452000      0.16277400     -0.00000100     -0.00014400     -0.00018400      0.00000000      0.00000000      0.00000000     -0.91006800      0.04209400      0.02428900     -0.02020000      0.16082300      0.20846600      0.96471600     -0.69123900      0.72148000     -0.04067300     -0.70450200     -0.66030800      0.26013100      0.00000000     -0.00008200     -0.00010600      0.00001000     -0.00000100      0.00000600     -0.99456400      0.07551800      0.01446700     -0.06177500      0.02538000     -0.15051400     -0.98828100      0.30702400      0.94199400     -0.13558000      0.95136200     -0.29998500      0.07011900      0.00005600      0.00044200      0.00056200      0.00000600     -0.00002700      0.00001800     -0.54051100
     0.15261500     -0.05640100      0.31152000     -0.01582800      0.14363300     -0.98952700     -0.31147800     -0.94107200     -0.13167100     -0.95011500      0.30594700      0.06086500      0.00000100      0.00001000      0.00001200      0.00000000      0.00000000      0.00000000     -0.39254100     -0.16724200     -0.03744500      0.29551900     -0.13485000     -0.09525200      0.98627300      0.66103000     -0.75009800      0.01805400      0.73821700      0.65450400      0.16286100     -0.00000000     -0.00000200     -0.00000300      0.00000000      0.00000000      0.00000000     -0.91013900      0.04210000      0.02429000     -0.02020000      0.16098800      0.20841600      0.96469900     -0.69120700      0.72151800     -0.04053100     -0.70449600     -0.66028200      0.26021500      0.00000100      0.00001800      0.00002000      0.00000600      0.00000800      0.00003600     -0.99423700      0.07551300      0.01446900     -0.06177300      0.02539700     -0.15049700     -0.98828400      0.30702400      0.94199700     -0.13555900      0.95136200     -0.29998500      0.07013000      0.00000100     -0.00000200     -0.00000500      0.00000500     -0.00001500     -0.00001900     -0.54051100
     0.15261700     -0.05638500      0.31154100     -0.01588800      0.14357400     -0.98953500     -0.31147900     -0.94108200     -0.13159600     -0.95011400      0.30594400      0.06090300      0.00006300      0.00051100      0.00065300      0.00000000      0.00000000      0.00000000     -0.39162000     -0.16724200     -0.03743700      0.29554600     -0.13517800     -0.09514500      0.98623800      0.66099300     -0.75012400      0.01834900      0.73819100      0.65449000      0.16303600      0.00000300      0.00027900      0.00035500      0.00000000      0.00000000      0.00000000     -0.90751400      0.04210000      0.02429400     -0.02018600      0.16131900      0.20831900      0.96466500     -0.69116200      0.72157800     -0.04024300     -0.70446400     -0.66024800      0.26038600      0.00000100      0.00017500      0.00022300      0.00001700      0.00001400     -0.00000300     -0.99489100      0.07551400      0.01447600     -0.06176300      0.02545700     -0.15043800     -0.98829100      0.30702500      0.94200800     -0.13548500      0.95136000     -0.29998100      0.07016900      0.00004000      0.00032700      0.00041800      0.00000400     -0.00000400     -0.00003200     -0.53969400
     0.15261900     -0.05636900      0.31156100     -0.01584200      0.14361900     -0.98952900     -0.31147800     -0.94107400     -0.13165400     -0.95011500      0.30594700      0.06087400      0.00002800      0.00023000      0.00029400      0.00000000      0.00000000      0.00000000     -0.39135300     -0.16724100     -0.03742000      0.29556700     -0.13580200     -0.09493900      0.98617200      0.66088500     -0.75020500      0.01890200      0.73817300      0.65442600      0.16337000      0.00000000      0.00003900      0.00005000      0.01254700     -0.10144600      0.17059300     -0.90047700      0.04210000      0.02430300     -0.02017400      0.16194900      0.20813200      0.96459900     -0.69104100      0.72172400     -0.03970600     -0.70443900     -0.66014700      0.26071000      0.00000100     -0.00000000      0.00000200      0.01256600     -0.10144600      0.17059400     -0.99407400      0.07551500      0.01448500     -0.06175200      0.02541100     -0.15048300     -0.98828500      0.30702500      0.94199900     -0.13554100      0.95136100     -0.29998400      0.07013900      0.00001600      0.00013000      0.00016300      0.00000500     -0.00001000     -0.00002400     -0.53953100
     0.15262000     -0.05635800      0.31157500     -0.01789900      0.14159300     -0.98978600     -0.31175300     -0.94134000     -0.12907900     -0.94998600      0.30607600      0.06222200      0.00008800      0.00070900      0.00090700     -0.00000000      0.00000000     -0.00000000     -0.39132800     -0.16724100     -0.03742000      0.29556700     -0.13594300     -0.09489300      0.98615700      0.66086100     -0.75022300      0.01902600      0.73816900      0.65441200      0.16344500      0.00000000      0.00000100      0.00000100      0.00000000      0.00000000      0.00000000     -0.89532600      0.04210000      0.02430300     -0.02017500      0.16209200      0.20808900      0.96458500     -0.69101300      0.72175700     -0.03958500     -0.70443300     -0.66012400      0.26078300      0.00000200     -0.00001200     -0.00001300      0.00001000     -0.00000200      0.00000500     -0.99358400      0.07551500      0.01448900     -0.06174600      0.02748700     -0.14841800     -0.98854200      0.30727800      0.94228900     -0.13293000      0.95122200     -0.30010300      0.07150700      0.00005600      0.00045400      0.00057900      0.00054300     -0.00205200      0.00399200     -0.53920400
     0.15262200     -0.05634200      0.31159600     -0.01785300      0.14163900     -0.98978000     -0.31175200     -0.94133200     -0.12913600     -0.94998700      0.30607800      0.06219200      0.00011900      0.00096400      0.00123200     -0.00000000      0.00000000     -0.00000000     -0.39046300     -0.16725300     -0.03742600      0.29556100     -0.13646200     -0.09472400      0.98610200      0.66077100     -0.75029100      0.01948500      0.73815500      0.65435900      0.16372300     -0.00000100     -0.00011200     -0.00014200      0.00000000      0.00000000      0.00000000     -0.88820000      0.04209400      0.02429900     -0.02017800      0.16261600      0.20793500      0.96453000     -0.69091100      0.72187800     -0.03914000     -0.70441200     -0.66004000      0.26105400     -0.00000200     -0.00007100     -0.00009400      0.00000800      0.00001400     -0.00001300     -0.99342100      0.07551600      0.01449600     -0.06173700      0.02741200     -0.14849200     -0.98853300      0.30727400      0.94227700     -0.13302300      0.95122500     -0.30010400      0.07145800      0.00006600      0.00054700      0.00069800      0.00082700     -0.01325900      0.02567000     -0.53871500
     0.15262400     -0.05633100      0.31161000     -0.01782200      0.14166900     -0.98977700     -0.31175100     -0.94132700     -0.12917400     -0.94998800      0.30608000      0.06217300      0.00007100      0.00057200      0.00073100      0.00000000      0.00000000      0.00000000     -0.39066100     -0.16726500     -0.03741300      0.29556200     -0.13703800     -0.09453600      0.98604000      0.66065100     -0.75038300      0.01999000      0.73815600      0.65428100      0.16403200      0.00000200      0.00021400      0.00027200      0.00000000      0.00000000      0.00000000     -0.87856500      0.04208800      0.02430500     -0.02017800      0.16305400      0.20780600      0.96448300     -0.69080800      0.72199700     -0.03877400     -0.70441200     -0.65995100      0.26127900      0.00000200      0.00016500      0.00021000      0.00000900      0.00001800     -0.00000000     -0.99325800      0.07551700      0.01450300     -0.06172900      0.02738100     -0.14852300     -0.98852900      0.30727500      0.94227200     -0.13306200      0.95122600     -0.30010700      0.07143800      0.00004300      0.00036700      0.00046700     -0.00000600     -0.00001300      0.00001300     -0.53838800
     0.15262400     -0.05633100      0.31161000     -0.01782200      0.14166900     -0.98977700     -0.31175100     -0.94132700     -0.12917400     -0.94998800      0.30608000      0.06217300      0.00000100      0.00000800      0.00001100      0.00000000      0.00000000      0.00000000     -0.39075000     -0.16726500     -0.03741300      0.29556200     -0.13731900     -0.09444400      0.98600900      0.66060200     -0.75041900      0.02023900      0.73814700      0.65425200      0.16418200      0.00000000      0.00000300      0.00000400      0.01254600     -0.10145100      0.17059000     -0.86840700      0.04208800      0.02430600     -0.02017800      0.16333800      0.20772200      0.96445400     -0.69075300      0.72206200     -0.03853200     -0.70440000     -0.65990600      0.26142500     -0.00000000     -0.00000200     -0.00000400      0.00000100     -0.00000200      0.00003500     -0.99064500      0.07551700      0.01450400     -0.06172700      0.02738100     -0.14852300     -0.98852900      0.30727500      0.94227200     -0.13306200      0.95122600     -0.30010700      0.07143800     -0.00000200     -0.00001000     -0.00001400     -0.00000300     -0.00001500     -0.00001000     -0.53822500
     0.15262400     -0.05633100      0.31161000     -0.01792800      0.14156500     -0.98979000     -0.31175300     -0.94134500     -0.12904300     -0.94998500      0.30607500      0.06224100      0.00000000      0.00000000      0.00000000      0.00000000      0.00000000      0.00000000     -0.38993700     -0.16726500     -0.03741300      0.29556200     -0.13788100     -0.09425900      0.98594900      0.66050400     -0.75049200      0.02073700      0.73813100      0.65419500      0.16448300      0.00000000      0.00000000      0.00000000      0.00000000      0.00000000      0.00000000     -0.85643100      0.04208800      0.02430600     -0.02017800      0.16404700      0.20751100      0.96437900     -0.69061500      0.72222600     -0.03792800     -0.70437000     -0.65979300      0.26179000     -0.00000200     -0.00000200     -0.00000500      0.00000900      0.00001900      0.00001500     -0.98884900      0.07551700      0.01450400     -0.06172800      0.02748700     -0.14841800     -0.98854200      0.30727500      0.94229000     -0.13293000      0.95122300     -0.30010000      0.07150600      0.00000200     -0.00000400     -0.00001000     -0.00001200     -0.00000200      0.00002100     -0.53789800
     0.15262400     -0.05632600      0.31161700     -0.01791300      0.14158000     -0.98978800     -0.31175300     -0.94134200     -0.12906200     -0.94998600      0.30607500      0.06223100      0.00000200      0.00001900      0.00002400      0.00000000      0.00000000      0.00000000     -0.38976400     -0.16726500     -0.03741300      0.29556200     -0.13830400     -0.09412000      0.98590300      0.66043000     -0.75054700      0.02111100      0.73811900      0.65415200      0.16470900      0.00000000      0.00000000      0.00000000      0.00000000      0.00000000      0.00000000     -0.85175200      0.04208800      0.02430600     -0.02017800      0.16447400      0.20738500      0.96433300     -0.69053200      0.72232500     -0.03756500     -0.70435200     -0.65972500      0.26200900     -0.00000100     -0.00000200     -0.00000400      0.00001200      0.00001200      0.00001500     -0.98754200      0.07551700      0.01450600     -0.06172400      0.02747100     -0.14843400     -0.98854000      0.30727500      0.94228700     -0.13294900      0.95122300     -0.30010200      0.07149600      0.00000400      0.00000400      0.00000100     -0.00000800     -0.00000500     -0.00002100     -0.53757200
     0.15261200     -0.05632500      0.31161700     -0.01793000      0.14156200     -0.98979000     -0.31175300     -0.94134500     -0.12904000     -0.94998500      0.30607500      0.06224200      0.00000000      0.00000000      0.00000000      0.00000000      0.00000000      0.00000000     -0.38941200     -0.16726500     -0.03741300      0.29556200     -0.13844400     -0.09407400      0.98588800      0.66040600     -0.75056500      0.02123600      0.73811500      0.65413800      0.16478400      0.00000000      0.00000000      0.00000000      0.00000000      0.00000000      0.00000000     -0.85057600      0.04208800      0.02430600     -0.02017800      0.16461500      0.20734200      0.96431800     -0.69050500      0.72235700     -0.03744400     -0.70434600     -0.65970300      0.26208200     -0.00000000     -0.00000200     -0.00000400      0.00000900      0.00000400      0.00003000     -0.98868600      0.07551100      0.01450700     -0.06172400      0.02748900     -0.14841600     -0.98854200      0.30727500      0.94229000     -0.13292700      0.95122300     -0.30010100      0.07150700      0.00000300     -0.00000400     -0.00001000     -0.00000600     -0.00000900      0.00000300     -0.53757200
     0.15261400     -0.05631400      0.31163100     -0.01800600      0.14148900     -0.98979900     -0.31175400     -0.94135800     -0.12894700     -0.94998300      0.30607000      0.06229100      0.00009700      0.00078500      0.00100300      0.00000000      0.00000000      0.00000000     -0.38903800     -0.16726500     -0.03741300      0.29556200     -0.13886600     -0.09393500      0.98584100      0.66033100     -0.75061900      0.02160900      0.73810200      0.65409500      0.16501000      0.00000000      0.00000000      0.00000000      0.00000000      0.00000000      0.00000000     -0.84870700      0.04208800      0.02430600     -0.02017800      0.16504100      0.20721600      0.96427300     -0.69042200      0.72245500     -0.03708100     -0.70432800     -0.65963500      0.26230100     -0.00000000     -0.00000200     -0.00000300      0.00002000      0.00002400      0.00000900     -0.98950200      0.07551200      0.01451000     -0.06171900      0.02756400     -0.14834200     -0.98855100      0.30727600      0.94230300     -0.13283400      0.95122000     -0.30009700      0.07155600      0.00006700      0.00052400      0.00066700     -0.00000300      0.00000100     -0.00002700     -0.53740800
     0.15261500     -0.05630400      0.31164500     -0.01797500      0.14151900     -0.98979500     -0.31175400     -0.94135300     -0.12898500     -0.94998400      0.30607200      0.06227100      0.00008400      0.00068300      0.00087300      0.00000000      0.00000000      0.00000000     -0.38862600     -0.16726500     -0.03741900      0.29555500     -0.13940900     -0.09375600      0.98578200      0.66023600     -0.75068900      0.02209000      0.73808600      0.65404000      0.16530000     -0.00000000     -0.00002600     -0.00003300      0.00000000      0.00000000      0.00000000     -0.84770000      0.04208800      0.02430300     -0.02018100      0.16558900      0.20705200      0.96421400     -0.69031400      0.72258200     -0.03661500     -0.70430500     -0.65954800      0.26258300     -0.00000100     -0.00000900     -0.00001200      0.00001900     -0.00000700      0.00000100     -0.99015500      0.07551300      0.01451600     -0.06171200      0.02753300     -0.14837200     -0.98854800      0.30727600      0.94229800     -0.13287200      0.95122100     -0.30009900      0.07153600      0.00004700      0.00037800      0.00048100      0.00000300     -0.00001200     -0.00001900     -0.53708200
     0.15261700     -0.05628700      0.31166600     -0.01803500      0.14146000     -0.98980300     -0.31175500     -0.94136200     -0.12891000     -0.94998200      0.30606900      0.06230900      0.00008900      0.00071800      0.00091600      0.00000000      0.00000000      0.00000000     -0.38809900     -0.16726500     -0.03741300      0.29556200     -0.13985100     -0.09361100      0.98573300      0.66015800     -0.75074600      0.02248100      0.73807300      0.65399500      0.16553600      0.00000000      0.00001900      0.00002400      0.00000000      0.00000000      0.00000000     -0.84725400      0.04208800      0.02430600     -0.02017800      0.16603500      0.20691900      0.96416600     -0.69022600      0.72268500     -0.03623500     -0.70428600     -0.65947700      0.26281200      0.00000000      0.00000600      0.00000800      0.00002800      0.00001700     -0.00003600     -0.99064500      0.07551400      0.01452400     -0.06170100      0.02759300     -0.14831300     -0.98855500      0.30727700      0.94230800     -0.13279800      0.95122000     -0.30009600      0.07157400      0.00005700      0.00046500      0.00058900     -0.00000100      0.00000700     -0.00001500     -0.53691900
     0.15261800     -0.05628200      0.31167300     -0.01802000      0.14147500     -0.98980100     -0.31175500     -0.94136000     -0.12892900     -0.94998300      0.30607000      0.06230000      0.00001500      0.00012200      0.00015500      0.00000000      0.00000000      0.00000000     -0.38811500     -0.16726500     -0.03741300      0.29556200     -0.13999100     -0.09356400      0.98571800      0.66013300     -0.75076400      0.02260600      0.73806800      0.65398100      0.16561200      0.00000000      0.00000000      0.00000000      0.00000000      0.00000000      0.00000000     -0.84718200      0.04208800      0.02430600     -0.02017800      0.16617600      0.20687700      0.96415000     -0.69019800      0.72271800     -0.03611400     -0.70428000     -0.65945400      0.26288500      0.00000000     -0.00000200     -0.00000400      0.00001300     -0.00000500      0.00001800     -0.99097200      0.07551400      0.01452900     -0.06169600      0.02757700     -0.14832800     -0.98855300      0.30727700      0.94230500     -0.13281700      0.95122000     -0.30009700      0.07156400      0.00000600      0.00004500      0.00005600      0.00000000      0.00000600     -0.00001100     -0.53659200
     0.15261900     -0.05627100      0.31168600     -0.01798900      0.14150500     -0.98979700     -0.31175400     -0.94135500     -0.12896700     -0.94998400      0.30607100      0.06228000      0.00000200      0.00001600      0.00002100      0.00000000      0.00000000      0.00000000     -0.38830600     -0.16726500     -0.03740800      0.29556900     -0.14043400     -0.09341900      0.98566800      0.66005500     -0.75082100      0.02299800      0.73805500      0.65393600      0.16584800      0.00000000      0.00000100      0.00000100      0.00000000      0.00000000      0.00000000     -0.84712600      0.04208800      0.02430900     -0.02017400      0.16662300      0.20674400      0.96410200     -0.69011000      0.72282000     -0.03573400     -0.70426100     -0.65938300      0.26311500     -0.00000200     -0.00000500     -0.00000700      0.00001600      0.00000300      0.00000900     -0.99178800      0.07551500      0.01453400     -0.06168900      0.02754700     -0.14835900     -0.98854900      0.30727700      0.94230000     -0.13285500      0.95122100     -0.30009900      0.07154500     -0.00000300     -0.00000800     -0.00001000      0.00000400     -0.00000800     -0.00002300     -0.53642900
     0.15263200     -0.05626600      0.31169300     -0.01795600      0.14153800     -0.98979300     -0.31175400     -0.94135000     -0.12900800     -0.94998400      0.30607300      0.06225900      0.00000000      0.00000200      0.00000200      0.00000000      0.00000000      0.00000000     -0.38866700     -0.16726500     -0.03741300      0.29556200     -0.14097600     -0.09324000      0.98560800      0.65995900     -0.75089100      0.02347800      0.73803800      0.65388100      0.16613800     -0.00000200     -0.00025200     -0.00032100      0.00000000      0.00000000      0.00000000     -0.84627600      0.04208800      0.02430600     -0.02017700      0.16717000      0.20658100      0.96404200     -0.69000200      0.72294700     -0.03526800     -0.70423700     -0.65929600      0.26339600     -0.00000400     -0.00016600     -0.00021400      0.00001600      0.00000200     -0.00000100     -0.99260400      0.07552100      0.01453600     -0.06168600      0.02751400     -0.14839100     -0.98854500      0.30727700      0.94229400     -0.13289600      0.95122100     -0.30010000      0.07152400     -0.00000100     -0.00001000     -0.00001300      0.00000400      0.00000500     -0.00000100     -0.53659200
     0.15263200     -0.05626600      0.31169300     -0.01806200      0.14143400     -0.98980600     -0.31175500     -0.94136700     -0.12887700     -0.94998200      0.30606800      0.06232700      0.00000000      0.00000000      0.00000000      0.00000000      0.00000000      0.00000000     -0.38872400     -0.16726600     -0.03740500      0.29555600     -0.14113100     -0.09318800      0.98559100      0.65991100     -0.75092800      0.02361100      0.73805100      0.65384600      0.16622200     -0.00091800      0.01105000     -0.00826500      0.03646100     -0.01018500      0.01838700     -0.84663000      0.04208800      0.02430600     -0.02017800      0.16731200      0.20653900      0.96402700     -0.68997400      0.72297900     -0.03514700     -0.70423100     -0.65927300      0.26346900     -0.00000200      0.00000200      0.00000000      0.00001200      0.00000600      0.00001200     -0.99244100      0.07552100      0.01453600     -0.06168600      0.02762000     -0.14828700     -0.98855800      0.30727700      0.94231300     -0.13276400      0.95121800     -0.30009400      0.07159200      0.00000100     -0.00000600     -0.00001000      0.00000200     -0.00000300      0.00002000     -0.53659200
     0.15263200     -0.05625000      0.31167900     -0.02012400      0.13939800     -0.99005500     -0.31197400     -0.94164400     -0.12629400     -0.94986600      0.30615100      0.06367000      0.00000000      0.00000000      0.00000000     -0.00076200      0.00303500     -0.00594000     -0.38829400     -0.16727900     -0.03738900      0.29554400     -0.14170000     -0.09300100      0.98552700      0.65977100     -0.75103600      0.02410600      0.73806800      0.65374900      0.16652800     -0.00000000     -0.00000000     -0.00000000      0.00000000      0.00000000      0.00000000     -0.84581400      0.04208100      0.02431800     -0.02018700      0.16790100      0.20636300      0.96396200     -0.68980200      0.72316700     -0.03466600     -0.70425900     -0.65912200      0.26376900     -0.00000000      0.00000200      0.00000300      0.00002200      0.00001200     -0.00000500     -0.99325800      0.07552100      0.01454400     -0.06169300      0.02972100     -0.14619200     -0.98880900      0.30747700      0.94261600     -0.13012100      0.95109100     -0.30016800      0.07296600      0.00000300     -0.00000100     -0.00000700      0.00008700     -0.00014800      0.00021300     -0.53642900
     0.15263200     -0.05618700      0.31162600     -0.02118600      0.13765500     -0.99027700     -0.31760800     -0.94007300     -0.12393500     -0.94797200      0.31171700      0.06486800     -0.00001400      0.01054800     -0.00894400     -5.43721800     -0.69704800      0.37661100     -0.38866700     -0.16736700     -0.03700500      0.29530200     -0.14539600     -0.09525300      0.98477300      0.68056700     -0.73203500      0.02979200      0.71820000      0.67464800      0.17000800     -0.00182300      0.02320900     -0.01511700      0.02857400     -0.02279900      0.03083700     -0.84180100      0.04203800      0.02449500     -0.02030200      0.17171300      0.20857000      0.96281400     -0.70956600      0.70415800     -0.02599200     -0.68339500     -0.67871800      0.26890700     -0.00090700      0.01183000     -0.00727300     -0.42078200     -0.05887500     -0.01110800     -0.99309500      0.07552100      0.01457100     -0.06171700      0.03170900     -0.14419600     -0.98904000      0.30754100      0.94293800     -0.12761500      0.95100500     -0.30012400      0.07424500      0.00000200      0.00000000     -0.00000500      0.00009000     -0.00022000      0.00033400     -0.53642800
     0.15265400     -0.05590600      0.31136200     -0.02037300      0.13637900     -0.99047000     -0.33359900     -0.93478500     -0.12190300     -0.94248300      0.32776100      0.06577200     -0.00002500      0.01046200     -0.00905500     -0.45700900     -0.07304100      0.05135300     -0.38863600     -0.16772200     -0.03569000      0.29452600     -0.17394700     -0.08926000      0.98069700      0.70155300     -0.71004600      0.05992600      0.69117700      0.69853900      0.18488200     -0.00361100      0.04821200     -0.02794700      0.02636200     -0.48144200      0.80743600     -0.80926300      0.04186100      0.02514500     -0.02069200      0.19942100      0.20323000      0.95860700     -0.72891100      0.68457700      0.00650300     -0.65491900     -0.70003600      0.28465600     -0.00953600      0.02357000     -0.01383400     -0.24609000     -1.47306800      2.35793100     -0.98460300      0.07553200      0.01471200     -0.06184900      0.02998500     -0.14320500     -0.98923800      0.32867600      0.93606100     -0.12554500      0.94396600     -0.32137500      0.07513500     -0.00001500      0.00522100     -0.00454800     -1.62351100     -0.21724900      0.12831800     -0.53642900
     0.15265300     -0.05564200      0.31112800     -0.02004000      0.13660500     -0.99044600     -0.33275400     -0.93503600     -0.12228300     -0.94278900      0.32694900      0.06542600     -0.00001900      0.01050600     -0.00900000      0.03563700     -0.01242600      0.01863000     -0.38801900     -0.16803200     -0.03462000      0.29393600     -0.18915700     -0.08138000      0.97856500      0.71784000     -0.69138800      0.08137800      0.67015100      0.71793800      0.18795200     -0.00448500      0.06120200     -0.03374300     -5.27789500     -0.15227000     -0.17708700     -0.76783100      0.04171300      0.02565100     -0.02097300      0.21563200      0.19739700      0.95631400     -0.74025800      0.67172800      0.02826000     -0.63680500     -0.71401300      0.29097100     -0.00996100      0.03001700     -0.01679400     -0.18227700     -1.49486200      2.63571200     -0.97317300      0.07553200      0.01484700     -0.06197000      0.02956400     -0.14346300     -0.98921300      0.32830200      0.93613700     -0.12595400      0.94410900     -0.32103800      0.07477500     -0.00000100      0.00526500     -0.00448500      0.03613000     -0.01237000      0.01876900     -0.53593900
     0.15264000     -0.05489900      0.31048000     -0.01865400      0.13701700     -0.99041600     -0.33593000     -0.93381800     -0.12291400     -0.94169200      0.33024100      0.06467900     -0.00015300      0.02008600     -0.01918500     -5.40311200     -0.69091300      0.36911800     -0.38765300     -0.16899200     -0.03191200      0.29247400     -0.21862000     -0.06828700      0.97341300      0.73467100     -0.66798700      0.11825800      0.64239500      0.74106700      0.19496300     -0.02068700      0.07338900     -0.03894600      0.18239800     -0.02424400      0.59053300     -0.57069300      0.04124500      0.02699400     -0.02169500      0.24480000      0.18323100      0.95210200     -0.75867000      0.64765700      0.07042400     -0.60373200     -0.73957100      0.29755800     -0.01802400      0.03637700     -0.01906500     -0.26502600      0.04204900      0.52048700     -0.86932000      0.07552500      0.01520600     -0.06227700      0.02902900     -0.14374000     -0.98918900      0.32602900      0.93684800     -0.12656700      0.94491300     -0.31883100      0.07406000      0.00000100      0.01059200     -0.00889100      0.06595000      0.06705400     -0.13903000     -0.53528600
     0.15267300     -0.05411700      0.30976300     -0.01839500      0.13700600     -0.99042200     -0.33340400     -0.93469000     -0.12315800     -0.94259500      0.32776900      0.06410400     -0.00012900      0.02028600     -0.01893500      0.07125800     -0.02506200      0.03715000     -0.38575600     -0.17048200     -0.02892300      0.29093700     -0.24856500     -0.04879900      0.96738100      0.76136700     -0.62715300      0.16411300      0.59897000      0.77737300      0.19180800     -0.03667300      0.08546700     -0.04435200     -5.19171900     -0.45475900      0.14809200     -0.34287600      0.04049300      0.02851600     -0.02247700      0.27601900      0.16540200      0.94681200     -0.77889400      0.61566100      0.11951500     -0.56314800     -0.77045600      0.29876500     -0.02554100      0.03692200     -0.01761600      0.05480300     -0.09694100      1.00200400     -0.65655200      0.07554100      0.01560400     -0.06264300      0.02794800     -0.14385500     -0.98920400      0.32900000      0.93577900     -0.12679100      0.94391600     -0.32190400      0.07348200     -0.00006900      0.01001300     -0.00963400      0.06600200      0.06744700     -0.13882700     -0.53430600
     0.15271700     -0.05373200      0.30938000     -0.01743500      0.13712300     -0.99042300     -0.33764600     -0.93314700     -0.12330300     -0.94110300      0.33208700      0.06380100     -0.00015400      0.02009300     -0.01918300      0.07125300     -0.02511300      0.03712300     -0.38577300     -0.17144000     -0.02734300      0.29017200     -0.26706200     -0.04420700      0.96266100      0.77449700     -0.60417800      0.18723600      0.57364800      0.79562300      0.19436300     -0.05178700      0.08518600     -0.04319700     -0.23604600     -0.18702700      0.87886900     -0.21791800      0.04003900      0.02927900     -0.02284600      0.29350000      0.15941600      0.94257200     -0.79284800      0.59146200      0.14684600     -0.53408600     -0.79041600      0.29998700     -0.01777000      0.03731100     -0.01776100     -5.26507500     -0.87688700     -0.18985500     -0.54322900      0.07556400      0.01578800     -0.06282800      0.02701200     -0.14396100     -0.98921400      0.33331200      0.93424200     -0.12685900      0.94242900     -0.32629100      0.07321900     -0.00009600      0.00444900     -0.00552900      0.03046200      0.08041800     -0.15736800     -0.53381600
     0.15280500     -0.05310800      0.30871500     -0.01746100      0.13290400     -0.99099800     -0.33558800     -0.93438900     -0.11945300     -0.94183800      0.33031100      0.06214900     -0.00019200      0.01979700     -0.01956700      0.08046800     -0.18944500     -0.05787300     -0.38662400     -0.17357300     -0.02468600      0.28893000     -0.29915000     -0.03761000      0.95346000      0.79644000     -0.56006500      0.22791300      0.52577500      0.82758500      0.19628000     -0.06495500      0.06102700     -0.02794900     -1.39868300     -0.54430100      0.51853400     -0.04026300      0.03895800      0.03064800     -0.02348200      0.32615800      0.15249400      0.93293400     -0.81133200      0.55164000      0.19347600     -0.48514000     -0.82002300      0.30364500     -0.02441400      0.02483800     -0.01058800     -5.11684100     -1.30574800     -0.39725500     -0.32654200      0.07560700      0.01611500     -0.06317500      0.02712800     -0.13985000     -0.98980000      0.33109800      0.93553100     -0.12310700      0.94320600     -0.32438200      0.07168300     -0.00008800      0.00987600     -0.00981000      0.08376200     -0.22100800     -0.06683500     -0.53348900
