     0.14640900     -0.06844600      0.29478400     -0.46725000      0.39000600     -0.79348500     -0.61072700     -0.79127900     -0.02935800     -0.63874300      0.47039600      0.60890200      0.00029500     -0.00835100      0.01223800      0.01635500      0.21901700      0.09266000     -0.30287600     -0.16382900     -0.06666600      0.28341500     -0.52956800     -0.21885600      0.81954400      0.73273400     -0.60465000      0.31214400      0.42786600      0.76607200      0.47950800      0.00103300     -0.00512900      0.01745400     -0.04241000      0.01807800      0.01904100     -1.06187100      0.04460300      0.02060800     -0.01484600      0.58035800      0.20252900      0.78877400     -0.69827800      0.62215000      0.35402800     -0.41903500     -0.75624700      0.50249200      0.00830300      0.00305900      0.00375600      0.01284200     -0.02913300      0.06067400     -0.94818900      0.07567000      0.01566200     -0.05736600      0.47266700     -0.38576900     -0.79231700      0.60477000      0.79595000     -0.02675500      0.64096700     -0.46652400      0.60952100      0.00016300     -0.00403000      0.00633900      0.03881200      0.27545600      0.15728900     -0.46621400
     0.14635200     -0.06860100      0.29501400     -0.46687700      0.39546500     -0.79099900     -0.61150800     -0.79047500     -0.03433500     -0.63826900      0.46717600      0.61187100      0.00028600     -0.00840700      0.01215000      0.09738200      0.57280500      0.29813100     -0.30383600     -0.16359200     -0.06656700      0.28356000     -0.53027800     -0.21596700      0.81985100      0.73193500     -0.60449100      0.31431900      0.42835400      0.76701400      0.47756300      0.00006200      0.00433500      0.00680100     -0.14530800      0.42044200      0.23639200     -1.06171700      0.04472200      0.02065600     -0.01476600      0.58109800      0.20163300      0.78845900     -0.69765500      0.62227100      0.35504100     -0.41904800     -0.75638700      0.50227100      0.00001900      0.00211100      0.00330200     -0.26838400      0.60007300      0.31746300     -0.94753600      0.07564200      0.01558400     -0.05725100      0.47173100     -0.38951800     -0.79104000      0.60540500      0.79532800     -0.03060200      0.64105700     -0.46446400      0.61099800      0.00007100     -0.00463700      0.00542500     -0.03798500      0.03318700     -0.01000500     -0.46670300
     0.14627100     -0.06893500      0.29542200     -0.46470700      0.40442700     -0.78773800     -0.61305600     -0.78882900     -0.04339800     -0.63837100      0.46225300      0.61549300     -0.01636300     -0.00838600      0.01178300     -0.00634100      0.15908500      0.01857700     -0.31163400     -0.16309600     -0.06638400      0.28372600     -0.53166700     -0.21567300      0.81902800      0.73108600     -0.60494300      0.31542200      0.42808300      0.76673900      0.47824600      0.00002700      0.00211900      0.00331800     -0.00003100      0.00009000      0.00005100     -1.06110400      0.04497000      0.02074800     -0.01468200      0.58240500      0.19948200      0.78804200     -0.69638900      0.62251900      0.35708600     -0.41933900     -0.75675300      0.50147600      0.00827700      0.00160900      0.00146200      0.00426600     -0.01867600      0.02763300     -0.94525000      0.07560700      0.01541800     -0.05704700      0.47042900     -0.40069200     -0.78622000      0.60723800      0.79345800     -0.04104500      0.64028000     -0.45811400      0.61658100      0.00007000     -0.00463100      0.00543500     -0.00552600      0.03239500      0.24522300     -0.47062300
     0.14624500     -0.06929100      0.29574000     -0.46516800      0.41481400     -0.78204400     -0.61503000     -0.78679700     -0.05157700     -0.63613300      0.45646900      0.62209200      0.00000000      0.00000100      0.00000200      0.06697000      0.29319500      0.14791600     -0.31381000     -0.16251200     -0.06628400      0.28382700     -0.53292800     -0.21540500      0.81827900      0.73035500     -0.60527800      0.31647100      0.42776500      0.76655000      0.47883500      0.01654300      0.00238100      0.00161200      0.00204500     -0.01520500      0.02924500     -1.05910500      0.04525600      0.02079600     -0.01463400      0.58359600      0.19922800      0.78722500     -0.69561000      0.62283400      0.35805400     -0.41897700     -0.75656100      0.50206900      0.00827000      0.00127900      0.00093200      0.00191700     -0.01537600      0.02912200     -0.94508700      0.07558800      0.01523700     -0.05688200      0.47071800     -0.41034800     -0.78104900      0.60919000      0.79152600     -0.04870900      0.63820900     -0.45287900      0.62256600     -0.00002900     -0.00529700      0.00443200      0.06313200      0.43096600      0.18781600     -0.47307200
     0.14624400     -0.06946200      0.29587400     -0.46334800      0.41832300     -0.78125500     -0.61574000     -0.78595800     -0.05572500     -0.63677500      0.45470500      0.62272500     -0.00003900     -0.01054200      0.00894100      0.00968300      0.21167500      0.08175300     -0.32282700     -0.16221400     -0.06623900      0.28385900     -0.53328800     -0.21532500      0.81806600      0.73014200     -0.60538000      0.31676800      0.42768100      0.76649200      0.47900200      0.01654200      0.00258900      0.00192700      0.00384000     -0.02882100      0.05457900     -1.05785000      0.04539800      0.02081600     -0.01462100      0.58390200      0.19915100      0.78701700     -0.69540600      0.62291700      0.35830700     -0.41889000     -0.75651300      0.50221400      0.00826700      0.00089600      0.00033200      0.00190900     -0.01528700      0.02915500     -0.94525000      0.07558800      0.01515900     -0.05682300      0.46899400     -0.41384200     -0.78024200      0.60985900      0.79074600     -0.05283500      0.63883900     -0.45105900      0.62324100     -0.00001100     -0.00004100     -0.00006200      0.07917900      0.34301900      0.16607900     -0.47633800
     0.14625500     -0.06966000      0.29604200     -0.46105100      0.42211600     -0.78057400     -0.61673100     -0.78484900     -0.06022000     -0.63748600      0.45311100      0.62316100     -0.00000000     -0.00000000     -0.00000000      0.00055900      0.00247200      0.00124400     -0.32677600     -0.16168200     -0.06619600      0.28383700     -0.53409100     -0.21514800      0.81758800      0.72965500     -0.60562700      0.31741900      0.42751100      0.76634600      0.47938700     -0.00000200     -0.00029900     -0.00046800     -0.00000000      0.00000000      0.00000000     -1.05421100      0.04567700      0.02084100     -0.01462900      0.58472900      0.19894500      0.78645500     -0.69484100      0.62316200      0.35897600     -0.41867300     -0.75636600      0.50261600      0.00826200      0.00021500     -0.00074200      0.00196400     -0.01525200      0.02917300     -0.94247400      0.07559300      0.01505500     -0.05673600      0.46693800     -0.41816300     -0.77917100      0.61096500      0.78955800     -0.05760100      0.63928700     -0.44915100      0.62415800     -0.00000500     -0.00000500     -0.00000700     -0.00592500     -0.01738300     -0.00934600     -0.48303300
     0.14625400     -0.06980600      0.29615600     -0.45696200      0.42424300     -0.78182400     -0.61779400     -0.78369400     -0.06423600     -0.63940100      0.45312000      0.62118800     -0.00002900     -0.00019200     -0.00028700      0.00000000      0.00000100      0.00000000     -0.32808700     -0.16114800     -0.06619700      0.28378500     -0.53488400     -0.21497400      0.81711500      0.72919500     -0.60583100      0.31808500      0.42730400      0.76623300      0.47975100      0.01652200      0.00039000     -0.00154500      0.00204500     -0.01520500      0.02924500     -1.04493500      0.04593700      0.02083900     -0.01465700      0.58546800      0.19875900      0.78595200     -0.69435600      0.62334400      0.35959900     -0.41844500     -0.75626400      0.50295800     -0.00000100     -0.00037400     -0.00059500     -0.00005900     -0.00005200     -0.00001500     -0.94051500      0.07559300      0.01497800     -0.05667600      0.46269700     -0.42021900     -0.78059300      0.61210100      0.78837700     -0.06158600      0.64128200     -0.44930700      0.62199600     -0.00002200     -0.00012500     -0.00018600      0.00525700     -0.09015900      0.17590300     -0.48450200
     0.14623800     -0.07000600      0.29628300     -0.45213500      0.42680500     -0.78323500     -0.61925900     -0.78214900     -0.06880400     -0.64141600      0.45338100      0.61891700     -0.00004400     -0.00029300     -0.00043900      0.00578400     -0.09022800      0.17715400     -0.32862900     -0.16071500     -0.06619700      0.28370900     -0.53537400     -0.21486200      0.81682400      0.72889100     -0.60599000      0.31847800      0.42720900      0.76613900      0.47998700     -0.00000300     -0.00067100     -0.00105000     -0.00000000      0.00000000      0.00000000     -1.01392400      0.04616000      0.02083800     -0.01469600      0.58595700      0.19863300      0.78561900     -0.69401400      0.62349700      0.35999100     -0.41832600     -0.75617100      0.50319700      0.00826400      0.00007300     -0.00097800      0.00200900     -0.01522300      0.02922200     -0.93480000      0.07558400      0.01487800     -0.05661300      0.45802100     -0.42273400     -0.78199200      0.61352400      0.78690800     -0.06604400      0.64327600     -0.44952100      0.61977900     -0.00004400     -0.00542200      0.00424200     -0.03622800      0.01324300     -0.01964300     -0.48531900
     0.14622500     -0.07011500      0.29637800     -0.45097900      0.42750500     -0.78352000     -0.62003100     -0.78146900     -0.06957600     -0.64148700      0.45389200      0.61846900     -0.00003300     -0.01049600      0.00900400     -0.02983300     -0.07759700      0.15862400     -0.32830300     -0.16055400     -0.06620600      0.28367200     -0.53557200     -0.21481800      0.81670500      0.72877300     -0.60604600      0.31864200      0.42716200      0.76610700      0.48007900     -0.00000300     -0.00062700     -0.00098200     -0.00000000      0.00000000      0.00000000     -1.00784800      0.04624100      0.02083300     -0.01471500      0.58614700      0.19858400      0.78549000     -0.69388600      0.62354900      0.36014800     -0.41827200     -0.75614100      0.50328700      0.00000100     -0.00037100     -0.00059100     -0.00002400     -0.00001400     -0.00001500     -0.93447300      0.07557800      0.01482300     -0.05656600      0.45675500     -0.42351200     -0.78231100      0.61435900      0.78618300     -0.06691200      0.64337900     -0.45005800      0.61928200     -0.00001700     -0.00523400      0.00452400     -0.02974700     -0.07751600      0.15841000     -0.48531900
     0.14620000     -0.07038700      0.29663800     -0.44962500      0.42836000     -0.78383100     -0.62127500     -0.78042500     -0.07018700     -0.64123400      0.45487900      0.61800500      0.00002200      0.00014700      0.00022100      0.00000000      0.00000000      0.00000000     -0.32305600     -0.16030600     -0.06621500      0.28362500     -0.53589800     -0.21474500      0.81651000      0.72857800     -0.60613800      0.31891100      0.42708500      0.76605400      0.48023200     -0.00000100     -0.00034700     -0.00054400     -0.00000000      0.00000000      0.00000000     -0.99251400      0.04636500      0.02082800     -0.01473900      0.58646000      0.19850400      0.78527700     -0.69367500      0.62363500      0.36040500     -0.41818400     -0.75609100      0.50343500      0.00826500      0.00030100     -0.00062800      0.00203500     -0.01520900      0.02921400     -0.93643300      0.07556600      0.01468700     -0.05643500      0.45541200     -0.42437300     -0.78262700      0.61560900      0.78515300     -0.06751900      0.64313600     -0.45104300      0.61881700      0.00000800      0.00007700      0.00011600      0.00011400      0.00000600     -0.00009100     -0.48450200
     0.14621000     -0.07080100      0.29698200     -0.44925400      0.42867500     -0.78387100     -0.62235300     -0.77960600     -0.06972500     -0.64044800      0.45598300      0.61800600     -0.00007200     -0.01074900      0.00861700     -0.03562700      0.01251800     -0.01858700     -0.30695200     -0.16018200     -0.06621700      0.28360600     -0.53607100     -0.21470600      0.81640700      0.72847600     -0.60618600      0.31905300      0.42704400      0.76602600      0.48031300     -0.00000000     -0.00002000     -0.00003100     -0.00000000      0.00000000      0.00000000     -0.93930000      0.04642700      0.02082700     -0.01475000      0.58662400      0.19846300      0.78516400     -0.69356400      0.62368000      0.36054200     -0.41813700     -0.75606500      0.50351300      0.00000100      0.00001300      0.00001900     -0.00000800     -0.00000900     -0.00000800     -0.92745200      0.07557100      0.01448500     -0.05626600      0.45503000     -0.42469700     -0.78267300      0.61667800      0.78435100     -0.06708300      0.64238100     -0.45213300      0.61880500     -0.00004800     -0.00541900      0.00424100     -0.03555100      0.01251700     -0.01866100     -0.47699100
     0.14622000     -0.07105500      0.29717700     -0.44783700      0.43196100     -0.78287800     -0.62299700     -0.77875700     -0.07337600     -0.64081700      0.45432900      0.61884300     -0.00014200     -0.01121500      0.00791700     -0.00973500      0.13306500      0.04139800     -0.29571200     -0.16018300     -0.06621400      0.28359200     -0.53606600     -0.21470700      0.81641100      0.72846700     -0.60620500      0.31903600      0.42706500      0.76601100      0.48031800     -0.00000000     -0.00001900     -0.00003000     -0.00000000      0.00000000      0.00000000     -0.92523100      0.04642600      0.02082900     -0.01475600      0.58662000      0.19846300      0.78516800     -0.69355600      0.62369900      0.36052500     -0.41815800     -0.75605000      0.50352000      0.00000100      0.00000800      0.00001000     -0.00000300     -0.00000500     -0.00001600     -0.92598200      0.07557600      0.01435900     -0.05616700      0.45362800     -0.42796700     -0.78170600      0.61730700      0.78353500     -0.07074200      0.64277000     -0.45046200      0.61962000     -0.00010900     -0.01096100      0.00829600     -0.03291800      0.09200800      0.21568900     -0.47111200
     0.14624300     -0.07155900      0.29761000     -0.44260200      0.43453600     -0.78442800     -0.62415200     -0.77733100     -0.07850300     -0.64332900      0.45431200      0.61624300     -0.00002600     -0.01044800      0.00906100     -0.02976100     -0.07682000      0.15901500     -0.28514900     -0.16027200     -0.06619500      0.28357500     -0.53596000     -0.21472800      0.81647500      0.72849600     -0.60623600      0.31891200      0.42714900      0.76598100      0.48029200     -0.01652900     -0.00098300      0.00064400     -0.00204500      0.01520500     -0.02924500     -0.90533400      0.04638200      0.02083900     -0.01476400      0.58651800      0.19848700      0.78523700     -0.69359200      0.62373000      0.36040200     -0.41824100     -0.75601700      0.50349800     -0.00826200     -0.00048400      0.00033200     -0.00205200      0.01520900     -0.02924700     -0.92745200      0.07558700      0.01410500     -0.05595300      0.44854100     -0.43055600     -0.78321800      0.61846100      0.78215200     -0.07578300      0.64522500     -0.45039900      0.61711000     -0.00001900     -0.00521700      0.00453900     -0.03763100      0.01149800     -0.02144900     -0.46049800
     0.14620400     -0.07206500      0.29805400     -0.43934200      0.43894800     -0.78380400     -0.62617800     -0.77520800     -0.08321400     -0.64359900      0.45369200      0.61641800     -0.00011500     -0.01103000      0.00818300     -0.02922900     -0.07413100      0.16034300     -0.27776200     -0.16048000     -0.06609800      0.28350600     -0.53581700     -0.21475100      0.81656200      0.72843300     -0.60645900      0.31863300      0.42743600      0.76579800      0.48032800     -0.01751300      0.00971100     -0.00807300      0.03438900      0.00625400     -0.01017400     -0.86790200      0.04628400      0.02088400     -0.01479500      0.58638800      0.19851300      0.78532800     -0.69354500      0.62393400      0.36013900     -0.41850100     -0.75584200      0.50354500      0.00000300     -0.00000100      0.00000200     -0.00000400      0.00000600     -0.00000600     -0.92728800      0.07556800      0.01385400     -0.05572800      0.44537700     -0.43509900     -0.78251300      0.62052600      0.78003800     -0.08054200      0.64543400     -0.44969800      0.61740100     -0.00009100     -0.01083700      0.00847100     -0.06916800     -0.07817900      0.13392400     -0.45298700
     0.14606700     -0.07249300      0.29846600     -0.43822700      0.43970000     -0.78400700     -0.62766900     -0.77399100     -0.08330900     -0.64290700      0.45503800      0.61614800     -0.01652600     -0.00902600      0.01078100     -0.03662100      0.02712300     -0.04819500     -0.26970200     -0.16076900     -0.06593000      0.28336600     -0.53553900     -0.21479600      0.81673300      0.72833500     -0.60684600      0.31812000      0.42795200      0.76547900      0.48037800     -0.01750700      0.00965300     -0.00817300      0.03439000      0.00622500     -0.01019000     -0.83004500      0.04614000      0.02096800     -0.01486500      0.58612100      0.19856400      0.78551400     -0.69346700      0.62432000      0.35962100     -0.41900400     -0.75551000      0.50362500      0.00000200     -0.00004700     -0.00006700     -0.00000700      0.00000800     -0.00000500     -0.92483900      0.07550600      0.01363700     -0.05552600      0.44406800     -0.43581700     -0.78285700      0.62208400      0.77878200     -0.08067700      0.64483600     -0.45117700      0.61694800      0.00002500     -0.00491700      0.00498600     -0.03565200      0.01206600     -0.01887500     -0.44710900
     0.14596700     -0.07266700      0.29862900     -0.43835600      0.43966900     -0.78395200     -0.62801600     -0.77375800     -0.08285700     -0.64248100      0.45546300      0.61627900     -0.01657000      0.00096300      0.00103800     -0.00098400      0.01471500     -0.02955300     -0.26605000     -0.16092700     -0.06584200      0.28329400     -0.53532300     -0.21483400      0.81686400      0.72832500     -0.60702800      0.31779400      0.42823800      0.76532400      0.48037000     -0.01750400      0.00972800     -0.00806200      0.03439000      0.00620900     -0.01019800     -0.81633300      0.04605400      0.02101500     -0.01490500      0.58590700      0.19860900      0.78566300     -0.69346500      0.62452000      0.35927600     -0.41930700     -0.75533300      0.50363900     -0.00875000      0.00486600     -0.00402400      0.03437800      0.00621200     -0.01019200     -0.92500200      0.07545600      0.01354700     -0.05544000      0.44421100     -0.43577700     -0.78279900      0.62244100      0.77854600     -0.08019600      0.64439300     -0.45162200      0.61708400     -0.00001900     -0.00520900      0.00454900     -0.03558700      0.01236900     -0.01873300     -0.44449600
     0.14570900     -0.07292500      0.29894200     -0.43926700      0.43921700     -0.78369500     -0.62828100     -0.77368500     -0.08151800     -0.64159800      0.45602300      0.61678400     -0.01647300     -0.00861200      0.01138400     -0.03662200      0.02711200     -0.04820100     -0.26606000     -0.16128000     -0.06564800      0.28314500     -0.53499900     -0.21488800      0.81706300      0.72822000     -0.60746300      0.31720400      0.42882200      0.76496400      0.48042200     -0.01651900     -0.00087200      0.00078800     -0.00204500      0.01520500     -0.02924500     -0.78785900      0.04588400      0.02111300     -0.01497900      0.58561500      0.19866600      0.78586600     -0.69336900      0.62495900      0.35869800     -0.41987300     -0.75495500      0.50373400     -0.00874600      0.00492200     -0.00394000      0.03438100      0.00619300     -0.01021400     -0.92565500      0.07532600      0.01342100     -0.05529000      0.44510400     -0.43532400     -0.78254400      0.62269000      0.77848200     -0.07888400      0.64353600     -0.45217100      0.61757700     -0.00820800     -0.00408500      0.00602500     -0.03658400      0.02711100     -0.04825500     -0.44106700
     0.14540400     -0.07299200      0.29912900     -0.44075500      0.44107400     -0.78181500     -0.62850100     -0.77344600     -0.08209800     -0.64036200      0.45463300      0.61909000     -0.01638100      0.00222300      0.00290800      0.00090700      0.02370200     -0.02515800     -0.26647200     -0.16167200     -0.06544500      0.28297800     -0.53462000     -0.21495400      0.81729300      0.72812400     -0.60792200      0.31654400      0.42945800      0.76458000      0.48046500     -0.00097300      0.01070600     -0.00869900      0.03643700     -0.00906900      0.01900800     -0.77863800      0.04568200      0.02121400     -0.01506200      0.58523200      0.19874600      0.78613100     -0.69331200      0.62541200      0.35801900     -0.42050100     -0.75455900      0.50380400     -0.00048300      0.00535100     -0.00434500      0.03643500     -0.00905600      0.01899700     -0.93055400      0.07517300      0.01338300     -0.05519200      0.44670500     -0.43736700     -0.78048900      0.62293400      0.77821700     -0.07956400      0.64218900     -0.45065100      0.62008400      0.00011900      0.00079300      0.00119200     -0.00450000     -0.01593800     -0.00680600     -0.44057700
     0.14524700     -0.07296400      0.29920400     -0.44092900      0.44097700     -0.78177100     -0.62845800     -0.77349900     -0.08192100     -0.64028300      0.45463700      0.61916900      0.00031800      0.00205400      0.00307400      0.00089000     -0.01267400      0.02586800     -0.26677600     -0.16188200     -0.06533200      0.28287400     -0.53448100     -0.21497600      0.81737800      0.72802300     -0.60820600      0.31623100      0.42980200      0.76434800      0.48052600     -0.00000000     -0.00003700     -0.00005700      0.00000000      0.00000000      0.00000000     -0.77764300      0.04557700      0.02127000     -0.01511400      0.58509800      0.19877200      0.78622400     -0.69322200      0.62569400      0.35770000     -0.42083500     -0.75431800      0.50388500     -0.00873800      0.00486600     -0.00403600      0.03438300      0.00611000     -0.01023200     -0.93333000      0.07508900      0.01339600     -0.05515600      0.44684100     -0.43707900     -0.78057200      0.62286600      0.77830300     -0.07924700      0.64216000     -0.45078100      0.62002000     -0.00818900      0.00114600      0.00150900     -0.00209900      0.01013700     -0.03166100     -0.44074000
     0.14493400     -0.07287400      0.29931300     -0.44134900      0.44073300     -0.78167200     -0.62825500     -0.77370000     -0.08158000     -0.64019300      0.45453200      0.61934000      0.00027000      0.00173500      0.00259400      0.00000000      0.00000000      0.00000000     -0.26660000     -0.16224100     -0.06506100      0.28267500     -0.53416900     -0.21502400      0.81756900      0.72780600     -0.60882400      0.31553900      0.43055700      0.76384200      0.48065500     -0.01650700     -0.00065300      0.00110200     -0.00204500      0.01520500     -0.02924500     -0.77692000      0.04540300      0.02140600     -0.01521500      0.58481800      0.19882200      0.78642000     -0.69301600      0.62631400      0.35701400     -0.42156400     -0.75379000      0.50406700     -0.00047800      0.00553500     -0.00405900      0.03643500     -0.00914400      0.01900000     -0.93643300      0.07493200      0.01344300     -0.05510000      0.44722600     -0.43680700     -0.78050400      0.62266500      0.77850000     -0.07890100      0.64208700     -0.45070700      0.62015000     -0.00812900      0.00149600      0.00202700     -0.00010100      0.00183500     -0.00382000     -0.44090400
     0.14461900     -0.07280100      0.29941400     -0.43920400      0.44307000     -0.78155900     -0.63261800     -0.77017900     -0.08118200     -0.63737000      0.45821800      0.61953400      0.00023400      0.00149800      0.00223800      0.00000000      0.00000000      0.00000000     -0.26640400     -0.16253900     -0.06477200      0.28247500     -0.53415900     -0.21774600      0.81685600      0.72779800     -0.60989500      0.31348500      0.43058500      0.76221800      0.48320000     -0.00096000      0.01115400     -0.00800600      0.05425900     -0.05973200     -0.00984300     -0.77576500      0.04524800      0.02155000     -0.01531500      0.58485300      0.20176800      0.78564300     -0.69306800      0.62752600      0.35477700     -0.42142900     -0.75199700      0.50685000     -0.00047700      0.00559100     -0.00397500      0.03754900     -0.03793000     -0.00039900     -0.93937200      0.07477500      0.01348000     -0.05504800      0.44509000     -0.43916700     -0.78040100      0.62706400      0.77500200     -0.07849300      0.63928400     -0.45442500      0.62033200      0.00011900      0.00077200      0.00115900      0.00015500      0.00001800     -0.00012800     -0.44090400
     0.14436300     -0.07274800      0.29946800     -0.43689000      0.44548200     -0.78148400     -0.63701200     -0.76657600     -0.08092900     -0.63458300      0.46190000      0.61966200      0.00002500      0.00015700      0.00023500      0.00000000      0.00000000      0.00000000     -0.26237900     -0.16275900     -0.06454600      0.28228100     -0.53677500     -0.22021700      0.81447400      0.72680400     -0.61082200      0.31398400      0.42900700      0.76076800      0.48687600     -0.00096300      0.01073200     -0.00866900      0.12701600     -0.26591200     -0.12754800     -0.77646700      0.04513900      0.02165900     -0.01540800      0.58737200      0.20290500      0.78346800     -0.69184100      0.62819500      0.35598700     -0.41994000     -0.75113200      0.50936200      0.00000200     -0.00000300     -0.00000100      0.18178700     -0.40736700     -0.22479000     -0.94133100      0.07464700      0.01350900     -0.05501800      0.44278700     -0.44160400     -0.78033500      0.63149300      0.77142400     -0.07823200      0.63651800     -0.45813600      0.62044700      0.00000600      0.00004000      0.00006500      0.00023600      0.00004100     -0.00021000     -0.43943400
     0.14425100     -0.07272600      0.29946100     -0.43717800      0.44531600     -0.78141800     -0.63685100     -0.76673100     -0.08071700     -0.63454500      0.46180200      0.61977300     -0.01656100      0.00101000      0.00105700     -0.00098400      0.01471500     -0.02955300     -0.25922600     -0.16285300     -0.06446700      0.28220500     -0.53688200     -0.22019100      0.81441100      0.72661500     -0.61107300      0.31393200      0.42919300      0.76057300      0.48701600     -0.00000800     -0.00068400     -0.00107100      0.00132500     -0.00375200     -0.00214200     -0.77733400      0.04509100      0.02170400     -0.01544600      0.58747300      0.20412300      0.78307600     -0.69189300      0.62857200      0.35521800     -0.41971200     -0.75048700      0.51050000     -0.00048300      0.00490400     -0.00505400      0.02607900      0.00362400      0.02359800     -0.94182100      0.07459700      0.01351900     -0.05502200      0.44305500     -0.44144600     -0.78027300      0.63133600      0.77157200     -0.07803800      0.63648700     -0.45803900      0.62055000     -0.00000700     -0.00003600     -0.00004900      0.00019500      0.00001200     -0.00017100     -0.43747400
     0.14413800     -0.07265900      0.29939200     -0.43739900      0.44517400     -0.78137600     -0.63659900     -0.76694600     -0.08066600     -0.63464600      0.46158200      0.61983300      0.00000400      0.01015900     -0.00947600      0.03562900     -0.01249500      0.01859900     -0.25296100     -0.16303600     -0.06436300      0.28214300     -0.53683300     -0.22293000      0.81369800      0.72689800     -0.61165900      0.31213100      0.42877500      0.75930700      0.48935500     -0.01649100     -0.00040200      0.00147000      0.00890700     -0.01582100     -0.04697600     -0.77791100      0.04500600      0.02175400     -0.01548200      0.58748700      0.20693900      0.78232500     -0.69222400      0.62924300      0.35337900     -0.41914500     -0.74915100      0.51292100      0.00000600      0.00033500      0.00052700     -0.00561600     -0.01146600     -0.00986200     -0.94280100      0.07453500      0.01354800     -0.05505400      0.44331400     -0.44128000     -0.78022000      0.63107600      0.77179400     -0.07794200      0.63656400     -0.45782600      0.62062900     -0.00002600     -0.00016300     -0.00024200      0.00013600      0.00000900     -0.00011000     -0.43388200
     0.14416200     -0.07251400      0.29923900     -0.44134600      0.44348400     -0.78011600     -0.63681200     -0.76725000     -0.07596500     -0.63169100      0.46270500      0.62201100      0.00002900      0.01032100     -0.00923700      0.03552300     -0.01242200      0.01847200     -0.25131100     -0.16316100     -0.06433900      0.28215700     -0.53670600     -0.22296000      0.81377400      0.72695200     -0.61166200      0.31200100      0.42884400      0.75929600      0.48931200      0.00000200      0.00016800      0.00026300      0.00000200     -0.00000700     -0.00000400     -0.77765500      0.04493700      0.02176700     -0.01547200      0.58731000      0.20674700      0.78251000     -0.69233500      0.62910300      0.35341400     -0.41921200     -0.74932300      0.51261600      0.00000200      0.00009300      0.00014800     -0.00033900      0.00114100      0.00068300     -0.94672000      0.07454600      0.01362000     -0.05513100      0.44729500     -0.43953800     -0.77893000      0.63127200      0.77210000     -0.07318000      0.63357800     -0.45898400      0.62282500     -0.00000600     -0.00004600     -0.00006900      0.00401000     -0.00313200      0.00449300     -0.43110600
     0.14422400     -0.07240500      0.29912600     -0.44303200      0.44279100     -0.77955400     -0.63695000     -0.76733400     -0.07393000     -0.63037000      0.46322900      0.62296100      0.00003900      0.01038600     -0.00914100      0.03562800     -0.01250800      0.01859200     -0.25109200     -0.16322200     -0.06434600      0.28217400     -0.53648200     -0.22300900      0.81390800      0.72709600     -0.61157700      0.31183100      0.42887900      0.75935000      0.48919700      0.00000300      0.00026000      0.00040700      0.00000000     -0.00000000     -0.00000000     -0.77762800      0.04490700      0.02176300     -0.01546500      0.58709500      0.20678800      0.78266000     -0.69248600      0.62902400      0.35325700     -0.41926300     -0.74937700      0.51249500     -0.00824700     -0.00026100      0.00064100     -0.00182800      0.01545200     -0.02895700     -0.94704700      0.07457700      0.01367400     -0.05518900      0.44895900     -0.43883900     -0.77836600      0.63140000      0.77218400     -0.07116300      0.63227200     -0.45951200      0.62376200      0.00830200      0.00469900     -0.00508300      0.03964500     -0.02956100      0.05154500     -0.42980000
     0.14436200     -0.07214800      0.29888500     -0.44878000      0.44034300     -0.77765000     -0.63721300     -0.76774500     -0.06706900     -0.62601900      0.46487800      0.62611100     -0.00000000     -0.00000000     -0.00000000     -0.00601900      0.08883700     -0.17801500     -0.25058400     -0.16333300     -0.06434700      0.28218600     -0.53631200     -0.22304800      0.81400900      0.72719800     -0.61152800      0.31169100      0.42891900      0.75937800      0.48911800     -0.01649600     -0.00089100      0.00069600     -0.00204500      0.01520500     -0.02924500     -0.77883700      0.04485700      0.02176300     -0.01545800      0.58695600      0.20681700      0.78275700     -0.69257400      0.62899200      0.35314100     -0.41931200     -0.74939700      0.51242600     -0.00000000     -0.00000800     -0.00001000      0.00021700      0.00009500      0.00014000     -0.94884300      0.07464600      0.01380700     -0.05531200      0.45456100     -0.43642000     -0.77647300      0.63168500      0.77254300     -0.06441200      0.62797100     -0.46120800      0.62684800      0.00830200      0.00471200     -0.00506800      0.04083300     -0.03057300      0.05299100     -0.42882000
     0.14450000     -0.07189100      0.29864400     -0.45079500      0.43942700     -0.77700300     -0.63685600     -0.76821600     -0.06504000     -0.62493200      0.46496900      0.62712900      0.00004200      0.01042700     -0.00908500      0.03562600     -0.01252800      0.01858200     -0.25091100     -0.16343200     -0.06435700      0.28218300     -0.53612700     -0.22309000      0.81411900      0.72730700     -0.61147400      0.31154000      0.42896400      0.75940900      0.48903100     -0.00000500     -0.00042000     -0.00065800      0.00000000     -0.00000000     -0.00000000     -0.77913300      0.04480200      0.02175900     -0.01545800      0.58675900      0.20686400      0.78289100     -0.69270300      0.62894100      0.35298000     -0.41937400     -0.74942600      0.51233200     -0.00000600     -0.00028500     -0.00044600      0.01257400     -0.09505400      0.17431700     -0.94590300      0.07471500      0.01393600     -0.05543200      0.45665100     -0.43543400     -0.77580000      0.63125600      0.77306500     -0.06232900      0.62688400     -0.46126600      0.62789100      0.00002600      0.00521500     -0.00454500      0.03650800     -0.01324200      0.01959600     -0.42865700
     0.14457200     -0.07168500      0.29839900     -0.45344300      0.43816100     -0.77617700     -0.63627400     -0.76891600     -0.06241800     -0.62360600      0.46500900      0.62841800     -0.00012300      0.00937800     -0.01065500      0.03562500     -0.01254000      0.01857700     -0.25033300     -0.16353100     -0.06436300      0.28218700     -0.53583500     -0.22315400      0.81429400      0.72748100     -0.61139000      0.31130100      0.42903500      0.75945900      0.48889200     -0.00000000     -0.00000000     -0.00000000      0.00000000     -0.00000000     -0.00000000     -0.77917100      0.04475200      0.02175500     -0.01545800      0.58648100      0.20693000      0.78308300     -0.69288700      0.62886600      0.35275100     -0.41945900     -0.74947000      0.51219700     -0.00000200      0.00000100      0.00000300      0.00009800      0.00004600      0.00006200     -0.94818900      0.07475200      0.01403600     -0.05554900      0.45929700     -0.43414400     -0.77496000      0.63067000      0.77375200     -0.05968600      0.62554000     -0.46133100      0.62918400     -0.00010500     -0.00069200     -0.00103500      0.00042900     -0.00036000      0.00052000     -0.42849400
     0.14458100     -0.07160100      0.29826600     -0.45567200      0.43716200     -0.77543400     -0.63614800     -0.76922000     -0.05990500     -0.62210700      0.46544700      0.62957900     -0.00014400      0.00924800     -0.01085100      0.03551900     -0.01246400      0.01845100     -0.24993200     -0.16356800     -0.06436900      0.28218200     -0.53578500     -0.22589600      0.81357000      0.72791100     -0.61170600      0.30966800      0.42836500      0.75839500      0.49112400     -0.00000100     -0.00004300     -0.00006800      0.00569300     -0.01620300     -0.00925800     -0.77876300      0.04473400      0.02175100     -0.01546100      0.58648700      0.20992400      0.78228100     -0.69339000      0.62930800      0.35097100     -0.41861800     -0.74826600      0.51464000     -0.00000000     -0.00002200     -0.00003100     -0.01148200      0.00573400     -0.00000400     -0.94884300      0.07475600      0.01408200     -0.05562000      0.46153600     -0.43312100     -0.77420200      0.63052600      0.77406000     -0.05715700      0.62403500     -0.46177500      0.63035100     -0.00007400      0.00458100     -0.00548800      0.03907100     -0.01530600      0.02259600     -0.42816700
     0.14458000     -0.07147200      0.29792200     -0.45795200      0.43610500     -0.77468600     -0.63573600     -0.76973800     -0.05757600     -0.62085200      0.46558200      0.63071700     -0.00048900     -0.00312000     -0.00467100     -0.00085000      0.01293300     -0.02574100     -0.23494200     -0.16363000     -0.06437800      0.28217700     -0.53581600     -0.22862000      0.81278800      0.72829300     -0.61204300      0.30810100      0.42767500      0.75731000      0.49339500     -0.00000000     -0.00002700     -0.00004200      0.01283200     -0.03652000     -0.02086700     -0.77767500      0.04470300      0.02174700     -0.01546300      0.58655000      0.21265000      0.78149700     -0.69383900      0.62967500      0.34942000     -0.41778600     -0.74718600      0.51688100     -0.00000000     -0.00001000     -0.00001200     -0.00300200     -0.01861500     -0.01396700     -0.94933300      0.07475600      0.01414900     -0.05578700      0.46376600     -0.43206700     -0.77345800      0.63011000      0.77456400     -0.05487100      0.62280100     -0.46191700      0.63146600     -0.00018100      0.00388800     -0.00653000      0.03728900     -0.01389800      0.02053500     -0.42343100
     0.14453900     -0.07131600      0.29752500     -0.46027300      0.43501400     -0.77392300     -0.63521200     -0.77033800     -0.05528900     -0.61966800      0.46561300      0.63185800     -0.00038900      0.00769200     -0.01319500      0.03562100     -0.01258200      0.01855600     -0.22042500     -0.16369200     -0.06440800      0.28215600     -0.53565200     -0.23138200      0.81211400      0.72880100     -0.61229700      0.30639000      0.42701400      0.75626800      0.49556100     -0.00001100     -0.00076400     -0.00119600      0.02088000     -0.05947400     -0.03397900     -0.77710500      0.04467200      0.02173400     -0.01547100      0.58642000      0.21535200      0.78085400     -0.69442000      0.62994500      0.34777500     -0.41700200     -0.74618400      0.51895700     -0.00000700     -0.00049800     -0.00077600      0.01137000     -0.05279300     -0.03267500     -0.94721000      0.07473500      0.01422400     -0.05599100      0.46608200     -0.43095400     -0.77268600      0.62956600      0.77516500     -0.05258400      0.62162100     -0.46194900      0.63260500     -0.00019400      0.00380300     -0.00666200      0.03621700     -0.01307500      0.01928900     -0.41232800
