     0.15289500     -0.05922700      0.30098100      0.03475200      0.27301600     -0.96140500     -0.61108500     -0.75534500     -0.23664400     -0.79085100      0.59538100      0.14178200     -0.00005700     -0.00045100     -0.00062100      0.00000000      0.00000000      0.00000000     -0.43058300     -0.16197800     -0.04695200      0.28244500     -0.33377800     -0.48673100      0.80726500      0.91916900     -0.35779200      0.16446300      0.20918300      0.79750400      0.56576800     -0.00000000     -0.00000000     -0.00000000      0.00000000      0.00000000      0.00000000     -0.81219600      0.04533800      0.01923600     -0.02687600      0.39209300      0.53745500      0.74659500     -0.89681500      0.40409100      0.18009000     -0.20490200     -0.74017000      0.64043900     -0.00000100      0.00000100     -0.00000000      0.00000500     -0.00001300      0.00001400     -1.00828100      0.07540300      0.01307300     -0.06710700      0.12402000     -0.31149600     -0.94211800      0.56082400      0.80526300     -0.19242100      0.81859200     -0.50449900      0.27456400     -0.00004000     -0.00030700     -0.00042100      0.00000000     -0.00000800     -0.00000800     -0.56827000
     0.15289500     -0.05922700      0.30098100      0.03475200      0.27301600     -0.96140500     -0.61108500     -0.75534500     -0.23664400     -0.79085100      0.59538100      0.14178200     -0.00000100     -0.00000700     -0.00000900      0.00000000      0.00000000      0.00000000     -0.43066300     -0.16197800     -0.04695200      0.28244500     -0.33377800     -0.48673100      0.80726500      0.91916900     -0.35779200      0.16446300      0.20918300      0.79750400      0.56576800     -0.00000000     -0.00000000     -0.00000000      0.00000000      0.00000000      0.00000000     -0.81225400      0.04533800      0.01923600     -0.02687600      0.39209300      0.53745500      0.74659500     -0.89681500      0.40409100      0.18009000     -0.20490200     -0.74017000      0.64043900     -0.00000100      0.00000100     -0.00000000      0.00000500     -0.00001300      0.00001400     -1.00795400      0.07540200      0.01307200     -0.06710900      0.12402000     -0.31149600     -0.94211800      0.56082400      0.80526300     -0.19242100      0.81859200     -0.50449900      0.27456400     -0.00000000     -0.00000100     -0.00000300     -0.00000200      0.00000100     -0.00000200     -0.56827000
     0.15289500     -0.05922200      0.30098800      0.03463600      0.27296700     -0.96142300     -0.61109200     -0.75537400     -0.23653500     -0.79085100      0.59536800      0.14184000      0.00000600      0.00004700      0.00006500      0.00000000      0.00000000      0.00000000     -0.43076200     -0.16199000     -0.04695300      0.28244600     -0.33375600     -0.48673000      0.80727500      0.91917600     -0.35778000      0.16444600      0.20918500      0.79751000      0.56575800     -0.00000000     -0.00000000     -0.00000000      0.00000000      0.00000000      0.00000000     -0.81176100      0.04533200      0.01923500     -0.02687600      0.39207100      0.53745500      0.74660600     -0.89682400      0.40407800      0.18007500     -0.20490500     -0.74017700      0.64043000     -0.00000100      0.00000200      0.00000200      0.00000000     -0.00000900      0.00001700     -1.00811700      0.07540300      0.01307400     -0.06710500      0.12413300     -0.31143600     -0.94212400      0.56081300      0.80529600     -0.19231300      0.81858300     -0.50448400      0.27462100      0.00000400      0.00003000      0.00004400      0.00000300      0.00000800      0.00000700     -0.56827000
     0.15290700     -0.05922800      0.30098000      0.03463800      0.27296800     -0.96142300     -0.61109200     -0.75537300     -0.23653800     -0.79085100      0.59536800      0.14183900     -0.00011100     -0.00087700     -0.00120700      0.00000000      0.00000000      0.00000000     -0.43049700     -0.16199000     -0.04695300      0.28244600     -0.33375600     -0.48673000      0.80727500      0.91917600     -0.35778000      0.16444600      0.20918500      0.79751000      0.56575800     -0.00000000     -0.00000000     -0.00000000      0.00000000      0.00000000      0.00000000     -0.81178600      0.04533200      0.01923500     -0.02687600      0.39207100      0.53745500      0.74660600     -0.89682400      0.40407800      0.18007500     -0.20490500     -0.74017700      0.64043000     -0.00000100      0.00000200      0.00000200      0.00000000     -0.00000900      0.00001700     -1.00795400      0.07540900      0.01307400     -0.06710600      0.12411100     -0.31144800     -0.94212200      0.56081500      0.80529000     -0.19233500      0.81858500     -0.50448600      0.27461000      0.00000100     -0.00000200     -0.00000400     -0.00000700      0.00000800     -0.00001900     -0.56827000
     0.15290700     -0.05922000      0.30097300      0.03465400      0.27297300     -0.96142100     -0.61107000     -0.75538500     -0.23655500     -0.79086700      0.59535000      0.14182400     -0.00000200     -0.00001500     -0.00002100      0.00000000      0.00000000      0.00000000     -0.43029100     -0.16199000     -0.04695300      0.28244600     -0.33375600     -0.48673000      0.80727500      0.91917600     -0.35778000      0.16444600      0.20918500      0.79751000      0.56575800     -0.00000000     -0.00000000     -0.00000000      0.00000000      0.00000000      0.00000000     -0.81178200      0.04533200      0.01923500     -0.02687600      0.39207100      0.53745500      0.74660600     -0.89682400      0.40407800      0.18007500     -0.20490500     -0.74017700      0.64043000     -0.00000100      0.00000200      0.00000200      0.00000000     -0.00000900      0.00001700     -1.00795400      0.07540900      0.01307500     -0.06711300      0.12411500     -0.31144400     -0.94212300      0.56079300      0.80530500     -0.19233700      0.81859900     -0.50446500      0.27460600     -0.00000100     -0.00000500     -0.00000800     -0.00000100     -0.00000200     -0.00000200     -0.56827000
     0.15290600     -0.05922500      0.30096600      0.03463500      0.27296500     -0.96142400     -0.61107100     -0.75539000     -0.23653700     -0.79086700      0.59534800      0.14183400     -0.00000100     -0.00000500     -0.00000700      0.00000000      0.00000000      0.00000000     -0.42977900     -0.16199000     -0.04695300      0.28244600     -0.33375600     -0.48673000      0.80727500      0.91917600     -0.35778000      0.16444600      0.20918500      0.79751000      0.56575800      0.00000000     -0.00000000     -0.00000000      0.00000000      0.00000000      0.00000000     -0.81192900      0.04533200      0.01923500     -0.02687600      0.39207100      0.53745500      0.74660600     -0.89682400      0.40407800      0.18007500     -0.20490500     -0.74017700      0.64043000     -0.00000100      0.00000200      0.00000200      0.00000000     -0.00000900      0.00001700     -1.00811700      0.07540800      0.01307300     -0.06711600      0.12413400     -0.31143400     -0.94212400      0.56079100      0.80531000     -0.19231900      0.81859800     -0.50446200      0.27461500      0.00000100      0.00000300      0.00000600      0.00000100      0.00000000      0.00001400     -0.56810700
     0.15291800     -0.05922500      0.30096600      0.03465700      0.27297500     -0.96142000     -0.61107000     -0.75538500     -0.23655800     -0.79086700      0.59535000      0.14182300     -0.00000000     -0.00000000     -0.00000000      0.00000000      0.00000000      0.00000000     -0.42946100     -0.16199000     -0.04695800      0.28243900     -0.33373600     -0.48672800      0.80728400      0.91918300     -0.35777000      0.16443100      0.20918800      0.79751600      0.56574900     -0.00000000     -0.00008800     -0.00012600      0.00000000      0.00000000      0.00000000     -0.81145900      0.04533200      0.01923300     -0.02687900      0.39205200      0.53745400      0.74661700     -0.89683100      0.40406700      0.18006200     -0.20490900     -0.74018300      0.64042100     -0.00000000     -0.00006100     -0.00009000      0.00000500      0.00000700     -0.00000000     -1.00779000      0.07541400      0.01307200     -0.06711700      0.12411200     -0.31144600     -0.94212300      0.56079400      0.80530400     -0.19234000      0.81859900     -0.50446500      0.27460500     -0.00000300      0.00000300      0.00000500      0.00000900     -0.00001400      0.00000700     -0.56778000
     0.15293000     -0.05922300      0.30095100      0.03467500      0.27298200     -0.96141800     -0.61104800     -0.75539600     -0.23657800     -0.79088400      0.59533300      0.14180700     -0.00009500      0.01000600     -0.00970800      0.03563000     -0.01253100      0.01857300     -0.42911100     -0.16199000     -0.04695300      0.28244600     -0.33375600     -0.48673000      0.80727500      0.91917600     -0.35778000      0.16444600      0.20918500      0.79751000      0.56575800      0.00000000      0.00000200      0.00000400      0.00000000      0.00000000      0.00000000     -0.81146700      0.04533100      0.01923600     -0.02687600      0.39207100      0.53745500      0.74660600     -0.89682400      0.40407800      0.18007500     -0.20490600     -0.74017700      0.64043000      0.00000100      0.00000000      0.00000100      0.00000600     -0.00000900      0.00000700     -1.00779000      0.07542000      0.01307100     -0.06711800      0.12410900     -0.31144800     -0.94212300      0.56079400      0.80530300     -0.19234300      0.81859900     -0.50446600      0.27460400     -0.00006800     -0.00050300     -0.00069000      0.00001200     -0.00001000      0.00001300     -0.56778000
     0.15293000     -0.05922300      0.30095100      0.03467500      0.27298200     -0.96141800     -0.61104800     -0.75539600     -0.23657800     -0.79088400      0.59533300      0.14180700     -0.00000100     -0.00000900     -0.00001300      0.00000000      0.00000000      0.00000000     -0.42847800     -0.16199000     -0.04695300      0.28244600     -0.33375600     -0.48673000      0.80727500      0.91917600     -0.35778000      0.16444600      0.20918500      0.79751000      0.56575800      0.00000000      0.00000000      0.00000000      0.00000000      0.00000000      0.00000000     -0.81143700      0.04533100      0.01923600     -0.02687600      0.39207100      0.53745500      0.74660600     -0.89682400      0.40407800      0.18007500     -0.20490500     -0.74017700      0.64043000      0.00000100     -0.00000200     -0.00000200      0.00001200      0.00000400     -0.00000300     -1.00779000      0.07542000      0.01307300     -0.06712400      0.12409400     -0.31145500     -0.94212200      0.56077400      0.80531200     -0.19236300      0.81861600     -0.50444700      0.27459000     -0.00000400     -0.00000000      0.00000000      0.00000400     -0.00000900     -0.00000000     -0.56778000
     0.15293000     -0.05919900      0.30093100      0.03472300      0.27299700     -0.96141100     -0.61098300     -0.75543200     -0.23663000     -0.79093200      0.59528000      0.14176100     -0.00000000     -0.00000000     -0.00000000      0.00000000      0.00000000      0.00000000     -0.42872600     -0.16199000     -0.04696100      0.28245200     -0.33374100     -0.48672900      0.80728200      0.91918700     -0.35775100      0.16445000      0.20916300      0.79752400      0.56574800      0.00000000      0.00000000      0.00000000      0.00000000      0.00000000      0.00000000     -0.81107000      0.04533200      0.01923100     -0.02687200      0.39205700      0.53745500      0.74661300     -0.89683500      0.40405000      0.18008200     -0.20488400     -0.74019200      0.64041900     -0.00000000     -0.00000200     -0.00000200      0.00001900      0.00000400     -0.00000800     -1.00779000      0.07542000      0.01308600     -0.06713400      0.12404700     -0.31147400     -0.94212200      0.56071400      0.80533900     -0.19242500      0.81866400     -0.50439100      0.27454800     -0.00000300      0.00000300      0.00000600      0.00000900     -0.00000500      0.00000700     -0.56761700
     0.15292900     -0.05916400      0.30089100      0.03464800      0.27295500     -0.96142600     -0.61088400     -0.75553100     -0.23657000     -0.79101100      0.59517400      0.14176200     -0.00000100     -0.00000700     -0.00000900      0.00000000      0.00000000      0.00000000     -0.42823900     -0.16200100     -0.04696500      0.28246600     -0.33372400     -0.48672900      0.80728900      0.91919800     -0.35772100      0.16445200      0.20914000      0.79753700      0.56573700      0.00000000      0.00010300      0.00014800      0.00000000      0.00000000      0.00000000     -0.81055900      0.04532600      0.01922900     -0.02686600      0.39204000      0.53745600      0.74662100     -0.89684700      0.40402100      0.18008700     -0.20486200     -0.74020700      0.64040900     -0.00000000      0.00006100      0.00009000      0.00001000     -0.00001100      0.00000400     -1.00762700      0.07542000      0.01310300     -0.06715400      0.12412000     -0.31142600     -0.94212900      0.56059800      0.80543000     -0.19238400      0.81873200     -0.50427700      0.27455400     -0.00000300      0.00000300      0.00000500      0.00000700     -0.00001500      0.00000700     -0.56745400
     0.15294100     -0.05914900      0.30087700      0.03470200      0.27297500     -0.96141800     -0.61083900     -0.75555000     -0.23662600     -0.79104300      0.59514100      0.14172000     -0.00000000     -0.00000000     -0.00000000      0.00000000      0.00000000      0.00000000     -0.42806000     -0.16199900     -0.04697600      0.28248600     -0.33371400     -0.48672900      0.80729200      0.91921300     -0.35767400      0.16447400      0.20909200      0.79755800      0.56572500      0.00098400     -0.01097900      0.00835900     -0.03646500      0.00982600     -0.01857500     -0.80992700      0.04532700      0.01922800     -0.02685900      0.39204500      0.53745700      0.74661800     -0.89685100      0.40400400      0.18010600     -0.20483700     -0.74021600      0.64040700     -0.00000000      0.00003100      0.00004300      0.00001100      0.00000500      0.00000000     -1.00730100      0.07542600      0.01311100     -0.06716100      0.12406700     -0.31145100     -0.94212800      0.56056000      0.80544200     -0.19244600      0.81876600     -0.50424300      0.27451600     -0.00000200      0.00000400      0.00000800      0.00000200      0.00001000     -0.00000200     -0.56729100
     0.15297700     -0.05911900      0.30084800      0.03483300      0.27302500     -0.96139900     -0.61074900     -0.75558100     -0.23675900     -0.79110800      0.59507800      0.14162600     -0.00000000     -0.00000000     -0.00000000      0.00000000      0.00000000      0.00000000     -0.42826800     -0.16199500     -0.04700100      0.28255900     -0.33372400     -0.48673500      0.80728500      0.91924300     -0.35755300      0.16457000      0.20894400      0.79760900      0.56570800      0.00000000      0.00064800      0.00093100      0.00000000      0.00000000      0.00000000     -0.80877900      0.04532900      0.01921100     -0.02682000      0.39204100      0.53746200      0.74661700     -0.89689000      0.40386500      0.18022100     -0.20467000     -0.74028800      0.64037600     -0.00000200      0.00040800      0.00058700      0.00001100      0.00000900     -0.00000300     -1.00632100      0.07544400      0.01312600     -0.06717500      0.12394100     -0.31151400     -0.94212300      0.56048600      0.80545800     -0.19259100      0.81883600     -0.50417800      0.27442800     -0.00000100      0.00000100      0.00000400      0.00001300     -0.00001300      0.00000300     -0.56712700
     0.15300200     -0.05912000      0.30084700      0.03474100      0.27298800     -0.96141300     -0.61075400     -0.75560400     -0.23667400     -0.79110800      0.59506700      0.14167300      0.01613800     -0.00075000     -0.00091100      0.00098400     -0.01471500      0.02955300     -0.42823400     -0.16197500     -0.04703600      0.28270600     -0.33380200     -0.48675000      0.80724400      0.91927700     -0.35736200      0.16479000      0.20866600      0.79768500      0.56570300     -0.00000000      0.00202800      0.00291500      0.00183500     -0.01467100      0.02473500     -0.80634800      0.04533900      0.01919100     -0.02675000      0.39209800      0.53747000      0.74658100     -0.89692700      0.40368300      0.18044400     -0.20439900     -0.74038200      0.64035500     -0.00000100      0.00062700      0.00090200      0.00001200      0.00000600     -0.00001000     -1.00501500      0.07545000      0.01312500     -0.06717600      0.12405100     -0.31145500     -0.94212800      0.56047500      0.80549100     -0.19248700      0.81882700     -0.50416200      0.27448400     -0.00000400      0.00000100      0.00000400      0.00001400     -0.00002600      0.00000400     -0.56696400
     0.15300200     -0.05912000      0.30084700      0.03474100      0.27298800     -0.96141300     -0.61075400     -0.75560400     -0.23667400     -0.79110800      0.59506700      0.14167300     -0.00000000     -0.00000000     -0.00000000      0.00000000      0.00000000      0.00000000     -0.42791200     -0.16196700     -0.04707500      0.28286700     -0.33372800     -0.48675000      0.80727400      0.91936900     -0.35707000      0.16491300      0.20838100      0.79781600      0.56562400      0.00098400     -0.00974500      0.01012900     -0.03646400      0.00981000     -0.01858400     -0.80399800      0.04534300      0.01917800     -0.02666800      0.39205900      0.53747600      0.74659700     -0.89700300      0.40344500      0.18060100     -0.20414200     -0.74050700      0.64029200     -0.00000300      0.00078000      0.00112000      0.00000800      0.00001000     -0.00000600     -1.00256500      0.07545600      0.01312500     -0.06717600      0.12402900     -0.31146800     -0.94212700      0.56047800      0.80548400     -0.19250800      0.81882900     -0.50416500      0.27447400     -0.00000300      0.00000100      0.00000300      0.00001400     -0.00001800      0.00000000     -0.56680100
     0.15300100     -0.05912500      0.30084000      0.03472200      0.27297900     -0.96141700     -0.61075500     -0.75560800     -0.23665600     -0.79110800      0.59506500      0.14168300     -0.00000500     -0.00004000     -0.00005500      0.00000000      0.00000000      0.00000000     -0.42793900     -0.16196200     -0.04710000      0.28294000     -0.33373800     -0.48675600      0.80726700      0.91939900     -0.35694900      0.16500900      0.20823300      0.79786700      0.56560700     -0.00000000      0.00088300      0.00126800      0.00000000      0.00000000      0.00000000     -0.80344000      0.04534500      0.01916700     -0.02663100      0.39207000      0.53748000      0.74658900     -0.89703200      0.40333300      0.18070900     -0.20399700     -0.74056500      0.64027100     -0.00000200      0.00061100      0.00087900      0.00001400     -0.00000700     -0.00001000     -1.00158500      0.07545600      0.01312200     -0.06718000      0.12404800     -0.31145700     -0.94212800      0.56047500      0.80549000     -0.19249000      0.81882700     -0.50416200      0.27448300     -0.00000500     -0.00002400     -0.00003300      0.00000900     -0.00001900     -0.00000200     -0.56663700
     0.15301200     -0.05912300      0.30082500      0.03474000      0.27298600     -0.96141400     -0.61073300     -0.75562000     -0.23667600     -0.79112400      0.59504700      0.14166700     -0.00000200     -0.00001300     -0.00001800      0.00000000      0.00000000      0.00000000     -0.42805600     -0.16196700     -0.04715300      0.28304600     -0.33140700     -0.48603900      0.80865700      0.91993400     -0.35656600      0.16284000      0.20958900      0.79847400      0.56424700     -0.00000000      0.00028500      0.00040900      0.00000100      0.00000100     -0.00000100     -0.80293600      0.04534300      0.01913700     -0.02657300      0.38974700      0.53695900      0.74817900     -0.89771200      0.40276500      0.17858400     -0.20544800     -0.74125200      0.63901100     -0.00000200      0.00009800      0.00014300     -0.00189600     -0.00282500      0.00302000     -1.00027900      0.07546100      0.01312300     -0.06718700      0.12403000     -0.31146600     -0.94212700      0.56045500      0.80549800     -0.19251300      0.81884400     -0.50414300      0.27446800     -0.00000100      0.00000100      0.00000000      0.00000400     -0.00000900      0.00000200     -0.56680100
     0.15302400     -0.05912100      0.30081100      0.03475900      0.27299300     -0.96141100     -0.61071200     -0.75563100     -0.23669600     -0.79114000      0.59503000      0.14165000     -0.00000000     -0.00000100     -0.00000200      0.00000000      0.00000000      0.00000000     -0.42852300     -0.16195100     -0.04718900      0.28308400     -0.33137700     -0.48603800      0.80867000      0.91997200     -0.35644500      0.16289200      0.20947100      0.79852900      0.56421400      0.01598000      0.00093500     -0.00063100      0.00204500     -0.01520500      0.02924500     -0.80305000      0.04534500      0.01911800     -0.02655500      0.38972600      0.53696800      0.74818300     -0.89775300      0.40263900      0.17866300     -0.20531100     -0.74131300      0.63898400     -0.00000100     -0.00002500     -0.00003600     -0.00003000     -0.00005400      0.00005600     -0.99946300      0.07546700      0.01312500     -0.06719400      0.12401200     -0.31147400     -0.94212700      0.56043500      0.80550700     -0.19253700      0.81886000     -0.50412500      0.27445300     -0.00000100      0.00000700      0.00001000     -0.00000700      0.00000600     -0.00001700     -0.56663700
     0.15302400     -0.05910500      0.30079800      0.03479100      0.27300300     -0.96140700     -0.61066800     -0.75565500     -0.23673000     -0.79117200      0.59499400      0.14162000     -0.00001600      0.01064300     -0.00883100      0.03563000     -0.01253500      0.01857100     -0.42854200     -0.16195100     -0.04718900      0.28308400     -0.33137700     -0.48603800      0.80867000      0.91997200     -0.35644500      0.16289200      0.20947100      0.79852900      0.56421400     -0.00000000      0.00000000      0.00000000      0.00000000      0.00000000      0.00000000     -0.80350200      0.04535100      0.01911800     -0.02655600      0.38974800      0.53696800      0.74817100     -0.89774400      0.40265200      0.17867900     -0.20530800     -0.74130600      0.63899300     -0.00000000     -0.00001400     -0.00002100     -0.00000600     -0.00000900      0.00001200     -0.99946300      0.07546700      0.01312900     -0.06719700      0.12399600     -0.31148100     -0.94212700      0.56041500      0.80551600     -0.19255700      0.81887600     -0.50410600      0.27443900     -0.00000400      0.00000500      0.00001000     -0.00000700      0.00000500     -0.00002400     -0.56696400
     0.15302300     -0.05905400      0.30074400      0.03488300      0.27302900     -0.96139700     -0.61051800     -0.75574500     -0.23683200     -0.79128400      0.59486900      0.14152200     -0.00002600     -0.00020300     -0.00028000      0.00000000      0.00000000      0.00000000     -0.42829400     -0.16197800     -0.04718500      0.28303800     -0.33129700     -0.48603000      0.80870800      0.91998100     -0.35646700      0.16278900      0.20955300      0.79852400      0.56419000      0.00000000     -0.00037400     -0.00053700      0.00000000      0.00000000      0.00000000     -0.80403900      0.04533800      0.01912000     -0.02657900      0.38967100      0.53696500      0.74821300     -0.89775800      0.40266600      0.17857500     -0.20539200     -0.74130100      0.63897300     -0.00000100     -0.00023500     -0.00034000     -0.00000700     -0.00001100      0.00001400     -0.99978900      0.07546700      0.01315800     -0.06722700      0.12389100     -0.31152200     -0.94212700      0.56025200      0.80559400     -0.19270300      0.81900400     -0.50395500      0.27433700     -0.00002600      0.00519200     -0.00459100      0.03563700     -0.01253800      0.01857800     -0.56696400
     0.15307200     -0.05884600      0.30036100      0.03511100      0.27305900     -0.96138000     -0.60971800     -0.75629700     -0.23713300     -0.79189100      0.59415300      0.14113000     -0.00054500      0.01721300     -0.02328100      0.07044900     -0.01158900      0.01168200     -0.42961400     -0.16210200     -0.04715400      0.28297000     -0.33109500     -0.48601500      0.80880000      0.92001000     -0.35650700      0.16253400      0.20974500      0.79851500      0.56413100     -0.00000000     -0.00009900     -0.00014200      0.00000000      0.00000000      0.00000000     -0.80333700      0.04527500      0.01913400     -0.02661500      0.38947300      0.53696500      0.74831600     -0.89779900      0.40268800      0.17832000     -0.20558600     -0.74128900      0.63892300      0.00000200     -0.00003800     -0.00005000     -0.00000900     -0.00001000      0.00000700     -0.99978900      0.07549200      0.01326100     -0.06740200      0.12367900     -0.31157200     -0.94213800      0.55949200      0.80602400     -0.19311100      0.81955500     -0.50323600      0.27401000     -0.00024200      0.00342400     -0.00703100      0.03482700      0.00097200     -0.00687200     -0.56696400
     0.15309300     -0.05831300      0.29943900      0.03931700      0.26758500     -0.96275500     -0.61165500     -0.75540100     -0.23498700     -0.79020200      0.59777700      0.13516700     -0.00086700      0.02544300     -0.03547800     -0.34917500     -0.28195700      0.02133400     -0.43281300     -0.16255100     -0.04693400      0.28292500     -0.33069300     -0.48599900      0.80897400      0.92001900     -0.35677900      0.16188900      0.21034300      0.79840400      0.56406700     -0.03292400      0.01160800     -0.00354500      0.03237500      0.02055700     -0.03992900     -0.77227900      0.04506400      0.01923700     -0.02664000      0.38911000      0.53697800      0.74849600     -0.89782600      0.40290400      0.17769300     -0.20615500     -0.74116200      0.63888700     -0.00798500      0.00104400      0.00248300     -0.00022000      0.00053200     -0.00451000     -0.99080800      0.07550300      0.01351900     -0.06784900      0.11964200     -0.30689800     -0.94419200      0.55992400      0.80620500     -0.19109600      0.81985900     -0.50581300      0.26829600     -0.00047400      0.00712700     -0.01364700     -5.20793100     -1.55635700      0.63463500     -0.56859700
     0.15309900     -0.05794200      0.29880400      0.04220100      0.26249200     -0.96403400     -0.60970700     -0.75758100     -0.23302300     -0.79156100      0.59728200      0.12927100      0.01509200      0.02332300     -0.03831500      0.16401300     -0.37723100     -0.12375300     -0.43386900     -0.16307000     -0.04669600      0.28291100     -0.33640300     -0.48806500      0.80536800      0.91887700     -0.35710900      0.16754600      0.20623400      0.79699600      0.56756300     -0.03289500      0.01337200     -0.00105000      0.01728500      0.11772200     -0.20590700     -0.75247000      0.04479100      0.01935900     -0.02665000      0.39474300      0.53855400      0.74440300     -0.89636200      0.40365600      0.18329100     -0.20177100     -0.73960800      0.64208000     -0.01644600      0.00687000     -0.00025100      0.02240800      0.12539500     -0.21404600     -0.97072400      0.07550000      0.01370200     -0.06816200      0.11668000     -0.30305200     -0.94580300      0.55918100      0.80706900     -0.18961600      0.82079300     -0.50675100      0.26363000     -0.00046400      0.00695500     -0.01394600      0.16195700     -0.65320100     -0.32985500     -0.56925000
     0.15305600     -0.05703800      0.29729600      0.04824500      0.25234800     -0.96645700     -0.60525700     -0.76227000     -0.22930300     -0.79463300      0.59570100      0.11716100     -0.00132100      0.03267900     -0.04914900      0.17905600     -0.24759600     -0.09956000     -0.43374300     -0.16472600     -0.04572700      0.28284800     -0.35077600     -0.49346500      0.79588900      0.91574500     -0.35828000      0.18160500      0.19595700      0.79314000      0.57653500     -0.04964700      0.02933800     -0.00053300     -0.95390400     -1.59354100      1.73242400     -0.75352400      0.04398200      0.01982900     -0.02668700      0.40676900      0.54213700      0.73527200     -0.89302000      0.40557400      0.19499700     -0.19249300     -0.73593200      0.64911400     -0.02529900      0.02071900     -0.00362100      0.11255700     -0.00592100      0.00893200     -0.95406800      0.07548400      0.01415900     -0.06892600      0.10928600     -0.29236300     -0.95004100      0.55352000      0.81176800     -0.18613800      0.82563300     -0.50552500      0.25054300     -0.00061300      0.01113000     -0.01999200      0.15182200     -0.28804300     -0.11445900     -0.56941300
     0.15298400     -0.05592600      0.29554100      0.05981800      0.23417100     -0.97037700     -0.60386500     -0.76552400     -0.22201600     -0.79491900      0.59896300      0.09682200     -0.00118100      0.03382700     -0.04764500      0.25901300     -0.71605400     -0.32763400     -0.43145600     -0.16709700     -0.04400000      0.28276500     -0.37203300     -0.50054900      0.78168700      0.90995100     -0.36266300      0.20099600      0.18333000      0.78668800      0.58938500     -0.06609700      0.04614600      0.00084700     -0.90778400     -1.71543800      1.91297700     -0.75175500      0.04280300      0.02068500     -0.02673200      0.42739600      0.54726400      0.71960600     -0.88616900      0.41118400      0.21361500     -0.17898700     -0.72899100      0.66070700     -0.03350900      0.02911300     -0.00293400      0.14419200     -0.02471100      0.03141700     -0.95096500      0.07544700      0.01470900     -0.06981100      0.09765200     -0.27746600     -0.95575900      0.55122100      0.81467000     -0.18018800      0.82862400     -0.50923800      0.23250000     -0.00059200      0.01126100     -0.01985800      0.24268500     -0.79483600     -0.39783900     -0.56827000
     0.15293800     -0.05532500      0.29465500      0.06604100      0.22629600     -0.97184100     -0.60548200     -0.76502000     -0.21933700     -0.79320200      0.60263200      0.08770400     -0.00119500      0.02294800     -0.03916300      0.20453400     -0.57883700     -0.31195200     -0.42795700     -0.16849200     -0.04290700      0.28270600     -0.38266500     -0.50363500      0.77453900      0.90646600     -0.36642500      0.20972800      0.17864700      0.78296900      0.59574200     -0.06672100      0.05976300     -0.00407800      0.14067400     -0.02975600      0.03447700     -0.74130700      0.04210600      0.02122700     -0.02675800      0.43985100      0.54985200      0.71006500     -0.88143000      0.41581000      0.22401400     -0.17207800     -0.72440600      0.66755100     -0.04129800      0.02953500     -0.00158700      0.15494900     -0.11266500      0.17110200     -0.94770000      0.07542400      0.01501400     -0.07025700      0.09063200     -0.26983400     -0.95863100      0.55236700      0.81457900     -0.17706400      0.82865900     -0.51346800      0.22287400     -0.00051700      0.01725600     -0.02335900      0.25220900     -0.60755300     -0.27138800     -0.56614700
     0.15278900     -0.05400600      0.29307700      0.07450700      0.20969400     -0.97494700     -0.60482900     -0.76776300     -0.21140900     -0.79296000      0.60516400      0.07083700     -0.00049900      0.03919600     -0.04020600      0.22028900     -0.47875400     -0.20283200     -0.34976600     -0.17164600     -0.04031000      0.28247200     -0.39900000     -0.52542200      0.75148100      0.90775700     -0.34169500      0.24322000      0.12946900      0.77985300      0.61231600     -0.08274300      0.07158000     -0.01024300     -0.53660400     -0.73641200      0.68559300     -0.46548900      0.04056600      0.02250400     -0.02686400      0.45394600      0.56797100      0.68654300     -0.88222800      0.39452500      0.25694700     -0.12492000     -0.72232800      0.68017400     -0.04139500      0.03632700     -0.00430800     -4.08367100     -1.39414800     -2.85680500     -0.82066000      0.07534800      0.01567500     -0.07107000      0.08070200     -0.25349100     -0.96396500      0.55012600      0.81780200     -0.16899900      0.83117200     -0.51666400      0.20545100     -0.00019200      0.01983600     -0.01976200      0.22795100     -0.55373400     -0.23460400     -0.54508300
     0.15244500     -0.05249900      0.29197600      0.05994800      0.19032000     -0.97991300     -0.60418600     -0.77446700     -0.18743400     -0.79466500      0.60304600      0.06977900     -0.01566800      0.03614400     -0.02083600      0.16488900     -0.37680600     -0.26122300     -0.15043600     -0.17493200     -0.03750000      0.28200900     -0.41395600     -0.55863700      0.71871900      0.90883400     -0.29724600      0.29257500      0.05069900      0.77499700      0.62982000     -0.08203400      0.07076900     -0.01207500     -4.21695000     -2.28321100     -2.02936200     -0.08917000      0.03889100      0.02393800     -0.02708900      0.47188600      0.59661000      0.64913700     -0.88040700      0.35808300      0.31089900     -0.04696000     -0.71821500      0.69423400     -0.04928000      0.04095000     -0.00924200     -0.97648700     -1.72986700      2.67927000     -0.52412400      0.07518200      0.01641200     -0.07161800      0.09438000     -0.23361000     -0.96773900      0.54571500      0.82515900     -0.14597000      0.83263800     -0.51433300      0.20536300      0.00029500      0.01823900     -0.01009900      0.15986300     -0.54904400     -0.48371700     -0.43273900
     0.15191600     -0.05083700      0.29128600      0.02783000      0.16535900     -0.98586300     -0.61507800     -0.77456000     -0.14733400     -0.78801600      0.61027500      0.08138000     -0.01495100      0.04118600     -0.01381300      0.14055400     -0.18445100     -0.34896100      0.04518400     -0.17840900     -0.03453600      0.28125400     -0.42687800     -0.59005600      0.68527400      0.90382600     -0.25585800      0.34288300     -0.02646300      0.76646500      0.64163400     -0.09708700      0.06690200     -0.01654800     -0.36392200     -0.27173000      0.76916600      0.15970800      0.03718900      0.02539600     -0.02744900      0.48122000      0.62693800      0.61267800     -0.87591500      0.31628900      0.36432600      0.03462600     -0.71197500      0.70134900     -0.04076200      0.03339900     -0.00904000     -4.02608400     -1.72917900     -2.32749300     -0.22644500      0.07491700      0.01724300     -0.07196300      0.12408200     -0.20517500     -0.97082700      0.55088700      0.82800000     -0.10458000      0.82530300     -0.52184000      0.21576800     -0.01543500      0.02133900     -0.00593600      0.12122200     -0.12777300     -0.76987700     -0.27989900
     0.15153100     -0.05004000      0.29106200      0.00395800      0.15481400     -0.98795900     -0.62093400     -0.77400200     -0.12382700     -0.78386500      0.61375200      0.09429500     -0.03072400      0.04347900     -0.01081700     -0.29736100      1.48327600     -2.71798700      0.15147300     -0.18004400     -0.03322500      0.28084600     -0.42833700     -0.60254000      0.67339700      0.90171300     -0.23775800      0.36099500     -0.05688100      0.76258200      0.64427900     -0.09682500      0.06526100     -0.01909500     -3.67516300     -2.32190300     -2.38317400      0.24270000      0.03634100      0.02608200     -0.02766100      0.48611400      0.63552600      0.59983300     -0.87168300      0.30381300      0.38453300      0.06214300     -0.70979100      0.70166400     -0.04100300      0.03801200     -0.01451800      0.07808700     -0.30129400      1.22003000     -0.07425800      0.07471900      0.01765800     -0.07207900      0.14579900     -0.19184100     -0.97053500      0.55318000      0.82913500     -0.08079000      0.82020300     -0.52510200      0.22700900     -0.01531800      0.02190900     -0.00516100     -0.28913800      1.49962400     -2.67877000     -0.16510600
     0.15037000     -0.04847400      0.29072400     -0.03499200      0.13204100     -0.99064900     -0.63324500     -0.76975700     -0.08028500     -0.77312400      0.62434800      0.11178200     -0.03061500      0.03262400     -0.00236700      0.04520100      0.48222600     -0.86075600      0.37409000     -0.18332800     -0.03081500      0.28000700     -0.44467200     -0.61507300      0.65111000      0.89059100     -0.22684700      0.39410800     -0.09415200      0.75588100      0.64779900     -0.08012000      0.05119700     -0.01683700     -0.03252000     -0.13573200      0.83701400      0.37800400      0.03469300      0.02729200     -0.02808100      0.49840100      0.64844900      0.57542000     -0.86067200      0.29038700      0.41823100      0.10410700     -0.70369500      0.70283200     -0.04005900      0.02539100     -0.00862600     -0.07443300     -0.22485200      1.07332200      0.20839800      0.07415100      0.01843300     -0.07224000      0.18233400     -0.16529300     -0.96924300      0.55993600      0.82776000     -0.03583000      0.80822300     -0.53618200      0.24348200     -0.01524200      0.02203900     -0.00504200      0.09051100      0.37240100     -0.62092800      0.13600200
     0.14924700     -0.04708000      0.29044700     -0.06785500      0.11327200     -0.99126700     -0.64300700     -0.76461100     -0.04341000     -0.76277400      0.63430300      0.12595100     -0.01482200      0.02983300     -0.00612700      0.05108200      0.42059600     -0.85860500      0.47771800     -0.18623200     -0.02901700      0.27932200     -0.45007700     -0.63644800      0.62638300      0.88180900     -0.20661200      0.42386100     -0.13978800      0.74390600      0.65339600     -0.07929200      0.03641100     -0.01401100     -0.00988700     -0.24418300      0.66260200      0.45474700      0.03324100      0.02819800     -0.02842400      0.50364200      0.66721400      0.54878700     -0.85074800      0.27257500      0.44936600      0.15023700     -0.69320000      0.70491200     -0.03187600      0.01836700     -0.00736200     -0.06268300     -0.19943600      0.48243100      0.36123800      0.07359600      0.01912400     -0.07236900      0.21230900     -0.14347400     -0.96661200      0.56528100      0.82489600      0.00172100      0.79710800     -0.54677300      0.25623600     -0.00741000      0.01489100     -0.00307700      0.05629300      0.42913000     -0.85317500      0.37179400
