     0.14901600     -0.03886500      0.27727300     -0.51461900     -0.06094700     -0.85527700     -0.52577400     -0.76551200      0.37084500     -0.67669200      0.64059900      0.36297100      0.03218500      0.03270400     -0.02510000      0.09933500      0.14088300     -0.22455200     -0.15123900     -0.19700300     -0.02244400      0.24044100     -0.63504700     -0.25801500      0.72810400      0.70036900     -0.58973500      0.40203200      0.32643900      0.76556400      0.55426800     -0.14416600      0.02366900     -0.00430500      0.26288900     -0.99248700      0.12169700     -0.50970800      0.02766000      0.04241200     -0.03777800      0.62978700      0.27329100      0.72710300     -0.71137800      0.57883900      0.39860300     -0.31194100     -0.76828100      0.55896000     -0.06412300      0.01175700     -0.00274100      0.07960000     -1.25681600     -0.13654400     -0.69361900      0.07715100      0.03135700     -0.06805500      0.51654900      0.08160900     -0.85235900      0.49419500      0.78450000      0.37460500      0.69924700     -0.61473400      0.36490200      0.01605300      0.01598700     -0.01310100      0.10239600      0.02215200     -0.05197800     -0.41771600
     0.14956500     -0.03843300      0.27684900     -0.52761200     -0.04963800     -0.84806000     -0.53776000     -0.75329600      0.37859100     -0.65698300      0.65586100      0.37181400      0.03167200      0.01879400     -0.02094200     -4.61633300      2.26643400      1.82464100     -0.07245800     -0.19961100     -0.02206100      0.24034800     -0.63795200     -0.30046500      0.70903400      0.71487500     -0.57314600      0.40048900      0.28683300      0.76273000      0.57951100     -0.12832800      0.02257100     -0.00801900      0.31278700     -1.86387900      0.46057900     -0.49090700      0.02635100      0.04260700     -0.03781900      0.63168700      0.31425400      0.70867100     -0.72551600      0.56172100      0.39761200     -0.27312400     -0.76531900      0.58282800     -0.07185200      0.00559700      0.00056300     -0.30460400     -3.40503900      1.50780700     -0.69264000      0.07744900      0.03159100     -0.06828700      0.53016300      0.07166900     -0.84486000      0.50490100      0.77381200      0.38247600      0.68117600     -0.62934600      0.37406100      0.01576700      0.00885100     -0.01111500     -4.63223100      2.22224800      1.81427400     -0.35419600
     0.15074000     -0.03775000      0.27584600     -0.54562600     -0.04558800     -0.83681500     -0.54066000     -0.74379000      0.39298200     -0.63965800      0.66690700      0.38223000      0.03108700      0.01483400     -0.02677300      0.06541600      0.07703100     -0.11603000      0.06988000     -0.20482300     -0.02187600      0.24052400     -0.64010000     -0.37764400      0.66906500      0.73730700     -0.54644500      0.39712600      0.21642500      0.74797100      0.62734500     -0.12718600      0.00126900      0.00884700      0.16745900     -1.36968100     -0.31338900     -0.37423300      0.02374400      0.04270300     -0.03774600      0.63307800      0.39204000      0.66746900     -0.74709500      0.53516000      0.39427300     -0.20263200     -0.74827000      0.63168900     -0.06361400      0.00059700      0.00445100     -0.45393000     -2.02813400     -1.20555400     -0.62079200      0.07802300      0.03192300     -0.06878400      0.54818600      0.06762900     -0.83361700      0.50951600      0.76340700      0.39699100      0.66323800     -0.64236600      0.38403100      0.01552700      0.00718800     -0.01374100      0.05871000      0.20806800     -0.32451600     -0.22552300
     0.15194700     -0.03729500      0.27480200     -0.55719400     -0.04907700     -0.82895800     -0.53319900     -0.74414700      0.40238800     -0.63592800      0.66626600      0.38950300      0.03085700      0.00247300     -0.02045200      0.03216700      0.08039900     -0.11657200      0.19736400     -0.20977300     -0.02190700      0.24104000     -0.64149500     -0.43942900      0.62879000      0.74851600     -0.53760900      0.38811600      0.16828700      0.72017800      0.67296800     -0.12672300     -0.00879000      0.01763900     -2.97364500     -3.40738000     -3.56917500     -0.18786000      0.02126900      0.04269200     -0.03748900      0.63558500      0.45038100      0.62704600     -0.75548400      0.53008900      0.38503000     -0.15898000     -0.71844300      0.67717300     -0.06351200      0.00156400      0.00543500      0.68804500     -1.33530400     -0.12884200     -0.48395400      0.07862100      0.03214400     -0.06930600      0.55945300      0.07159700     -0.82576300      0.50196700      0.76352000      0.40628200      0.65957500     -0.64180200      0.39121500      0.01544300      0.00661200     -0.01463200      0.07302000     -0.03606900      0.05788600     -0.05602800
     0.15244400     -0.03710900      0.27432600     -0.56323500     -0.05087000     -0.82475700     -0.52945100     -0.74409700      0.40739800     -0.63372900      0.66619000      0.39319900      0.03089400      0.00273600     -0.02011800      0.03238200      0.07949300     -0.11480000      0.26240700     -0.21217700     -0.02200100      0.24132500     -0.64334500     -0.46228600      0.61023800      0.74959800     -0.54195800      0.37989200      0.15590100      0.70240700      0.69439300     -0.11098300     -0.00933700      0.01545700      0.70216400     -1.51378400     -0.01233600     -0.09106100      0.02006200      0.04264600     -0.03734400      0.63490700      0.47554800      0.60888900     -0.75929200      0.52965900      0.37806800     -0.14271400     -0.70236400      0.69736400     -0.06345100     -0.00456600      0.00829500      0.43685000     -1.05493600      0.05873200     -0.38451000      0.07887500      0.03224000     -0.06955700      0.56547300      0.07367800     -0.82146800      0.49807500      0.76336800      0.41132500      0.65738900     -0.64174600      0.39496800      0.01548600      0.00693100     -0.01418800      0.07072400      0.05870000     -0.09010600      0.03737400
     0.15317900     -0.03675600      0.27348900     -0.58209200     -0.05649100     -0.81118600     -0.51842600     -0.74277000      0.42367300     -0.62574100      0.66722500      0.40408800      0.03105200      0.00394000     -0.01843200      0.00940800      0.11277000     -0.15066400      0.38580500     -0.21672800     -0.02233700      0.24203000     -0.64044900     -0.51187500      0.57253900      0.75807400     -0.54031700      0.36512500      0.12324800      0.66850700      0.73332900     -0.09500900     -0.00809200      0.01604800      0.65632800     -1.30487300     -0.05838900      0.02695800      0.01778000      0.04247700     -0.03699400      0.63100600      0.52551600      0.57066800     -0.76786100      0.52790000      0.36291800     -0.11053700     -0.66719800      0.73663200     -0.05545000     -0.00373200      0.00887100      0.71891700     -1.39575000     -0.19102000     -0.22530200      0.07924200      0.03241400     -0.06998000      0.58399200      0.08004700     -0.80780200      0.48696200      0.76164000      0.42751600      0.64947700     -0.64303600      0.40581200     -0.00032800      0.00277600     -0.00821500     -0.06827000      0.62115800     -0.91422900      0.22646500
     0.15360000     -0.03650700      0.27288300     -0.59461800     -0.06031900     -0.80177000     -0.51058800     -0.74198900      0.43442400     -0.62037500      0.66776300      0.41140500      0.01537900     -0.00464500     -0.00667000     -0.03084300      0.23455400     -0.34021100      0.46203700     -0.22078500     -0.02279000      0.24287100     -0.64400800     -0.56224500      0.51877300      0.76097800     -0.53964800      0.36003700      0.07832500      0.62734300      0.77470500     -0.11064400     -0.00518000      0.02043000     -2.49127100     -3.86837900     -3.82090900      0.10672000      0.01575800      0.04224800     -0.03657800      0.63663800      0.57196100      0.51725300     -0.76793100      0.53154800      0.35740400     -0.07052300     -0.62475200      0.77763000     -0.04741100     -0.00925800      0.01247100     -0.24672800     -3.39952800      1.46650000     -0.10675300      0.07945800      0.03254000     -0.07029100      0.59612100      0.08430600     -0.79845600      0.47916200      0.76060300      0.43804700      0.64423900     -0.64371800      0.41301600     -0.00024600      0.00343500     -0.00725500     -0.06506100      0.51946700     -0.75251400      0.36836500
     0.15372300     -0.03642800      0.27266700     -0.59578000     -0.06071400     -0.80087700     -0.50955600     -0.74220600      0.43526300     -0.62010800      0.66748700      0.41225700      0.01554700      0.00758800     -0.01328200      0.03648600     -0.02893800      0.04712800      0.48573400     -0.22263200     -0.02305300      0.24333500     -0.64980700     -0.57948900      0.49186900      0.75772700     -0.54395200      0.36041500      0.05950400      0.60762700      0.79190300     -0.09464600     -0.01730800      0.02641700      0.15288500     -1.63363400      0.61985300      0.13648900      0.01482800      0.04212100     -0.03634700      0.63819100      0.59388900      0.48990500     -0.76835600      0.53131900      0.35683000     -0.04837900     -0.60414800      0.79540200     -0.04735900     -0.00254200      0.01005800     -0.33682300     -3.24962800      1.63385500     -0.05466300      0.07952000      0.03257400     -0.07039700      0.59752100      0.08484700     -0.79735000      0.47796800      0.76073000      0.43913100      0.64382700     -0.64349800      0.41399900     -0.00021100     -0.00172000     -0.00253700      0.00008400      0.01424200     -0.02289000      0.41865800
     0.15389000     -0.03641200      0.27241600     -0.59519800     -0.06050000     -0.80132600     -0.50968700     -0.74252200      0.43457200     -0.62055900      0.66715500      0.41211400     -0.00024500     -0.00193300     -0.00284800      0.00444900     -0.10826800      0.16678400      0.49899800     -0.22610200     -0.02362400      0.24440700     -0.64310900     -0.61481800      0.45651000      0.76521900     -0.53661800      0.35554800      0.02717400      0.57875600      0.81496400     -0.07844100     -0.01569700      0.02832000     -0.58149000     -1.31559800     -0.88785900      0.15779000      0.01308700      0.04183400     -0.03581300      0.63171400      0.62874800      0.45344500     -0.77501600      0.52501600      0.35171900     -0.01692400     -0.57361400      0.81895000     -0.04724600     -0.00745800      0.01482000     -2.37721000     -2.65248200     -4.09714400      0.00673400      0.07960900      0.03258700     -0.07052400      0.59700100      0.08464400     -0.79776200      0.47802200      0.76107300      0.43847600      0.64427000     -0.64311900      0.41390000     -0.00007900     -0.00066300     -0.00098000      0.00038600     -0.00020600     -0.00015600      0.47107400
     0.15386400     -0.03646800      0.27242600     -0.59386600     -0.06004500     -0.80234900     -0.51061300     -0.74254800      0.43343800     -0.62107500      0.66716600      0.41131700      0.00005000     -0.01055200      0.00907900     -0.03550300      0.01421900     -0.01757600      0.50432400     -0.22938400     -0.02423900      0.24562200     -0.64118900     -0.63616400      0.42914300      0.76727100     -0.53458700      0.35418300      0.00489500      0.55716500      0.83030500     -0.07829300     -0.01432900      0.03004000      0.11596300     -0.43504000      0.18809400      0.17267800      0.01144600      0.04152700     -0.03520400      0.62864600      0.65065500      0.42597000     -0.77766600      0.52159800      0.35095500      0.00616600     -0.55189000      0.83389300     -0.03917600     -0.00721700      0.01500700      0.13432500     -0.43589700      0.15011000      0.03188000      0.07959600      0.03255600     -0.07052500      0.59559500      0.08411100     -0.79886800      0.47900300      0.76115600      0.43726000      0.64484200     -0.64309100      0.41305100      0.00004500     -0.00512300      0.00476300     -0.03525000      0.01407200     -0.01769700      0.48528100
     0.15362000     -0.03647100      0.27256700     -0.59291400     -0.05976900     -0.80307300     -0.51132500     -0.74248300      0.43270800     -0.62139900      0.66726200      0.41067100      0.00023400      0.00183200      0.00269800      0.00000000      0.00000000      0.00000000      0.51052900     -0.23237500     -0.02472100      0.24691800     -0.63998100     -0.65208300      0.40645100      0.76810300     -0.53138900      0.35718000     -0.01613100      0.54160300      0.84039800     -0.06179500     -0.01229000      0.03303800      0.23710000     -0.34309600     -0.20386200      0.18514200      0.00997300      0.04128700     -0.03457400      0.62816800      0.66507800      0.40382600     -0.77760200      0.51847200      0.35569800      0.02719400     -0.53745400      0.84285300     -0.03878100     -0.00531000      0.01794200      0.32419400     -0.54379300     -0.12695700      0.05278200      0.07948000      0.03255800     -0.07045700      0.59475500      0.08384200     -0.79952200      0.47963400      0.76113100      0.43661100      0.64514800     -0.64315500      0.41247400      0.00009600      0.00076200      0.00112300      0.00017300     -0.00009200     -0.00009100      0.49540500
     0.15346900     -0.03646400      0.27265000     -0.59251500     -0.05966500     -0.80337500     -0.51162900     -0.74244400      0.43241700     -0.62153000      0.66731500      0.41038800      0.00018600     -0.00945500      0.01069200     -0.03485700     -0.00143800      0.00660700      0.51420500     -0.23381100     -0.02491800      0.24765200     -0.63789700     -0.66074400      0.39559600      0.76950000     -0.52809700      0.35905200     -0.02753400      0.53427800      0.84477900     -0.07702400     -0.00849900      0.03901600      0.26595900     -0.45744800     -0.21543700      0.18917900      0.00926000      0.04118400     -0.03421400      0.62619500      0.67328500      0.39314700     -0.77872400      0.51533600      0.35779200      0.03829300     -0.53020200      0.84700500     -0.03067200     -0.00507600      0.01827800     -0.38078100     -0.78470600      0.45992400      0.05898700      0.07940500      0.03256300     -0.07041400      0.59436300      0.08372500     -0.79982600      0.47993800      0.76110600      0.43632100      0.64528400     -0.64320000      0.41219000      0.00008500      0.00067600      0.00100000      0.00015400     -0.00006100     -0.00007600      0.50030300
     0.15319800     -0.03648200      0.27275000     -0.59132500     -0.05931700     -0.80427700     -0.51246900     -0.74241600      0.43146900     -0.62197200      0.66737700      0.40961700     -0.01585500      0.00093400      0.00120600     -0.00098400      0.01471500     -0.02955300      0.51487000     -0.23640100     -0.02524300      0.24932300     -0.63912000     -0.67060900      0.37656600      0.76776600     -0.52862600      0.36197400     -0.04288300      0.52130100      0.85221500     -0.05988700     -0.00457100      0.04523400      0.06767700     -0.12406700     -0.18391100      0.19906300      0.00792900      0.04101400     -0.03337000      0.62652900      0.68448300      0.37275000     -0.77757800      0.51629500      0.35890100      0.05321300     -0.51470500      0.85571400     -0.03000000     -0.00237800      0.02252700      0.05451000     -0.14957900     -0.19965700      0.07041700      0.07926400      0.03255500     -0.07035400      0.59309300      0.08329800     -0.80081200      0.48086000      0.76110900      0.43530000      0.64576500     -0.64325200      0.41135400     -0.00793600      0.00042100      0.00053900     -0.00088000      0.01466500     -0.02961400      0.50569200
     0.15305500     -0.03650900      0.27278200     -0.59022100     -0.05897100     -0.80511300     -0.51321500     -0.74243600      0.43054800     -0.62240600      0.66738500      0.40894300     -0.00000800     -0.00006200     -0.00009100      0.00000000      0.00000000      0.00000000      0.51497700     -0.23881300     -0.02547600      0.25142800     -0.63390600     -0.68449400      0.36003100      0.77145000     -0.52748300      0.35575200     -0.05280900      0.50412000      0.86193800     -0.05820100      0.00164700      0.05490000      0.38085100     -0.53159000     -0.23845300      0.21512100      0.00674400      0.04089700     -0.03234800      0.62220500      0.69661300      0.35719600     -0.78032600      0.51524200      0.35442300      0.06285300     -0.49925400      0.86417200     -0.02121800      0.00023400      0.02669900      0.06202400     -0.12961100     -0.15935500      0.09180800      0.07919200      0.03254000     -0.07033900      0.59200800      0.08291400     -0.80165500      0.48160600      0.76116000      0.43438300      0.64620500     -0.64324000      0.41068200     -0.00000900     -0.00006600     -0.00009300      0.00008000     -0.00004200     -0.00002100      0.50667200
     0.15301900     -0.03652100      0.27278300     -0.58984600     -0.05885100     -0.80539600     -0.51346300     -0.74244900      0.43023000     -0.62255700      0.66738100      0.40872000     -0.00001000     -0.00007400     -0.00010900      0.00000000      0.00000000      0.00000000      0.51486900     -0.23983700     -0.02557900      0.25261700     -0.63185600     -0.69043400      0.35220700      0.77275100     -0.52681300      0.35391800     -0.05802200      0.49666200      0.86592400     -0.04165700     -0.00834700      0.06503600      0.14945600     -0.22959000     -0.23784400      0.22210300      0.00620400      0.04084500     -0.03173400      0.61914700      0.70375200      0.34840800     -0.78235100      0.51455500      0.35094000      0.06770000     -0.48986100      0.86916700     -0.02873000     -0.00333700      0.03378800      0.19959300     -0.25683200     -0.30680400      0.09932000      0.07917400      0.03253400     -0.07033900      0.59164000      0.08278100     -0.80194000      0.48185400      0.76118400      0.43406600      0.64635700     -0.64322900      0.41045900     -0.00000600     -0.00005200     -0.00007500      0.00007000     -0.00002000     -0.00003500      0.50716100
     0.15304300     -0.03651700      0.27278900     -0.58692800     -0.05795900     -0.80759000     -0.51507400     -0.74286000      0.42758600     -0.62398500      0.66700000      0.40716200      0.00000000      0.00000000      0.00000000      0.00000000     -0.00000000      0.00000000      0.51521600     -0.24175500     -0.02585000      0.25551800     -0.61994100     -0.71051500      0.33291700      0.78124700     -0.52018700      0.34495300     -0.07114200      0.47483500      0.87711700     -0.04016600     -0.01425900      0.08092300     -0.81508300     -2.60796000      0.88530100      0.25016600      0.00526600      0.04071800     -0.03031900      0.60692900      0.72192400      0.33235700     -0.79090800      0.50754300      0.34185200      0.07810600     -0.47034500      0.87901900     -0.02009100     -0.00137400      0.03669900      0.05749300     -0.15888300     -0.21263100      0.12707900      0.07918600      0.03253600     -0.07033600      0.58876300      0.08177800     -0.80415700      0.48346400      0.76166500      0.43142500      0.64778000     -0.64278800      0.40890400     -0.00000100     -0.00000400     -0.00000200     -0.00004800      0.00057500     -0.00083600      0.50797800
     0.15313900     -0.03653000      0.27278900     -0.58645000     -0.05777200     -0.80795100     -0.51539800     -0.74288400      0.42715400     -0.62416800      0.66699000      0.40689900      0.00000000      0.00000000      0.00000000      0.00000000      0.00000000      0.00000000      0.51523000     -0.24331000     -0.02631800      0.25881700     -0.60825600     -0.72480300      0.32353800      0.79028500     -0.51569400      0.33082200     -0.07217600      0.45782400      0.88603100     -0.03887000     -0.00968700      0.08715500      0.19138800     -0.30535800     -0.28543400      0.27469500      0.00446700      0.04048000     -0.02863600      0.59492900      0.73750900      0.31959300     -0.79969400      0.50307500      0.32772600      0.08092200     -0.45055000      0.88907500     -0.01946700     -0.01026100      0.04801500      0.21462700     -0.34855600     -0.34749500      0.16186000      0.07923400      0.03252900     -0.07033600      0.58830200      0.08157600     -0.80451500      0.48378400      0.76170100      0.43100100      0.64796100     -0.64277100      0.40864500      0.00000100     -0.00000100     -0.00000400      0.00004100      0.00000900     -0.00006000      0.50928400
     0.15325700     -0.03654900      0.27278100     -0.58560500     -0.05745600     -0.80858600     -0.51594900     -0.74293800      0.42639300     -0.62450600      0.66695600      0.40643500      0.01588400     -0.00071600     -0.00088600      0.00098400     -0.01471500      0.02955300      0.51593300     -0.24451800     -0.02701100      0.26263200     -0.59455700     -0.74149600      0.31092900      0.80054200     -0.51043800      0.31388000     -0.07329000      0.43646500      0.89665500     -0.02207200     -0.02925900      0.10700500      0.40965600     -0.59281500     -0.47731800      0.29560700      0.00385700      0.04014000     -0.02673600      0.58182300      0.75282500      0.30779100     -0.80918000      0.49770300      0.31227800      0.08190200     -0.43075000      0.89874600     -0.01096400     -0.00862200      0.05012700      0.04715800     -0.23444900     -0.20609700      0.19272200      0.07929300      0.03252000     -0.07034000      0.58747400      0.08122800     -0.80515600      0.48433700      0.76177900      0.43024400      0.64829900     -0.64272400      0.40818300      0.00794300     -0.00035400     -0.00044000      0.00102400     -0.01472600      0.02952400      0.51026400
     0.15331700     -0.03656000      0.27278300     -0.58506600     -0.05725800     -0.80899000     -0.51630500     -0.74296600      0.42591300     -0.62471700      0.66694200      0.40613300     -0.00000000     -0.00000000     -0.00000000      0.00000000      0.00000000      0.00000000      0.51568700     -0.24498000     -0.02743600      0.26476400     -0.58847300     -0.74879300      0.30495700      0.80493100     -0.50772000      0.30698700     -0.07430400      0.42706700      0.90108600     -0.02143900     -0.02687900      0.10994100      0.15981900     -0.34240100     -0.28624800      0.30284200      0.00363400      0.03993300     -0.02570800      0.57488700      0.76082200      0.30108900     -0.81407500      0.49478600      0.30408400      0.08237900     -0.41992300      0.90381300     -0.00296000     -0.01421600      0.05404900      0.35189200     -0.53508200     -0.37434700      0.20415200      0.07932300      0.03251400     -0.07033900      0.58705800      0.08105300     -0.80547600      0.48462300      0.76180900      0.42986800      0.64846200     -0.64271000      0.40794600      0.00000100      0.00000200      0.00000100      0.00004000      0.00000700     -0.00005600      0.51026400
     0.15342400     -0.03659100      0.27279500     -0.58217800     -0.05635000     -0.81113400     -0.51793400     -0.74331900      0.42331200     -0.62606700      0.66662400      0.40457300     -0.00000000     -0.00000000     -0.00000000      0.00000000     -0.00000000      0.00000000      0.51560600     -0.24553200     -0.02833300      0.26892200     -0.57525300     -0.76437400      0.29121700      0.81430000     -0.50200800      0.29126800     -0.07572800      0.40565600      0.91080800     -0.02062700     -0.02372200      0.11326700      0.28200200     -0.48206300     -0.34967600      0.31822100      0.00335000      0.03947900     -0.02358900      0.56152800      0.77591400      0.28747700     -0.82322300      0.48875100      0.28883500      0.08360600     -0.39884700      0.91319800     -0.00260200     -0.01273400      0.05555400      0.46019100     -0.64902300     -0.40018000      0.22570600      0.07937600      0.03249900     -0.07033300      0.58409300      0.07999000     -0.80773500      0.48632900      0.76224400      0.42716200      0.64986000     -0.64232700      0.40632000      0.00000000      0.00000100      0.00000000     -0.00015500      0.00107900     -0.00156700      0.51042700
     0.15344700     -0.03662200      0.27280400     -0.57989300     -0.05566700     -0.81281700     -0.51917500     -0.74361900      0.42126100     -0.62716100      0.66634700      0.40333400     -0.00009100     -0.00071300     -0.00104900      0.00000000     -0.00000000      0.00000000      0.51579400     -0.24580100     -0.02926900      0.27334200     -0.56379200     -0.77777200      0.27785000      0.82208200     -0.49661500      0.27836800     -0.07782100      0.38633800      0.91899400     -0.00481000     -0.02417800      0.11138300      0.14162900     -0.23731600     -0.40691600      0.33595600      0.00321300      0.03902400     -0.02141400      0.54965900      0.78922800      0.27384600     -0.83102400      0.48311100      0.27568300      0.08527900     -0.37910500      0.92141500     -0.00242900     -0.01190400      0.05602000      0.35412800     -0.55037300     -0.32896500      0.24807700      0.07938800      0.03248500     -0.07032700      0.58183700      0.07921800     -0.80943700      0.48757200      0.76259700      0.42510900      0.65095200     -0.64200300      0.40508300     -0.00005400     -0.00040800     -0.00059800     -0.00029100      0.00175700     -0.00254000      0.51075400
     0.15343500     -0.03664700      0.27282200     -0.57995200     -0.05568400     -0.81277400     -0.51919000     -0.74356100      0.42134300     -0.62709400      0.66640900      0.40333600     -0.00000100     -0.00000900     -0.00001300      0.00000000     -0.00000000      0.00000000      0.51537500     -0.24583600     -0.02969100      0.27548800     -0.55822200     -0.78424000      0.27082700      0.82579100     -0.49406300      0.27185600     -0.07870000      0.37639200      0.92303700     -0.00461600     -0.02325900      0.11197100      0.26541900     -0.47934200     -0.29938300      0.34293100      0.00319600      0.03881300     -0.02034100      0.54438800      0.79502100      0.26755100     -0.83439000      0.48043600      0.27013600      0.08622200     -0.37030100      0.92490100      0.00545700     -0.01222700      0.05532900      0.40504400     -0.64660700     -0.39618600      0.25918100      0.07938200      0.03247000     -0.07032000      0.58191400      0.07924400     -0.80937900      0.48757800      0.76253800      0.42520900      0.65087800     -0.64207100      0.40509400     -0.00000200     -0.00000100     -0.00000200     -0.00001600      0.00023400     -0.00037900      0.51075400
     0.15337500     -0.03671600      0.27288600     -0.57622300     -0.05171000     -0.81568300     -0.52183100     -0.74483700      0.41579100     -0.62834000      0.66529900      0.40322900      0.00000000      0.00000100      0.00000200      0.00035500      0.00083100      0.00052800      0.51532000     -0.24585600     -0.03037400      0.27955300     -0.55052500     -0.79295900      0.26101700      0.83070600     -0.48983100      0.26443900     -0.08115000      0.36341000      0.92801400     -0.00484900     -0.02373600      0.10988100      0.01434700     -0.20969700     -0.13801600      0.35431500      0.00318500      0.03846600     -0.01826100      0.53550200      0.80458500      0.25666900     -0.83991400      0.47563600      0.26136900      0.08821300     -0.35554300      0.93048700     -0.00237400     -0.00599600      0.05130200      0.07098500     -0.26594500     -0.12222000      0.27779600      0.07935200      0.03243600     -0.07028800      0.57836000      0.07502000     -0.81232400      0.49021600      0.76396400      0.41957900      0.65206300     -0.64088200      0.40507100     -0.00000300     -0.00000200     -0.00000300     -0.00694600     -0.00517800     -0.00848100      0.51075400
     0.15332700     -0.03681700      0.27296000     -0.57414200     -0.05109600     -0.81718700     -0.52307000     -0.74495700      0.41401600     -0.62921600      0.66521100      0.40200600      0.00000000      0.00000000      0.00000000      0.00000000      0.00000000      0.00000000      0.51576300     -0.24591000     -0.03086000      0.28344900     -0.54287800     -0.80005400      0.25532100      0.83575600     -0.48531400      0.25674200     -0.08082200      0.35377600      0.93175900     -0.00492400     -0.01288200      0.09997300      0.05614700     -0.23229800     -0.12532800      0.36413100      0.00315800      0.03821900     -0.01630800      0.52790800      0.81127900      0.25127200     -0.84474200      0.47095500      0.25418800      0.08787900     -0.34644800      0.93394300     -0.00245700     -0.00076500      0.04605600      0.16707100     -0.32909300     -0.11521700      0.29216600      0.07932800      0.03238600     -0.07025100      0.57630200      0.07442700     -0.81383900      0.49145800      0.76409000      0.41789200      0.65295000     -0.64080000      0.40376900     -0.00000200     -0.00000100      0.00000100     -0.00018600      0.00099300     -0.00191800      0.51124400
     0.15330300     -0.03687000      0.27301000     -0.57402500     -0.05104900     -0.81727300     -0.52326000     -0.74484300      0.41398100     -0.62916600      0.66534200      0.40186800      0.00010800      0.00083900      0.00123400      0.00000000      0.00000000      0.00000000      0.51619600     -0.24603800     -0.03107400      0.28698300     -0.53835100     -0.80392700      0.25272700      0.83843900     -0.48122400      0.25568900     -0.08326800      0.35056300      0.93275700     -0.00567500     -0.00470700      0.08657300     -0.11641200      0.06199800     -0.13415700      0.36937800      0.00309700      0.03811400     -0.01456500      0.52304100      0.81540300      0.24808100     -0.84752500      0.46679700      0.25258800      0.09015700     -0.34236900      0.93522900     -0.00291000     -0.00239200      0.04326500     -0.14315000     -0.01813300      0.03564400      0.30245300      0.07931600      0.03235700     -0.07023000      0.57621700      0.07439200     -0.81390300      0.49162900      0.76398300      0.41788700      0.65289500     -0.64093300      0.40364700     -0.00000300     -0.00000000      0.00000200      0.00011100     -0.00003400     -0.00010400      0.51140700
     0.15329100     -0.03688700      0.27302200     -0.57383800     -0.05098500     -0.81740800     -0.52340500     -0.74482200      0.41383500     -0.62921500      0.66537100      0.40174300      0.00000200      0.00001200      0.00001800      0.00000000      0.00000000      0.00000000      0.51549700     -0.24612500     -0.03108100      0.28852000     -0.53621700     -0.80539700      0.25258200      0.83971300     -0.47905100      0.25558800     -0.08418400      0.35016500      0.93282400     -0.00622900     -0.00673400      0.08336400     -0.11869500      0.06402600     -0.13264900      0.37117400      0.00305400      0.03811000     -0.01378900      0.52087500      0.81676900      0.24814500     -0.84875900      0.46452200      0.25263600      0.09107600     -0.34220800      0.93519900     -0.00324600      0.00173600      0.03698300     -0.10642000      0.07961400     -0.14067200      0.30588200      0.07931000      0.03235100     -0.07021900      0.57601700      0.07431600     -0.81405100      0.49178500      0.76397000      0.41772700      0.65295500     -0.64095700      0.40351300     -0.00000200      0.00000300      0.00000700      0.00455900     -0.10799300      0.16693400      0.51173400
     0.15327900     -0.03690000      0.27302100     -0.57342000     -0.05084500     -0.81771000     -0.52367100     -0.74483500      0.41347400     -0.62937500      0.66536600      0.40150000     -0.00005600     -0.00043800     -0.00064400      0.00000000      0.00000000      0.00000000      0.51594400     -0.24634200     -0.03097800      0.29112200     -0.53229200     -0.80738000      0.25454500      0.84207000     -0.47448100      0.25636000     -0.08554100      0.35182300      0.93207600     -0.00765300     -0.00132400      0.06681700     -0.11212700      0.10579800     -0.14724600      0.37259600      0.00294400      0.03816400     -0.01245000      0.51707700      0.81855100      0.25020800     -0.85091200      0.45995500      0.25375100      0.09262400     -0.34411400      0.93434700     -0.00382500      0.00489000      0.02930100     -0.08763200      0.08655500     -0.10126800      0.31094400      0.07930400      0.03234500     -0.07021900      0.57560700      0.07416200     -0.81435600      0.49204900      0.76399600      0.41736800      0.65311800     -0.64094300      0.40327000     -0.00003700     -0.00029400     -0.00043400      0.00007500     -0.00002200     -0.00003400      0.51189700
     0.15327900     -0.03690000      0.27302100     -0.57074500     -0.05004200     -0.81962900     -0.52505100     -0.74520600      0.41105100     -0.63065800      0.66501100      0.40007200     -0.00000000     -0.00000000     -0.00000000      0.00000000     -0.00000000      0.00000000      0.51548900     -0.24660300     -0.03077600      0.29326300     -0.52898700     -0.80830200      0.25848300      0.84404500     -0.46995300      0.25819800     -0.08657000      0.35577500      0.93048000     -0.00888100      0.00470900      0.05141900     -0.07783000      0.09120200     -0.13092900      0.37231900      0.00281100      0.03826400     -0.01135400      0.51384200      0.81931700      0.25433300     -0.85274600      0.45540400      0.25579300      0.09375100     -0.34832000      0.93267500     -0.00456800      0.00202100      0.02527700     -0.07713200      0.09242700     -0.12724700      0.31372000      0.07930400      0.03234400     -0.07022000      0.57295200      0.07325300     -0.81630800      0.49343500      0.76443000      0.41493100      0.65440500     -0.64053100      0.40183600     -0.00000000      0.00000300      0.00000500     -0.00030300      0.00187200     -0.00269200      0.51157000
     0.15327900     -0.03690000      0.27302100     -0.57062800     -0.05000300     -0.81971200     -0.52512000     -0.74521400      0.41094700     -0.63070600      0.66500500      0.40000700     -0.00000000     -0.00000000     -0.00000000      0.00000000      0.00000000      0.00000000      0.51598400     -0.24676500     -0.03060900      0.29410700     -0.52808300     -0.80906100      0.25795300      0.84432400     -0.46819800      0.26046200     -0.08930000      0.35636400      0.92999700     -0.00955900      0.01278600      0.03906800     -0.03353000     -0.01468200      0.02858200      0.37026400      0.00273000      0.03834900     -0.01093100      0.51299600      0.82002500      0.25375900     -0.85294700      0.45372100      0.25810100      0.09651400     -0.34884800      0.93219500     -0.00489500      0.00608100      0.01913200     -0.02964900     -0.00948100      0.02955400      0.31372000      0.07930400      0.03234400     -0.07022000      0.57285800      0.07321600     -0.81637700      0.49349400      0.76443800      0.41484600      0.65444400     -0.64052500      0.40178300     -0.00000000      0.00000100      0.00000400     -0.00000100      0.00025800     -0.00038300      0.51189700
     0.15326700     -0.03689900      0.27302200     -0.57053000     -0.04997200     -0.81978300     -0.52517700     -0.74522100      0.41086100     -0.63074700      0.66499900      0.39995100     -0.00000000     -0.00000000     -0.00000000      0.00000000      0.00000000      0.00000000      0.51548200     -0.24705900     -0.03008500      0.29549000     -0.52730400     -0.81029500      0.25566200      0.84424200     -0.46608700      0.26448500     -0.09449500      0.35632900      0.92949600     -0.01013900      0.02113900      0.02699800     -0.14485900     -0.09790100     -0.05815700      0.36440600      0.00258200      0.03860800     -0.01024400      0.51227800      0.82117500      0.25148000     -0.85278200      0.45172100      0.26212400      0.10165100     -0.34873800      0.93169000     -0.00514200      0.01039100      0.01327200     -0.15354500     -0.11019100     -0.05000600      0.30702500      0.07929800      0.03234500     -0.07022000      0.57276400      0.07318300     -0.81644600      0.49355000      0.76444700      0.41476400      0.65448400     -0.64051900      0.40172800     -0.00000200     -0.00000000      0.00000600      0.00004500      0.00001800     -0.00004800      0.51140700
     0.15326700     -0.03689900      0.27302200     -0.57017900     -0.04985400     -0.82003400     -0.52538500     -0.74524600      0.41054900     -0.63089200      0.66498000      0.39975700     -0.00000000     -0.00000000     -0.00000000      0.00444500     -0.10795100      0.16698900      0.51560700     -0.24742600     -0.02936100      0.29647900     -0.52329600     -0.81469600      0.24984600      0.84562200     -0.46062000      0.26960500     -0.10391100      0.35338700      0.92961500     -0.01070500      0.01883700      0.02384200     -0.42559500     -0.37752500     -1.66338200      0.35896300      0.00240100      0.03896000     -0.00976200      0.50980400      0.82451400      0.24551100     -0.85317100      0.44792300      0.26732400      0.11044300     -0.34574600      0.93180500     -0.00552800      0.00893000      0.01120100     -1.38776000     -1.51936000     -5.10951800      0.30229000      0.07929800      0.03234500     -0.07022000      0.57253500      0.07309500     -0.81661500      0.49368900      0.76446900      0.41455600      0.65458000     -0.64050200      0.40159900     -0.00000100     -0.00000100      0.00000400      0.00005600      0.00001600     -0.00002500      0.51140700
     0.15324300     -0.03689800      0.27302400     -0.56986600     -0.04975400     -0.82025800     -0.52556900     -0.74526800      0.41027400     -0.63102200      0.66496200      0.39957900     -0.00000000     -0.00000000     -0.00000000      0.00000000      0.00000000      0.00000000      0.51592400     -0.24784800     -0.02862400      0.29727400     -0.51865300     -0.82011800      0.24165600      0.84733200     -0.45567100      0.27262700     -0.11282500      0.34719700      0.93090700     -0.01099500      0.02818300      0.01321500     -0.01344500     -0.10139300      0.01923600      0.34895700      0.00219000      0.03932300     -0.00936300      0.50349800      0.83075200      0.23735800     -0.85566100      0.44138700      0.27022300      0.11972200     -0.33915500      0.93308000     -0.00558800      0.00850400      0.01068600     -0.19290900     -0.24756700     -0.02368700      0.29314500      0.07928600      0.03234500     -0.07021900      0.57211100      0.07294000     -0.81692500      0.49394200      0.76451000      0.41417900      0.65475800     -0.64047100      0.40135700     -0.00794700      0.00035700      0.00044500     -0.00092800      0.01472600     -0.02957900      0.51140700
