     0.22702800     -0.04955700      0.36114800     -0.82480000     -0.18586900     -0.53404400     -0.02675800     -0.93056800      0.36510200     -0.56380100      0.31565200      0.76322900     -0.00000100      0.00001000      0.00000900      0.00000000      0.00000000      0.00000000      0.51969900     -0.24968500     -0.02591500      0.32723400     -0.88134400     -0.06012000      0.46862600      0.33543100     -0.77791300      0.53129100      0.33370900      0.62551200      0.70515000      0.00011200      0.01075200     -0.00868100      0.03585500     -0.01545400      0.01571900      0.53591800      0.00128500      0.04080000      0.00561300      0.88033400      0.08593600      0.46650300     -0.35536400      0.77091300      0.52859100     -0.31420900     -0.63111500      0.70919900     -0.00021600     -0.00084700     -0.00089000     -0.00163100      0.01361700     -0.02551300      0.23534100      0.11617000      0.02590400     -0.02593900      0.81449600      0.24034600     -0.52804300     -0.03633600      0.92949900      0.36702700      0.57902900     -0.27975500      0.76580700      0.00001300     -0.00012800     -0.00012000      0.00482800     -0.07713100      0.18326300     -0.02990100
     0.22701600     -0.04954900      0.36112700     -0.82480600     -0.18587400     -0.53403200     -0.02672200     -0.93058300      0.36506700     -0.56379400      0.31560600      0.76325400     -0.01496300     -0.00143500     -0.00024300     -0.00098400      0.01471500     -0.02955300      0.51998000     -0.24968500     -0.02592300      0.32724000     -0.88133600     -0.06012200      0.46864100      0.33545100     -0.77789600      0.53130500      0.33371000      0.62553400      0.70513000     -0.00000000     -0.00000100     -0.00000100      0.00000000      0.00000000      0.00000000      0.53588200      0.00128500      0.04080000      0.00561300      0.88033400      0.08593600      0.46650300     -0.35536400      0.77091300      0.52859100     -0.31420900     -0.63111500      0.70919900     -0.00021600     -0.00084700     -0.00089000     -0.00163100      0.01361700     -0.02551300      0.23534100      0.11617000      0.02590400     -0.02593900      0.81449600      0.24034600     -0.52804300     -0.03633600      0.92949900      0.36702700      0.57902900     -0.27975500      0.76580700      0.00001300     -0.00012800     -0.00012000      0.00482800     -0.07713100      0.18326300     -0.02990100
     0.22700700     -0.04956200      0.36110100     -0.82482600     -0.18592500     -0.53398400     -0.02665400     -0.93057800      0.36508400     -0.56376800      0.31558900      0.76328000      0.00008000     -0.00077900     -0.00074500      0.00000000      0.00000000      0.00000000      0.51963800     -0.24968500     -0.02591500      0.32723400     -0.88134400     -0.06012000      0.46862600      0.33543100     -0.77791300      0.53129100      0.33370900      0.62551200      0.70515000     -0.00000000     -0.00000000     -0.00000000      0.00000000      0.00000000      0.00000000      0.53606700      0.00128500      0.04080000      0.00561300      0.88033400      0.08593600      0.46650300     -0.35536400      0.77091300      0.52859100     -0.31420900     -0.63111500      0.70919900     -0.00021600     -0.00084700     -0.00089000     -0.00163100      0.01361700     -0.02551300      0.23534100      0.11617000      0.02590400     -0.02593900      0.81449600      0.24034600     -0.52804300     -0.03633600      0.92949900      0.36702700      0.57902900     -0.27975500      0.76580700      0.00001300     -0.00012800     -0.00012000      0.00482800     -0.07713100      0.18326300     -0.02990100
     0.22700900     -0.04958900      0.36110400     -0.82484300     -0.18598400     -0.53393800     -0.02662400     -0.93054800      0.36516400     -0.56374600      0.31564400      0.76327400      0.00000100     -0.00001400     -0.00001400      0.00000000      0.00000000      0.00000000      0.51970900     -0.24968500     -0.02591500      0.32723400     -0.88134400     -0.06012000      0.46862600      0.33543100     -0.77791300      0.53129100      0.33370900      0.62551200      0.70515000     -0.00000000     -0.00000000     -0.00000000      0.00000000      0.00000000      0.00000000      0.53611800      0.00128500      0.04080000      0.00561300      0.88033400      0.08593600      0.46650300     -0.35536400      0.77091300      0.52859100     -0.31420900     -0.63111500      0.70919900     -0.00021600     -0.00084700     -0.00089000     -0.00163100      0.01361700     -0.02551300      0.23534100      0.11617000      0.02590400     -0.02593900      0.81449600      0.24034600     -0.52804300     -0.03633600      0.92949900      0.36702700      0.57902900     -0.27975500      0.76580700      0.00001300     -0.00012800     -0.00012000      0.00482800     -0.07713100      0.18326300     -0.02990100
     0.22702000     -0.04958900      0.36111700     -0.82483300     -0.18596500     -0.53395900     -0.02666000     -0.93054400      0.36517000     -0.56375800      0.31566500      0.76325600     -0.00000600      0.00005800      0.00005500      0.00000000      0.00000000      0.00000000      0.51954700     -0.24968500     -0.02592300      0.32724000     -0.88133600     -0.06012200      0.46864100      0.33545100     -0.77789600      0.53130500      0.33371000      0.62553400      0.70513000     -0.00012900     -0.01082000      0.00861000     -0.03585500      0.01545400     -0.01572000      0.53597500      0.00128500      0.04080000      0.00561300      0.88033400      0.08593600      0.46650300     -0.35536400      0.77091300      0.52859100     -0.31420900     -0.63111500      0.70919900     -0.00021600     -0.00084700     -0.00089000     -0.00163100      0.01361700     -0.02551300      0.23534100      0.11617000      0.02590400     -0.02593900      0.81449600      0.24034600     -0.52804300     -0.03633600      0.92949900      0.36702700      0.57902900     -0.27975500      0.76580700      0.00001300     -0.00012800     -0.00012000      0.00482800     -0.07713100      0.18326300     -0.02990100
     0.22704300     -0.04959700      0.36115200     -0.82370200     -0.19082200     -0.53399100     -0.02122200     -0.93066800      0.36521000     -0.56563600      0.31238800      0.76321400     -0.00000200      0.00001900      0.00001800      0.00000000     -0.00000000     -0.00000000      0.51985600     -0.24969600     -0.02592100      0.32724100     -0.88132500     -0.06013200      0.46866000      0.33547100     -0.77789400      0.53129600      0.33371900      0.62553600      0.70512400     -0.00000000     -0.00000000     -0.00000000      0.00000000      0.00000000      0.00000000      0.53582900      0.00128500      0.04080000      0.00561300      0.88033400      0.08593600      0.46650300     -0.35536400      0.77091300      0.52859100     -0.31420900     -0.63111500      0.70919900     -0.00021600     -0.00084700     -0.00089000     -0.00163100      0.01361700     -0.02551300      0.23534100      0.11617000      0.02590400     -0.02593900      0.81449600      0.24034600     -0.52804300     -0.03633600      0.92949900      0.36702700      0.57902900     -0.27975500      0.76580700      0.00001300     -0.00012800     -0.00012000      0.00482800     -0.07713100      0.18326300     -0.02990100
     0.22703100     -0.04959100      0.36115800     -0.82370400     -0.19082300     -0.53398800     -0.02122000     -0.93066800      0.36521100     -0.56563400      0.31238900      0.76321600     -0.00000000      0.00000000      0.00000000      0.00000000     -0.00000000     -0.00000000      0.51963700     -0.24968500     -0.02591500      0.32723400     -0.88134400     -0.06012000      0.46862600      0.33543100     -0.77791300      0.53129100      0.33370900      0.62551200      0.70515000     -0.00000000     -0.00000000     -0.00000000      0.00000000      0.00000000      0.00000000      0.53612200      0.00128500      0.04080000      0.00561300      0.88033400      0.08593600      0.46650300     -0.35536400      0.77091300      0.52859100     -0.31420900     -0.63111500      0.70919900     -0.00021600     -0.00084700     -0.00089000     -0.00163100      0.01361700     -0.02551300      0.23534100      0.11617000      0.02590400     -0.02593900      0.81449600      0.24034600     -0.52804300     -0.03633600      0.92949900      0.36702700      0.57902900     -0.27975500      0.76580700      0.00001300     -0.00012800     -0.00012000      0.00482800     -0.07713100      0.18326300     -0.02990100
     0.22705200     -0.04957800      0.36118300     -0.82367800     -0.19075500     -0.53405300     -0.02130600     -0.93067700      0.36518200     -0.56566900      0.31240300      0.76318400     -0.00009500      0.00092100      0.00088000      0.00000000      0.00000000      0.00000000      0.51981100     -0.24968500     -0.02591500      0.32723400     -0.88134400     -0.06012000      0.46862600      0.33543100     -0.77791300      0.53129100      0.33370900      0.62551200      0.70515000     -0.00000000     -0.00000000     -0.00000000      0.00000000      0.00000000      0.00000000      0.53593500      0.00128500      0.04080000      0.00561300      0.88033400      0.08593600      0.46650300     -0.35536400      0.77091300      0.52859100     -0.31420900     -0.63111500      0.70919900     -0.00021600     -0.00084700     -0.00089000     -0.00163100      0.01361700     -0.02551300      0.23534100      0.11617000      0.02590400     -0.02593900      0.81449600      0.24034600     -0.52804300     -0.03633600      0.92949900      0.36702700      0.57902900     -0.27975500      0.76580700      0.00001300     -0.00012800     -0.00012000      0.00482800     -0.07713100      0.18326300     -0.02990100
     0.22706300     -0.04957100      0.36120300     -0.82366300     -0.19072000     -0.53408800     -0.02135700     -0.93067800      0.36517700     -0.56568800      0.31242100      0.76316300     -0.00009300      0.00090100      0.00086100      0.00000000      0.00000000      0.00000000      0.51959500     -0.24968500     -0.02591500      0.32723400     -0.88134400     -0.06012000      0.46862600      0.33543100     -0.77791300      0.53129100      0.33370900      0.62551200      0.70515000     -0.00000000     -0.00000000     -0.00000000      0.00000000      0.00000000      0.00000000      0.53602400      0.00128500      0.04080000      0.00561300      0.88033400      0.08593600      0.46650300     -0.35536400      0.77091300      0.52859100     -0.31420900     -0.63111500      0.70919900     -0.00021600     -0.00084700     -0.00089000     -0.00163100      0.01361700     -0.02551300      0.23534100      0.11617000      0.02590400     -0.02593900      0.81449600      0.24034600     -0.52804300     -0.03633600      0.92949900      0.36702700      0.57902900     -0.27975500      0.76580700      0.00001300     -0.00012800     -0.00012000      0.00482800     -0.07713100      0.18326300     -0.02990100
     0.22707200     -0.04955000      0.36120800     -0.82364300     -0.19065700     -0.53414100     -0.02140600     -0.93070200      0.36511300     -0.56571500      0.31238900      0.76315600     -0.00079500      0.00981500     -0.00971200      0.03548200     -0.00583300      0.02186900      0.51971100     -0.24968500     -0.02591500      0.32723400     -0.88134400     -0.06012000      0.46862600      0.33543100     -0.77791300      0.53129100      0.33370900      0.62551200      0.70515000      0.00012900      0.01082000     -0.00861000      0.03585500     -0.01545400      0.01571900      0.53605600      0.00128500      0.04080000      0.00561300      0.88033400      0.08593600      0.46650300     -0.35536400      0.77091300      0.52859100     -0.31420900     -0.63111500      0.70919900     -0.00021600     -0.00084700     -0.00089000     -0.00163100      0.01361700     -0.02551300      0.23534100      0.11617000      0.02590400     -0.02593900      0.81449600      0.24034600     -0.52804300     -0.03633600      0.92949900      0.36702700      0.57902900     -0.27975500      0.76580700      0.00001300     -0.00012800     -0.00012000      0.00482800     -0.07713100      0.18326300     -0.02990100
     0.22705100     -0.04956600      0.36120900     -0.82366500     -0.19072100     -0.53408500     -0.02135600     -0.93067700      0.36517800     -0.56568600      0.31242200      0.76316400      0.00000300     -0.00003000     -0.00002900      0.00000000      0.00000000      0.00000000      0.51964400     -0.24968500     -0.02591500      0.32723400     -0.88134400     -0.06012000      0.46862600      0.33543100     -0.77791300      0.53129100      0.33370900      0.62551200      0.70515000      0.00012900      0.01082000     -0.00861000      0.03585500     -0.01545400      0.01571900      0.53620800      0.00128500      0.04080000      0.00561300      0.88033400      0.08593600      0.46650300     -0.35536400      0.77091300      0.52859100     -0.31420900     -0.63111500      0.70919900     -0.00021600     -0.00084700     -0.00089000     -0.00163100      0.01361700     -0.02551300      0.23534100      0.11617000      0.02590400     -0.02593900      0.81449600      0.24034600     -0.52804300     -0.03633600      0.92949900      0.36702700      0.57902900     -0.27975500      0.76580700      0.00001300     -0.00012800     -0.00012000      0.00482800     -0.07713100      0.18326300     -0.02990100
     0.22705100     -0.04957200      0.36120300     -0.82367000     -0.19073700     -0.53407100     -0.02133900     -0.93067400      0.36518900     -0.56567900      0.31242400      0.76316800      0.00000800     -0.00008100     -0.00007700      0.00000000      0.00000000      0.00000000      0.51964700     -0.24968500     -0.02591500      0.32723400     -0.88134400     -0.06012000      0.46862600      0.33543100     -0.77791300      0.53129100      0.33370900      0.62551200      0.70515000     -0.01468700      0.00172100      0.00192200     -0.00204500      0.01520500     -0.02924500      0.53609500      0.00128500      0.04080000      0.00561300      0.88033400      0.08593600      0.46650300     -0.35536400      0.77091300      0.52859100     -0.31420900     -0.63111500      0.70919900     -0.00021600     -0.00084700     -0.00089000     -0.00163100      0.01361700     -0.02551300      0.23534100      0.11617000      0.02590400     -0.02593900      0.81449600      0.24034600     -0.52804300     -0.03633600      0.92949900      0.36702700      0.57902900     -0.27975500      0.76580700      0.00001300     -0.00012800     -0.00012000      0.00482800     -0.07713100      0.18326300     -0.02990100
     0.22705200     -0.04957800      0.36119700     -0.82367500     -0.19075300     -0.53405700     -0.02132300     -0.93067000      0.36520000     -0.56567200      0.31242600      0.76317300      0.00000000     -0.00000300     -0.00000300      0.00000000      0.00000000      0.00000000      0.51975200     -0.24968500     -0.02592300      0.32724000     -0.88133600     -0.06012200      0.46864100      0.33545100     -0.77789600      0.53130500      0.33371000      0.62553400      0.70513000      0.00000000      0.00000000      0.00000000      0.00000000      0.00000000      0.00000000      0.53608700      0.00128500      0.04080000      0.00561300      0.88033400      0.08593600      0.46650300     -0.35536400      0.77091300      0.52859100     -0.31420900     -0.63111500      0.70919900     -0.00021600     -0.00084700     -0.00089000     -0.00163100      0.01361700     -0.02551300      0.23534100      0.11617000      0.02590400     -0.02593900      0.81449600      0.24034600     -0.52804300     -0.03633600      0.92949900      0.36702700      0.57902900     -0.27975500      0.76580700      0.00001300     -0.00012800     -0.00012000      0.00482800     -0.07713100      0.18326300     -0.02990100
     0.22706300     -0.04957000      0.36119000     -0.82366600     -0.19072200     -0.53408300     -0.02134000     -0.93068600      0.36515900     -0.56568500      0.31239800      0.76317400      0.00000000     -0.00000000     -0.00000000      0.00000000      0.00000000      0.00000000      0.51956400     -0.24968500     -0.02592300      0.32724000     -0.88133600     -0.06012200      0.46864100      0.33545100     -0.77789600      0.53130500      0.33371000      0.62553400      0.70513000      0.00000000      0.00000000      0.00000000      0.00000000      0.00000000      0.00000000      0.53610200      0.00128500      0.04080000      0.00561300      0.88033400      0.08593600      0.46650300     -0.35536400      0.77091300      0.52859100     -0.31420900     -0.63111500      0.70919900     -0.00021600     -0.00084700     -0.00089000     -0.00163100      0.01361700     -0.02551300      0.23534100      0.11617000      0.02590400     -0.02593900      0.81449600      0.24034600     -0.52804300     -0.03633600      0.92949900      0.36702700      0.57902900     -0.27975500      0.76580700      0.00001300     -0.00012800     -0.00012000      0.00482800     -0.07713100      0.18326300     -0.02990100
     0.22706300     -0.04957700      0.36119700     -0.82366900     -0.19073600     -0.53407400     -0.02134100     -0.93067400      0.36518800     -0.56568100      0.31242400      0.76316700     -0.00004800      0.00046100      0.00044100      0.00000000      0.00000000      0.00000000      0.51982100     -0.24967400     -0.02592400      0.32723900     -0.88134700     -0.06011200      0.46862100      0.33543100     -0.77789800      0.53131400      0.33370000      0.62553200      0.70513600      0.00000000      0.00000000      0.00000000      0.00000000      0.00000000      0.00000000      0.53607500      0.00128500      0.04080000      0.00561300      0.88033400      0.08593600      0.46650300     -0.35536400      0.77091300      0.52859100     -0.31420900     -0.63111500      0.70919900     -0.00021600     -0.00084700     -0.00089000     -0.00163100      0.01361700     -0.02551300      0.23534100      0.11617000      0.02590400     -0.02593900      0.81449600      0.24034600     -0.52804300     -0.03633600      0.92949900      0.36702700      0.57902900     -0.27975500      0.76580700      0.00001300     -0.00012800     -0.00012000      0.00482800     -0.07713100      0.18326300     -0.02990100
     0.22706300     -0.04957000      0.36119000     -0.82366600     -0.19072200     -0.53408300     -0.02134000     -0.93068600      0.36515900     -0.56568500      0.31239800      0.76317400     -0.00000100      0.00000800      0.00000800      0.00000000      0.00000000      0.00000000      0.51973000     -0.24968500     -0.02591500      0.32723400     -0.88134400     -0.06012000      0.46862600      0.33543100     -0.77791300      0.53129100      0.33370900      0.62551200      0.70515000      0.00000000      0.00000000      0.00000000      0.00000000      0.00000000      0.00000000      0.53591000      0.00128500      0.04080000      0.00561300      0.88033400      0.08593600      0.46650300     -0.35536400      0.77091300      0.52859100     -0.31420900     -0.63111500      0.70919900     -0.00021600     -0.00084700     -0.00089000     -0.00163100      0.01361700     -0.02551300      0.23534100      0.11617000      0.02590400     -0.02593900      0.81449600      0.24034600     -0.52804300     -0.03633600      0.92949900      0.36702700      0.57902900     -0.27975500      0.76580700      0.00001300     -0.00012800     -0.00012000      0.00482800     -0.07713100      0.18326300     -0.02990100
     0.22707400     -0.04956900      0.36119000     -0.82365900     -0.19070400     -0.53410000     -0.02135800     -0.93069000      0.36514700     -0.56569400      0.31239500      0.76316900      0.01496800      0.00137900      0.00018800      0.00098400     -0.01471500      0.02955300      0.51985100     -0.24968500     -0.02591500      0.32723400     -0.88134400     -0.06012000      0.46862600      0.33543100     -0.77791300      0.53129100      0.33370900      0.62551200      0.70515000      0.00000000      0.00000000      0.00000000      0.00000000      0.00000000      0.00000000      0.53585300      0.00128500      0.04080000      0.00561300      0.88033400      0.08593600      0.46650300     -0.35536400      0.77091300      0.52859100     -0.31420900     -0.63111500      0.70919900     -0.00021600     -0.00084700     -0.00089000     -0.00163100      0.01361700     -0.02551300      0.23534100      0.11617000      0.02590400     -0.02593900      0.81449600      0.24034600     -0.52804300     -0.03633600      0.92949900      0.36702700      0.57902900     -0.27975500      0.76580700      0.00001300     -0.00012800     -0.00012000      0.00482800     -0.07713100      0.18326300     -0.02990100
     0.22705000     -0.04955700      0.36118800     -0.82366400     -0.19070900     -0.53409000     -0.02133600     -0.93069600      0.36513100     -0.56568700      0.31237300      0.76318300     -0.00001300      0.00013000      0.00012500      0.00000000      0.00000000      0.00000000      0.51956400     -0.24968500     -0.02591500      0.32723400     -0.88134400     -0.06012000      0.46862600      0.33543100     -0.77791300      0.53129100      0.33370900      0.62551200      0.70515000      0.00000000      0.00000000      0.00000000      0.00000000      0.00000000      0.00000000      0.53609200      0.00128500      0.04080000      0.00561300      0.88033400      0.08593600      0.46650300     -0.35536400      0.77091300      0.52859100     -0.31420900     -0.63111500      0.70919900     -0.00021600     -0.00084700     -0.00089000     -0.00163100      0.01361700     -0.02551300      0.23534100      0.11617000      0.02590400     -0.02593900      0.81449600      0.24034600     -0.52804300     -0.03633600      0.92949900      0.36702700      0.57902900     -0.27975500      0.76580700      0.00001300     -0.00012800     -0.00012000      0.00482800     -0.07713100      0.18326300     -0.02990100
     0.22701700     -0.04956100      0.36118800     -0.82368500     -0.19076000     -0.53404000     -0.02128300     -0.93068300      0.36516800     -0.56566000      0.31238100      0.76320000     -0.00000000      0.00000000      0.00000000      0.00000000      0.00000000      0.00000000      0.51969500     -0.24968500     -0.02591500      0.32723400     -0.88134400     -0.06012000      0.46862600      0.33543100     -0.77791300      0.53129100      0.33370900      0.62551200      0.70515000      0.00000000      0.00000000      0.00000000      0.00000000      0.00000000      0.00000000      0.53660900      0.00128500      0.04080000      0.00561300      0.88033400      0.08593600      0.46650300     -0.35536400      0.77091300      0.52859100     -0.31420900     -0.63111500      0.70919900     -0.00021600     -0.00084700     -0.00089000     -0.00163100      0.01361700     -0.02551300      0.23534100      0.11617000      0.02590400     -0.02593900      0.81449600      0.24034600     -0.52804300     -0.03633600      0.92949900      0.36702700      0.57902900     -0.27975500      0.76580700      0.00001300     -0.00012800     -0.00012000      0.00482800     -0.07713100      0.18326300     -0.02990100
     0.22701700     -0.04956100      0.36118800     -0.82368500     -0.19076000     -0.53404000     -0.02128300     -0.93068300      0.36516800     -0.56566000      0.31238100      0.76320000     -0.00000000      0.00000000      0.00000000      0.00000000      0.00000000      0.00000000      0.51965100     -0.24968500     -0.02591500      0.32723400     -0.88134400     -0.06012000      0.46862600      0.33543100     -0.77791300      0.53129100      0.33370900      0.62551200      0.70515000      0.00012900      0.01082000     -0.00861000      0.03585500     -0.01545400      0.01571900      0.53608200      0.00128500      0.04080000      0.00561300      0.88033400      0.08593600      0.46650300     -0.35536400      0.77091300      0.52859100     -0.31420900     -0.63111500      0.70919900     -0.00021600     -0.00084700     -0.00089000     -0.00163100      0.01361700     -0.02551300      0.23534100      0.11617000      0.02590400     -0.02593900      0.81449600      0.24034600     -0.52804300     -0.03633600      0.92949900      0.36702700      0.57902900     -0.27975500      0.76580700      0.00001300     -0.00012800     -0.00012000      0.00482800     -0.07713100      0.18326300     -0.02990100
     0.22702700     -0.04955300      0.36119400     -0.82367300     -0.19072700     -0.53407100     -0.02131700     -0.93069100      0.36514500     -0.56567600      0.31237700      0.76319000     -0.00000000      0.00000000      0.00000000      0.00000000      0.00000000      0.00000000      0.51943500     -0.24968500     -0.02591500      0.32723400     -0.88134400     -0.06012000      0.46862600      0.33543100     -0.77791300      0.53129100      0.33370900      0.62551200      0.70515000      0.00012900      0.01082000     -0.00861000      0.03585500     -0.01545400      0.01571900      0.53592300      0.00128500      0.04080000      0.00561300      0.88033400      0.08593600      0.46650300     -0.35536400      0.77091300      0.52859100     -0.31420900     -0.63111500      0.70919900     -0.00021600     -0.00084700     -0.00089000     -0.00163100      0.01361700     -0.02551300      0.23534100      0.11617000      0.02590400     -0.02593900      0.81449600      0.24034600     -0.52804300     -0.03633600      0.92949900      0.36702700      0.57902900     -0.27975500      0.76580700      0.00001300     -0.00012800     -0.00012000      0.00482800     -0.07713100      0.18326300     -0.02990100
     0.22703800     -0.04955200      0.36119400     -0.82366600     -0.19071000     -0.53408700     -0.02133500     -0.93069600      0.36513300     -0.56568500      0.31237400      0.76318400      0.01496800      0.00137800      0.00018800      0.00098400     -0.01471500      0.02955300      0.51957800     -0.24968500     -0.02591500      0.32723400     -0.88134400     -0.06012000      0.46862600      0.33543100     -0.77791300      0.53129100      0.33370900      0.62551200      0.70515000      0.00000000      0.00000000      0.00000000      0.00000000      0.00000000      0.00000000      0.53628400      0.00128500      0.04080000      0.00561300      0.88033400      0.08593600      0.46650300     -0.35536400      0.77091300      0.52859100     -0.31420900     -0.63111500      0.70919900     -0.00021600     -0.00084700     -0.00089000     -0.00163100      0.01361700     -0.02551300      0.23534100      0.11617000      0.02590400     -0.02593900      0.81449600      0.24034600     -0.52804300     -0.03633600      0.92949900      0.36702700      0.57902900     -0.27975500      0.76580700      0.00001300     -0.00012800     -0.00012000      0.00482800     -0.07713100      0.18326300     -0.02990100
     0.22703900     -0.04955900      0.36120100     -0.82366900     -0.19072400     -0.53407800     -0.02133600     -0.93068500      0.36516200     -0.56568100      0.31239900      0.76317700      0.00005900     -0.00057100     -0.00054500      0.00000000      0.00000000      0.00000000      0.51974800     -0.24968500     -0.02591500      0.32723400     -0.88134400     -0.06012000      0.46862600      0.33543100     -0.77791300      0.53129100      0.33370900      0.62551200      0.70515000      0.00000000      0.00000000      0.00000000      0.00000000      0.00000000      0.00000000      0.53604600      0.00128500      0.04080000      0.00561300      0.88033400      0.08593600      0.46650300     -0.35536400      0.77091300      0.52859100     -0.31420900     -0.63111500      0.70919900     -0.00021600     -0.00084700     -0.00089000     -0.00163100      0.01361700     -0.02551300      0.23534100      0.11617000      0.02590400     -0.02593900      0.81449600      0.24034600     -0.52804300     -0.03633600      0.92949900      0.36702700      0.57902900     -0.27975500      0.76580700      0.00001300     -0.00012800     -0.00012000      0.00482800     -0.07713100      0.18326300     -0.02990100
     0.22705100     -0.04956600      0.36120900     -0.82366500     -0.19072100     -0.53408500     -0.02135600     -0.93067700      0.36517800     -0.56568600      0.31242200      0.76316400     -0.01496800     -0.00137900     -0.00018800     -0.00098400      0.01471500     -0.02955300      0.51970300     -0.24968500     -0.02592300      0.32724000     -0.88133600     -0.06012200      0.46864100      0.33545100     -0.77789600      0.53130500      0.33371000      0.62553400      0.70513000      0.00000000      0.00000000      0.00000000      0.00000000      0.00000000      0.00000000      0.53601300      0.00128500      0.04080000      0.00561300      0.88033400      0.08593600      0.46650300     -0.35536400      0.77091300      0.52859100     -0.31420900     -0.63111500      0.70919900     -0.00021600     -0.00084700     -0.00089000     -0.00163100      0.01361700     -0.02551300      0.23534100      0.11617000      0.02590400     -0.02593900      0.81449600      0.24034600     -0.52804300     -0.03633600      0.92949900      0.36702700      0.57902900     -0.27975500      0.76580700      0.00001300     -0.00012800     -0.00012000      0.00482800     -0.07713100      0.18326300     -0.02990100
     0.22706200     -0.04956500      0.36120900     -0.82365800     -0.19070400     -0.53410100     -0.02137300     -0.93068200      0.36516600     -0.56569500      0.31241900      0.76315800      0.00000000     -0.00000000     -0.00000000      0.00000000      0.00000000      0.00000000      0.51955500     -0.24968500     -0.02592300      0.32724000     -0.88133600     -0.06012200      0.46864100      0.33545100     -0.77789600      0.53130500      0.33371000      0.62553400      0.70513000     -0.00012900     -0.01082000      0.00861000     -0.03585500      0.01545400     -0.01572000      0.53598400      0.00128500      0.04080000      0.00561300      0.88033400      0.08593600      0.46650300     -0.35536400      0.77091300      0.52859100     -0.31420900     -0.63111500      0.70919900     -0.00021600     -0.00084700     -0.00089000     -0.00163100      0.01361700     -0.02551300      0.23534100      0.11617000      0.02590400     -0.02593900      0.81449600      0.24034600     -0.52804300     -0.03633600      0.92949900      0.36702700      0.57902900     -0.27975500      0.76580700      0.00001300     -0.00012800     -0.00012000      0.00482800     -0.07713100      0.18326300     -0.02990100
     0.22705000     -0.04955900      0.36121500     -0.82366000     -0.19070500     -0.53409900     -0.02137200     -0.93068100      0.36516700     -0.56569300      0.31242000      0.76316000     -0.00004200      0.00040700      0.00038900      0.00000000      0.00000000      0.00000000      0.51961700     -0.24968500     -0.02591500      0.32723400     -0.88134400     -0.06012000      0.46862600      0.33543100     -0.77791300      0.53129100      0.33370900      0.62551200      0.70515000      0.00000000      0.00000000      0.00000000      0.00000000      0.00000000      0.00000000      0.53616100      0.00128500      0.04080000      0.00561300      0.88033400      0.08593600      0.46650300     -0.35536400      0.77091300      0.52859100     -0.31420900     -0.63111500      0.70919900     -0.00021600     -0.00084700     -0.00089000     -0.00163100      0.01361700     -0.02551300      0.23534100      0.11617000      0.02590400     -0.02593900      0.81449600      0.24034600     -0.52804300     -0.03633600      0.92949900      0.36702700      0.57902900     -0.27975500      0.76580700      0.00001300     -0.00012800     -0.00012000      0.00482800     -0.07713100      0.18326300     -0.02990100
     0.22703900     -0.04956000      0.36121500     -0.82366700     -0.19072200     -0.53408200     -0.02135400     -0.93067700      0.36518000     -0.56568300      0.31242300      0.76316500     -0.00000000      0.00000000      0.00000000      0.00000000      0.00000000      0.00000000      0.51938700     -0.24968500     -0.02591500      0.32723400     -0.88134400     -0.06012000      0.46862600      0.33543100     -0.77791300      0.53129100      0.33370900      0.62551200      0.70515000      0.00000000      0.00000000      0.00000000      0.00000000      0.00000000      0.00000000      0.53587200      0.00128500      0.04080000      0.00561300      0.88033400      0.08593600      0.46650300     -0.35536400      0.77091300      0.52859100     -0.31420900     -0.63111500      0.70919900     -0.00021600     -0.00084700     -0.00089000     -0.00163100      0.01361700     -0.02551300      0.23534100      0.11617000      0.02590400     -0.02593900      0.81449600      0.24034600     -0.52804300     -0.03633600      0.92949900      0.36702700      0.57902900     -0.27975500      0.76580700      0.00001300     -0.00012800     -0.00012000      0.00482800     -0.07713100      0.18326300     -0.02990100
     0.22703800     -0.04954700      0.36121400     -0.82365900     -0.19069200     -0.53410500     -0.02136800     -0.93069200      0.36514000     -0.56569400      0.31239500      0.76316800     -0.00000100      0.00000800      0.00000800      0.00000000      0.00000000      0.00000000      0.52015100     -0.24968500     -0.02591500      0.32723400     -0.88134400     -0.06012000      0.46862600      0.33543100     -0.77791300      0.53129100      0.33370900      0.62551200      0.70515000      0.00000000      0.00000000      0.00000000      0.00000000      0.00000000      0.00000000      0.53611400      0.00128500      0.04080000      0.00561300      0.88033400      0.08593600      0.46650300     -0.35536400      0.77091300      0.52859100     -0.31420900     -0.63111500      0.70919900     -0.00021600     -0.00084700     -0.00089000     -0.00163100      0.01361700     -0.02551300      0.23534100      0.11617000      0.02590400     -0.02593900      0.81449600      0.24034600     -0.52804300     -0.03633600      0.92949900      0.36702700      0.57902900     -0.27975500      0.76580700      0.00001300     -0.00012800     -0.00012000      0.00482800     -0.07713100      0.18326300     -0.02990100
     0.22703700     -0.04954000      0.36122000     -0.82365300     -0.19067600     -0.53411900     -0.02138500     -0.93069600      0.36512900     -0.56570100      0.31239300      0.76316400     -0.00008000      0.00077900      0.00074400      0.00000000      0.00000000      0.00000000      0.51993600     -0.24967400     -0.02592400      0.32723900     -0.88141500     -0.06005700      0.46850000      0.33531400     -0.77791100      0.53136900      0.33363900      0.62552100      0.70517500      0.00000000      0.00000000      0.00000000      0.01123200     -0.09736200      0.17304800      0.53590700      0.00128500      0.04080000      0.00561300      0.88033400      0.08593600      0.46650300     -0.35536400      0.77091300      0.52859100     -0.31420900     -0.63111500      0.70919900     -0.00021600     -0.00084700     -0.00089000     -0.00163100      0.01361700     -0.02551300      0.23534100      0.11617000      0.02590400     -0.02593900      0.81449600      0.24034600     -0.52804300     -0.03633600      0.92949900      0.36702700      0.57902900     -0.27975500      0.76580700      0.00001300     -0.00012800     -0.00012000      0.00482800     -0.07713100      0.18326300     -0.02990100
     0.22703600     -0.04953400      0.36122600     -0.82364800     -0.19066000     -0.53413200     -0.02140100     -0.93070000      0.36511700     -0.56570800      0.31239100      0.76316000     -0.00000400      0.00004200      0.00004000      0.00000000      0.00000000      0.00000000      0.51982600     -0.24959900     -0.02596300      0.32724100     -0.88145900     -0.06000100      0.46842300      0.33525000     -0.77787200      0.53146500      0.33358500      0.62557400      0.70515300     -0.00000100     -0.00000300     -0.00000400      0.00000000      0.00000000      0.00000000      0.53603500      0.00128500      0.04080000      0.00561300      0.88033400      0.08593600      0.46650300     -0.35536400      0.77091300      0.52859100     -0.31420900     -0.63111500      0.70919900     -0.00021600     -0.00084700     -0.00089000     -0.00163100      0.01361700     -0.02551300      0.23534100      0.11617000      0.02590400     -0.02593900      0.81449600      0.24034600     -0.52804300     -0.03633600      0.92949900      0.36702700      0.57902900     -0.27975500      0.76580700      0.00001300     -0.00012800     -0.00012000      0.00482800     -0.07713100      0.18326300     -0.02990100
     0.22703600     -0.04953400      0.36122600     -0.82364800     -0.19066000     -0.53413200     -0.02140100     -0.93070000      0.36511700     -0.56570800      0.31239100      0.76316000     -0.00000000      0.00000000      0.00000000      0.00000000      0.00000000      0.00000000      0.51952300     -0.24954200     -0.02596400      0.32724100     -0.88152500     -0.05994300      0.46830700      0.33513400     -0.77788600      0.53151900      0.33352800      0.62556300      0.70519000      0.00005100      0.00020000      0.00021000      0.00000000      0.00000000      0.00000000      0.53621900      0.00128500      0.04080000      0.00561300      0.88033400      0.08593600      0.46650300     -0.35536400      0.77091300      0.52859100     -0.31420900     -0.63111500      0.70919900     -0.00021600     -0.00084700     -0.00089000     -0.00163100      0.01361700     -0.02551300      0.23534100      0.11617000      0.02590400     -0.02593900      0.81449600      0.24034600     -0.52804300     -0.03633600      0.92949900      0.36702700      0.57902900     -0.27975500      0.76580700      0.00001300     -0.00012800     -0.00012000      0.00482800     -0.07713100      0.18326300     -0.02990100
     0.22704800     -0.04953300      0.36122600     -0.82364100     -0.19064300     -0.53414900     -0.02141900     -0.93070500      0.36510500     -0.56571700      0.31238800      0.76315400     -0.00000000      0.00000000      0.00000000      0.00000000      0.00000000      0.00000000      0.51951300     -0.24963800     -0.02593200      0.32726000     -0.88138400     -0.06007000      0.46855600      0.33537600     -0.77787400      0.53138400      0.33365600      0.62556600      0.70512600      0.00000400      0.00001600      0.00001600      0.00000000      0.00000000      0.00000000      0.53604200      0.00128500      0.04080000      0.00561300      0.88033400      0.08593600      0.46650300     -0.35536400      0.77091300      0.52859100     -0.31420900     -0.63111500      0.70919900     -0.00021600     -0.00084700     -0.00089000     -0.00163100      0.01361700     -0.02551300      0.23534100      0.11617000      0.02590400     -0.02593900      0.81449600      0.24034600     -0.52804300     -0.03633600      0.92949900      0.36702700      0.57902900     -0.27975500      0.76580700      0.00001300     -0.00012800     -0.00012000      0.00482800     -0.07713100      0.18326300     -0.02990100
