     0.14129200     -0.04585300      0.27700400     -0.55233300      0.28275000     -0.78423600     -0.74797600     -0.58345000      0.31637000     -0.36742900      0.76097800      0.53472900      0.00045000      0.01270500     -0.00584000     -0.02224100     -0.02528400     -0.22074300     -0.05739100     -0.19384000     -0.03190600      0.24900700     -0.62180200     -0.43102800      0.65388700      0.78097700     -0.28026500      0.55808600     -0.05651400      0.85821300      0.51003800     -0.08066600      0.04624600      0.00260400      0.06136100      0.09280400     -0.23429500     -0.19559000      0.02749400      0.03579400     -0.05048300      0.58256000      0.46522500      0.66647400     -0.80807500      0.24335100      0.53646400      0.08739000     -0.85108400      0.51770400     -0.04033100      0.02315000      0.00141600      0.00440700     -0.08027300     -0.12681600     -0.36328300      0.07134700      0.02476000     -0.08461200      0.54570200     -0.27575600     -0.79130700      0.74729800      0.58739900      0.31065500      0.37914800     -0.76086800      0.52661600      0.00015400      0.00091000      0.00137300     -0.02369900     -0.08140700     -0.05393500     -0.27940900
     0.14128900     -0.04567900      0.27696600     -0.55190300      0.27803500     -0.78622200     -0.74975700     -0.57818700      0.32177200     -0.36443900      0.76671500      0.52854500      0.00054400      0.01326100     -0.00500500     -0.12276000     -0.36999100     -0.16207100     -0.05177400     -0.19567700     -0.03093900      0.24906400     -0.61110400     -0.44129100      0.65711900      0.78837400     -0.26627800      0.55452300     -0.06896800      0.85746300      0.50976800     -0.09635000      0.04690800      0.00444200      0.08854900      0.13270900     -0.24085700     -0.19914300      0.02661900      0.03626100     -0.05045500      0.57131300      0.47499700      0.66931100     -0.81462600      0.22890400      0.53290300      0.09991900     -0.84969300      0.51772200     -0.04818400      0.02345300      0.00230900      0.08840200      0.13369100     -0.24134000     -0.37406000      0.07134600      0.02484500     -0.08463400      0.54528000     -0.27226000     -0.79280700      0.74926300      0.58238100      0.31533400      0.37586300     -0.76596700      0.52155600      0.00020600      0.00621800     -0.00312500     -0.20506900     -0.49307300     -0.26360100     -0.27712300
     0.14131200     -0.04541500      0.27685800     -0.55055600      0.27387800     -0.78862100     -0.75415100     -0.56828100      0.32906700     -0.35735600      0.77556800      0.52040200      0.00010700      0.00063400      0.00095300     -0.10957300     -0.23392500     -0.14049800     -0.03413300     -0.19961100     -0.02915600      0.24930000     -0.58749300     -0.46311300      0.66360400      0.80355500     -0.23782000      0.54559700     -0.09412200      0.85434000      0.51098700     -0.11163300      0.04793600      0.00616800      0.10145400      0.02486000     -0.11432500     -0.20095900      0.02466300      0.03715800     -0.05033900      0.54639500      0.49583000      0.67498500     -0.82818100      0.19979500      0.52363900      0.12477700     -0.84512300      0.51980400     -0.05583200      0.02393200      0.00313000      0.06362700      0.14977200     -0.27174300     -0.38434700      0.07135700      0.02497900     -0.08468500      0.54387400     -0.26789700     -0.79525500      0.75376900      0.57247300      0.32265300      0.36882500     -0.77492200      0.51328600      0.00007200      0.00041800      0.00062800     -0.19369500     -0.27445200     -0.39303300     -0.26765200
     0.14133800     -0.04523400      0.27670100     -0.54932600      0.27182600     -0.79018800     -0.75654400     -0.56332100      0.33208700     -0.35418300      0.77989700      0.51608300      0.00010700      0.01067100     -0.00890300      0.02494800     -0.03687700      0.00404800      0.00146100     -0.20386400     -0.02748900      0.24962400     -0.56725000     -0.47929200      0.66970000      0.81606000     -0.21851000      0.53500800     -0.10938100      0.85058200      0.51420700     -0.11057000      0.03655400      0.01288800      0.00312800      0.01265500     -0.41670100     -0.19656400      0.02249500      0.03801000     -0.05017200      0.52524900      0.51089300      0.68051500     -0.83944700      0.18005200      0.51274600      0.13943000     -0.84057600      0.52344000     -0.06347000      0.02414200      0.00332800     -0.19705800     -0.28992100     -0.44978400     -0.38565300      0.07137000      0.02507100     -0.08476200      0.54270700     -0.26498200     -0.79702700      0.75604900      0.56746800      0.32614200      0.36586600     -0.77959200      0.50830800     -0.00006000     -0.00035800     -0.00054100      0.01547400      0.01314500      0.00478200     -0.24822100
     0.14135000     -0.04516000      0.27662500     -0.54943900      0.26918000     -0.79101400     -0.75612700     -0.56301900      0.33354600     -0.35489600      0.78103500      0.51386800     -0.00003400     -0.00020200     -0.00030300     -0.00869800     -0.01857300     -0.01117800      0.02282600     -0.20613100     -0.02670900      0.24979000     -0.55841100     -0.48597000      0.67231000      0.82177900     -0.21402800      0.52802100     -0.11201300      0.84793500      0.51799800     -0.12634900      0.03583900      0.01190800      0.24637000     -0.08422100     -0.51887300     -0.18719800      0.02132000      0.03841600     -0.05008100      0.51630700      0.51650400      0.68311700     -0.84456200      0.17490100      0.50608600      0.14191800     -0.83823100      0.52652200     -0.06319500      0.01779700      0.00584200      0.31327400     -0.13822700     -0.55846400     -0.38173500      0.07137600      0.02511000     -0.08480500      0.54277700     -0.26239000     -0.79783600      0.75564700      0.56720000      0.32753600      0.36659100     -0.78066300      0.50613800      0.00007700      0.00545700     -0.00426800      0.04877600     -0.00265800      0.02208900     -0.23025900
     0.14137300     -0.04505600      0.27650200     -0.54889100      0.26919600     -0.79139000     -0.75628400     -0.56319000      0.33290200     -0.35541100      0.78090600      0.51370800      0.00004900      0.01032900     -0.00941900      0.03541900     -0.01453200      0.01748700      0.06336700     -0.21060900     -0.02537300      0.25007500     -0.54564000     -0.49734300      0.67447700      0.83003000     -0.21058400      0.51637100     -0.11410000      0.84219500      0.52683200     -0.11048000      0.03281100      0.00506500      0.20687400     -0.13694000     -0.30363000     -0.16056500      0.01912300      0.03907500     -0.04993500      0.50279500      0.52758800      0.68472300     -0.85241400      0.17114000      0.49406500      0.14347900     -0.83208200      0.53577200     -0.05527600      0.01622400      0.00233700      0.25956000     -0.18942100     -0.35114800     -0.36181300      0.07138800      0.02515900     -0.08486200      0.54222600     -0.26276000     -0.79808900      0.75581400      0.56747800      0.32666900      0.36706300     -0.78033600      0.50630000     -0.00008000     -0.00048400     -0.00073000     -0.00076800      0.01633900     -0.02356500     -0.17784200
     0.14141000     -0.04504500      0.27650100     -0.54805300      0.26927100     -0.79194400     -0.75673800     -0.56299700      0.33219600     -0.35573600      0.78102000      0.51331000      0.00001400      0.00008500      0.00012700     -0.00000000     -0.00000000     -0.00000000      0.09852200     -0.21482100     -0.02433400      0.25029900     -0.53945700     -0.51932400      0.66278300      0.83270100     -0.21294900      0.51107400     -0.12360100      0.82823700      0.54645200     -0.11021600      0.01950400      0.00882300      0.40297000     -0.72619200     -0.26350200     -0.08781400      0.01701700      0.03959800     -0.04982600      0.49685900      0.54769800      0.67316900     -0.85445000      0.17304800      0.48986600      0.15180800     -0.81858400      0.55396100     -0.05519300      0.01585700      0.00123800      0.03691900     -0.65922200      0.42528700     -0.32050100      0.07140600      0.02516700     -0.08486800      0.54136000     -0.26286500     -0.79864200      0.75627800      0.56728700      0.32592700      0.36738400     -0.78044000      0.50590600      0.00001000      0.00005900      0.00008900     -0.00052700      0.00023900      0.00037300     -0.12412000
     0.14142400     -0.04504400      0.27652100     -0.54739000      0.26933200     -0.79238200     -0.75711400     -0.56280600      0.33166100     -0.35595700      0.78113600      0.51298000      0.00000500      0.00003300      0.00004900     -0.00000000     -0.00000000     -0.00000000      0.13790800     -0.21869300     -0.02358400      0.25056300     -0.53081900     -0.54757400      0.64682700      0.83568700     -0.21186300      0.50663100     -0.13971700      0.81014500      0.56921500     -0.09444800      0.01803700      0.00516700     -3.06962600     -3.47700000     -3.64349400      0.02151300      0.01511000      0.03996600     -0.04969600      0.49109600      0.57207800      0.65692400     -0.85594800      0.17684100      0.48587900      0.16179000     -0.80090700      0.57651600     -0.03927600      0.00900500      0.00246200      0.29217800     -0.40066200     -0.21766700     -0.22807800      0.07141300      0.02516800     -0.08485700      0.54068800     -0.26294100     -0.79907300      0.75666200      0.56708400      0.32538700      0.36758400     -0.78056200      0.50557300      0.00000300      0.00001500      0.00002400     -0.00037400      0.00016100      0.00022000     -0.07268300
     0.14141100     -0.04504300      0.27652200     -0.54703900      0.26935900     -0.79261500     -0.75730700     -0.56271700      0.33137200     -0.35608600      0.78119100      0.51280700      0.00000000      0.00000000      0.00000100     -0.00000000     -0.00000000     -0.00000000      0.16080600     -0.22033100     -0.02330200      0.25070200     -0.53028200     -0.55696800      0.63920200      0.83555300     -0.21609000      0.50506500     -0.14251900      0.80259800      0.57912800     -0.07846800      0.01815400      0.00470400      0.33105300     -0.46822900     -0.25657100      0.07227800      0.01422000      0.04011800     -0.04962600      0.48536500      0.58610200      0.64877100     -0.85793600      0.17633200      0.48254700      0.16842200     -0.79081600      0.58842300     -0.03925500      0.00898900      0.00228000      0.37741000     -0.49818600     -0.28793800     -0.16357800      0.07140700      0.02516800     -0.08485700      0.54033100     -0.26297500     -0.79930300      0.75685800      0.56699100      0.32509600      0.36770500     -0.78061800      0.50539800     -0.00000000     -0.00000500     -0.00001000      0.00402500     -0.10402200      0.16956800     -0.04214800
     0.14139900     -0.04503900      0.27650900     -0.54656700      0.26939400     -0.79292900     -0.75755600     -0.56261700      0.33097100     -0.35628100      0.78125000      0.51258100     -0.00000000     -0.00000200     -0.00000400     -0.00000000     -0.00000000     -0.00000000      0.18572200     -0.22342300     -0.02293600      0.25095900     -0.51569300     -0.58823700      0.62292000      0.84123500     -0.21028700      0.49803300     -0.16132500      0.78157800      0.60247200     -0.07876000      0.00417100      0.00788000      0.44787900     -0.73747500     -0.27904000      0.14599800      0.01270400      0.04030200     -0.04949700      0.47049400      0.61545100      0.63234000     -0.86263200      0.16995700      0.47642400      0.18574500     -0.76963200      0.61087200     -0.03152200      0.00158300      0.00308400      0.09485100     -0.21082200     -0.09255900     -0.04764200      0.07140100      0.02517000     -0.08486400      0.53985400     -0.26301900     -0.79961100      0.75711000      0.56688500      0.32469200      0.36788800     -0.78068000      0.50517000      0.00000100      0.00000200     -0.00000000     -0.00020700      0.00008100      0.00011800      0.01092100
     0.14139900     -0.04504300      0.27652300     -0.54631500      0.26941800     -0.79309500     -0.75770500     -0.56253200      0.33077600     -0.35635200      0.78130400      0.51245100      0.00000400      0.00002300      0.00003500     -0.00000000     -0.00000000     -0.00000000      0.19839300     -0.22599300     -0.02281500      0.25117000     -0.50734800     -0.60940800      0.60927100      0.84473500     -0.21239500      0.49116700     -0.16928200      0.76461600      0.62174600     -0.06308200      0.00316600      0.00569400      0.14112700     -1.09472100      0.51399800      0.20938000      0.01141300      0.04036000     -0.04939400      0.46001200      0.63672100      0.61884900     -0.86696100      0.17157900      0.46790700      0.19174500     -0.75176200      0.63094100     -0.03158300      0.00148500      0.00275600     -0.09419300     -2.40778000      1.64416900      0.03743200      0.07140100      0.02516800     -0.08485700      0.53959800     -0.26304800     -0.79977400      0.75726200      0.56679600      0.32449400      0.36795100     -0.78073500      0.50503800      0.00000100      0.00000700      0.00001000     -0.00013600      0.00006200      0.00008500      0.03753800
     0.14138700     -0.04505000      0.27653000     -0.54597700      0.26944600     -0.79331800     -0.75790000     -0.56242500      0.33051000     -0.35645500      0.78137100      0.51227600      0.00000000      0.00000000      0.00000000     -0.00000000     -0.00000000     -0.00000000      0.20549100     -0.22788500     -0.02274300      0.25136200     -0.50038200     -0.62503600      0.59911600      0.84754100     -0.21266900      0.48618900     -0.17584800      0.75182600      0.63537200     -0.04725200      0.00275000      0.00469300      0.09981300     -0.30198800      0.14437200      0.30380000      0.01047200      0.04039500     -0.04930100      0.45220100      0.65289200      0.60765500     -0.86973800      0.17180400      0.46264100      0.19765700     -0.73770800      0.64553600     -0.02363100      0.00136300      0.00237300      0.08485200     -0.19374600     -0.03013300      0.14945000      0.07139500      0.02516500     -0.08485300      0.53925600     -0.26308100     -0.79999400      0.75745800      0.56668700      0.32422600      0.36804800     -0.78080300      0.50486300      0.00000100     -0.00000200     -0.00000500     -0.00008900      0.00004000      0.00006100      0.05305000
     0.14139900     -0.04506000      0.27653500     -0.54572200      0.26947200     -0.79348500     -0.75805100     -0.56233900      0.33031100     -0.35652600      0.78142400      0.51214600      0.00000000      0.00000000      0.00000000     -0.00000000     -0.00000000     -0.00000000      0.20601600     -0.22858400     -0.02271900      0.25142300     -0.49949000     -0.63048500      0.59412900      0.84775600     -0.21494500      0.48481100     -0.17733800      0.74661300      0.64107900     -0.03160000      0.00142100      0.00241800      0.18003100     -0.30928500     -0.07233900      0.33760000      0.01010500      0.04040800     -0.04926700      0.45192200      0.65772800      0.60262600     -0.86956300      0.17406200      0.46212600      0.19906000     -0.73286700      0.65059900     -0.01582000      0.00063600      0.00112600      0.27008200     -0.38468300     -0.13162600      0.20807100      0.07140100      0.02516000     -0.08485100      0.53899800     -0.26311000     -0.80015800      0.75760800      0.56660100      0.32402500      0.36811600     -0.78085600      0.50473100      0.00000000      0.00000000     -0.00000500     -0.00007600      0.00002700      0.00003000      0.05680600
     0.14139800     -0.04507300      0.27653400     -0.54538100      0.26950300     -0.79370900     -0.75824800     -0.56223100      0.33004300     -0.35662900      0.78149000      0.51197200     -0.00016300     -0.00097000     -0.00145900     -0.00062700      0.01509100     -0.02454500      0.20901300     -0.22968600     -0.02281900      0.25148300     -0.49415100     -0.63607600      0.59263300      0.85102200     -0.21500600      0.47902800     -0.17666200      0.74184100      0.64678100     -0.01623500     -0.00113800     -0.00181800      0.04675200     -0.04658900     -0.07766500      0.36683800      0.00954800      0.04036100     -0.04923300      0.44578900      0.66364800      0.60070200     -0.87301500      0.17406500      0.45557100      0.19777800     -0.72751000      0.65697100     -0.00816800     -0.00670700      0.00233600     -0.02307100      0.00850700     -0.10362400      0.28073500      0.07140100      0.02515600     -0.08484800      0.53863700     -0.26314400     -0.80039000      0.75781300      0.56649000      0.32374000      0.36822200     -0.78092500      0.50454700      0.00000100      0.00000000     -0.00000400     -0.00005300     -0.00000800      0.00005700      0.06105200
     0.14141000     -0.04509000      0.27654500     -0.54513900      0.26953000     -0.79386500     -0.75840000     -0.56212800      0.32986800     -0.35667400      0.78155500      0.51184200     -0.00000000     -0.00000000     -0.00000000     -0.00000000     -0.00000000     -0.00000000      0.20985600     -0.23015000     -0.02301500      0.25152300     -0.48448900     -0.64455300      0.59145000      0.85695000     -0.21424300      0.46869100     -0.17477800      0.73471500      0.65537000     -0.01601900     -0.00015300     -0.00024100      0.29946600     -0.36862600     -0.32958300      0.39079100      0.00931600      0.04026000     -0.04921700      0.43747400      0.66996600      0.59980000     -0.87766900      0.17293300      0.44697900      0.19573600     -0.72196900      0.66366200     -0.00004600     -0.00610600      0.00328500     -0.03732700     -0.00780500     -0.04041000      0.31519000      0.07140600      0.02514400     -0.08484600      0.53841100     -0.26317200     -0.80053200      0.75795600      0.56639100      0.32357700      0.36825800     -0.78098700      0.50442500     -0.00000000      0.00000400      0.00000400     -0.00003000      0.00001000      0.00004800      0.06480700
     0.14141100     -0.04508500      0.27655200     -0.54512100      0.26953100     -0.79387700     -0.75841000     -0.56212400      0.32985300     -0.35668000      0.78155800      0.51183300      0.00001700      0.00010000      0.00015000     -0.00000000     -0.00000000     -0.00000000      0.20976800     -0.23016200     -0.02306800      0.25155600     -0.47713900     -0.65087800      0.59049700      0.86031800     -0.20917100      0.46479600     -0.17841600      0.73059200      0.65898900     -0.00000500     -0.00002000     -0.00003200      0.16650900     -0.21213100     -0.16593100      0.40948900      0.00930300      0.04023200     -0.04920300      0.42858500      0.67711800      0.59818400     -0.88140500      0.16781900      0.44154200      0.19858900     -0.71648100      0.66874100      0.00001000      0.00004700      0.00008700      0.21520100     -0.26399000     -0.20405800      0.33478500      0.07140700      0.02514700     -0.08484200      0.53839300     -0.26317400     -0.80054400      0.75796600      0.56638600      0.32356200      0.36826400     -0.78099000      0.50441600      0.00000900      0.00006300      0.00009400     -0.00003800      0.00001100      0.00002000      0.06480700
     0.14141000     -0.04510200      0.27656500     -0.54490000      0.26955400     -0.79402100     -0.75855100     -0.56202600      0.32969600     -0.35671800      0.78162100      0.51171100      0.00000000      0.00000000      0.00000000      0.00000000      0.00000000      0.00000000      0.20891000     -0.22996700     -0.02313200      0.25163000     -0.47221500     -0.66512600      0.57845600      0.86108700     -0.20810600      0.46384900     -0.18755000      0.71796000      0.67024000      0.01598200     -0.01184300      0.00712600      0.07833600     -0.14213000     -0.09742400      0.44854600      0.00939500      0.04020500     -0.04916800      0.42306300      0.69128100      0.58578700     -0.88218600      0.16669900      0.44040600      0.20679500     -0.70309300      0.68036300      0.00802600      0.00014500      0.00022700      0.12506900     -0.16657200     -0.10335100      0.38622100      0.07140600      0.02513900     -0.08483600      0.53817100     -0.26319800     -0.80068500      0.75810600      0.56628900      0.32340300      0.36830100     -0.78105200      0.50429300     -0.00000100     -0.00000100     -0.00000600     -0.00003200     -0.00001400      0.00003600      0.06480700
     0.14142200     -0.04511100      0.27657000     -0.54476900      0.26956900     -0.79410600     -0.75863300     -0.56197100      0.32959900     -0.35674400      0.78165400      0.51164200      0.00000000      0.00000000      0.00000000      0.00000000      0.00000000      0.00000000      0.20866200     -0.22959400     -0.02324400      0.25182200     -0.46994300     -0.68430900      0.55755400      0.85918600     -0.21016600      0.46643700     -0.20142200      0.69909000      0.68597800      0.01616800     -0.01104300      0.00840700      0.36177300     -0.50136100     -0.37760100      0.46628800      0.00958200      0.04014900     -0.04907100      0.42202500      0.70876200      0.56528800     -0.87953300      0.16890900      0.44484900      0.21981000     -0.68492700      0.69466300      0.00025000      0.00109300      0.00176400      0.07499200     -0.20365900      0.06810000      0.42753400      0.07141200      0.02513400     -0.08483300      0.53803900     -0.26321400     -0.80076900      0.75818800      0.56623600      0.32330600      0.36832600     -0.78108500      0.50422300     -0.00000000      0.00000000     -0.00000400     -0.00004000     -0.00001700      0.00002500      0.06480700
     0.14142200     -0.04511100      0.27657000     -0.54476900      0.26956900     -0.79410600     -0.75863300     -0.56197100      0.32959900     -0.35674400      0.78165400      0.51164200      0.00000000      0.00000000      0.00000000      0.00000000      0.00000000      0.00000000      0.20861700     -0.22940900     -0.02336000      0.25194900     -0.46440800     -0.69173300      0.55301200      0.86089600     -0.20643900      0.46494700     -0.20687600      0.69286800      0.69065100      0.01625300     -0.01067900      0.00898700      0.10600300     -0.29776200      0.06942600      0.46616900      0.00967400      0.04009100     -0.04900800      0.41439600      0.71732200      0.56011000     -0.88207000      0.16501100      0.44127300      0.22411100     -0.67691900      0.70110900      0.00015800      0.00069800      0.00112500      0.12677300     -0.17058500     -0.14279600      0.43700400      0.07141200      0.02513400     -0.08483300      0.53803900     -0.26321400     -0.80076900      0.75818800      0.56623600      0.32330600      0.36832600     -0.78108500      0.50422300     -0.00000000      0.00000000     -0.00000400     -0.00004000     -0.00001900      0.00002800      0.06464400
     0.14143400     -0.04512100      0.27657500     -0.54463800      0.26958500     -0.79419000     -0.75871500     -0.56191700      0.32950300     -0.35676900      0.78168800      0.51157200      0.00000000      0.00000000      0.00000000      0.00000000      0.00000000      0.00000000      0.20783300     -0.22903500     -0.02363500      0.25225200     -0.45099600     -0.70478100      0.54761000      0.86738100     -0.20182700      0.45480700     -0.20945400      0.68097800      0.70161400      0.00047200     -0.00982000      0.01040500      0.33537300     -0.45197300     -0.38010800      0.46513400      0.00986700      0.03995400     -0.04885500      0.40200600      0.72844500      0.55475900     -0.88722600      0.16014300      0.43264600      0.22631800     -0.66612400      0.71067400      0.00813400      0.00066200      0.00103600      0.39961400     -0.55278400     -0.36041100      0.44125000      0.07141800      0.02512900     -0.08483100      0.53790700     -0.26323000     -0.80085200      0.75826900      0.56618200      0.32320800      0.36835100     -0.78111800      0.50415300     -0.00000100      0.00000000     -0.00000300     -0.00002800     -0.00000700      0.00003500      0.06415400
     0.14144600     -0.04512100      0.27657400     -0.54449300      0.26959900     -0.79428500     -0.75879500     -0.56188000      0.32938200     -0.35682100      0.78171000      0.51150300      0.00000000      0.00000000      0.00000000      0.00000000      0.00000000      0.00000000      0.20728200     -0.22872100     -0.02398200      0.25259600     -0.44198300     -0.71559900      0.54088800      0.87207600     -0.20190200      0.44570500     -0.20918900      0.66957800      0.71257900      0.01639400     -0.01009000      0.00990800      0.24634100     -0.49720300     -0.05840100      0.46291200      0.01001800      0.03977900     -0.04868500      0.39179700      0.73940500      0.54751600     -0.89215700      0.15989800      0.42247900      0.22483700     -0.65399600      0.72231300      0.00024500     -0.00484400      0.00529900      0.33894800     -0.49933900     -0.31370400      0.43912700      0.07142400      0.02512900     -0.08483100      0.53776100     -0.26324500     -0.80094600      0.75834900      0.56614600      0.32308700      0.36840200     -0.78113900      0.50408300     -0.00000100     -0.00000000     -0.00000200     -0.00003500     -0.00001500      0.00002600      0.06366400
     0.14148200     -0.04513700      0.27657100     -0.54433800      0.26962000     -0.79438400     -0.75889100     -0.56181900      0.32926500     -0.35685300      0.78174600      0.51142500     -0.00001200     -0.00007200     -0.00010800      0.00000000      0.00000000      0.00000000      0.20652200     -0.22852700     -0.02436300      0.25308300     -0.43166300     -0.72524900      0.53635100      0.87766300     -0.20073200      0.43514100     -0.20738500      0.65947100      0.72246300      0.00098000     -0.01950500      0.02100900      0.36510800     -0.53480000     -0.43371200      0.45941800      0.01012100      0.03959100     -0.04844800      0.38225500      0.74762600      0.54307800     -0.89680800      0.15848400      0.41305800      0.22274500     -0.64493100      0.73105900      0.00043100     -0.00401800      0.00663200      0.07423900     -0.15565000     -0.11850400      0.43716800      0.07144200      0.02512100     -0.08483300      0.53760500     -0.26326700     -0.80104300      0.75844400      0.56608600      0.32296800      0.36843300     -0.78117500      0.50400500      0.00803400     -0.00057500     -0.00059900      0.00095400     -0.01471300      0.02956400      0.06333800
     0.14149400     -0.04513800      0.27657000     -0.54419300      0.26963400     -0.79447900     -0.75897100     -0.56178200      0.32914400     -0.35690500      0.78176800      0.51135600     -0.00000000     -0.00000100     -0.00000200      0.00000000      0.00000000      0.00000000      0.20603700     -0.22848100     -0.02451400      0.25338900     -0.42943800     -0.72943800      0.53244200      0.87846500     -0.20097100      0.43341000     -0.20860600      0.65476100      0.72638500      0.00128000     -0.00623600      0.01614700      0.05353000     -0.11233200     -0.07816300      0.45587500      0.01014300      0.03950900     -0.04829500      0.37786500      0.75340100      0.53814800     -0.89863000      0.15850900      0.40906900      0.22289200     -0.63817000      0.73692400      0.00064500     -0.00306100      0.00816500     -0.00024000     -0.07794800     -0.06832200      0.43373900      0.07144800      0.02512100     -0.08483400      0.53745900     -0.26328200     -0.80113600      0.75852300      0.56605000      0.32284600      0.36848300     -0.78119700      0.50393500     -0.00000000      0.00000500      0.00000400     -0.00001700     -0.00000100      0.00002500      0.06268400
     0.14152900     -0.04513700      0.27655400     -0.54413500      0.26964300     -0.79451500     -0.75899400     -0.56178800      0.32908100     -0.35694400      0.78176100      0.51133900     -0.00001400     -0.00008500     -0.00012700      0.00000000      0.00000000      0.00000000      0.20552600     -0.22849300     -0.02473300      0.25423300     -0.41983200     -0.74258300      0.52182600      0.88286100     -0.20112500      0.42430900     -0.20961000      0.63976200      0.73934500      0.00215000     -0.00233800      0.02233600     -0.56234500     -2.38946300      1.46514800      0.44949500      0.01013600      0.03939700     -0.04788700      0.36820200      0.76367700      0.53030400     -0.90290800      0.15765400      0.39987500      0.22177100     -0.62605100      0.74758000      0.00109300     -0.00102900      0.01139200      0.31530700     -0.49146000     -0.35076500      0.42573700      0.07146600      0.02512100     -0.08484100      0.53740000     -0.26329200     -0.80117200      0.75854500      0.56605500      0.32278300      0.36852200     -0.78118900      0.50391800     -0.00001000     -0.00005800     -0.00008800     -0.00002100      0.00000200      0.00000500      0.06186800
     0.14154100     -0.04513700      0.27655300     -0.54411400      0.26964700     -0.79452800     -0.75900600     -0.56178200      0.32906300     -0.35695100      0.78176300      0.51133100     -0.00000000     -0.00000000     -0.00000000      0.00000000      0.00000000      0.00000000      0.20431400     -0.22863100     -0.02480300      0.25527500     -0.41320000     -0.75498700      0.50916700      0.88522300     -0.20213900      0.41887300     -0.21280700      0.62474500      0.75118000     -0.01285300      0.00197700      0.02916700      0.12464700     -0.20520800     -0.15313300      0.44527200      0.01007300      0.03935900     -0.04736100      0.36127100      0.77777000      0.51435000     -0.90490200      0.15931800      0.39467700      0.22502300     -0.60802200      0.76136200      0.00150200     -0.00513400      0.01780400      0.09226800     -0.21188800     -0.16205500      0.41855300      0.07147200      0.02512100     -0.08484200      0.53737900     -0.26329600     -0.80118500      0.75855700      0.56605000      0.32276500      0.36852800     -0.78119200      0.50390900     -0.00000100      0.00000300      0.00000600     -0.00000900      0.00001000      0.00000900      0.06039900
     0.14155300     -0.04513800      0.27655200     -0.54409300      0.26965100     -0.79454100     -0.75901700     -0.56177700      0.32904500     -0.35695800      0.78176600      0.51132200     -0.00000000     -0.00000000     -0.00000000      0.00000000      0.00000000      0.00000000      0.20372300     -0.22869100     -0.02482500      0.25588200     -0.40779500     -0.76224400      0.50267100      0.88765000     -0.20225100      0.41364900     -0.21312900      0.61583000      0.75841500      0.00304600      0.00171200      0.02858500      0.33911000     -0.48704700     -0.32944600      0.44491100      0.01003800      0.03935000     -0.04705400      0.35690800      0.78368200      0.50838800     -0.90658100      0.15937100      0.39078200      0.22522700     -0.60036900      0.76735200      0.00156000      0.00110600      0.01469100      0.33989100     -0.51537600     -0.37327900      0.41708300      0.07147800      0.02512100     -0.08484200      0.53735800     -0.26330000     -0.80119700      0.75856900      0.56604400      0.32274600      0.36853500     -0.78119500      0.50390000     -0.00000200      0.00000100      0.00000600     -0.00000400      0.00000900      0.00001300      0.06007200
     0.14156400     -0.04514400      0.27654400     -0.54396600      0.26966300     -0.79462400     -0.75908800     -0.56174500      0.32893900     -0.35700300      0.78178500      0.51126200     -0.00000100     -0.00000500     -0.00000800      0.00000000      0.00000000      0.00000000      0.20287200     -0.22889600     -0.02490000      0.25731400     -0.39643700     -0.77310500      0.49511500      0.89327900     -0.20066500      0.40214500     -0.21105500      0.60266400      0.76949000     -0.01203000     -0.00627200      0.04166900      0.21596700     -0.36298300     -0.26498900      0.43622900      0.00993900      0.03931400     -0.04635500      0.34474300      0.79417200      0.50044000     -0.91209500      0.15738200      0.37856600      0.22188700     -0.58695700      0.77861800     -0.00600100     -0.00296200      0.02111800      0.42847300     -0.57979400     -0.40633400      0.41104100      0.07148400      0.02511800     -0.08484600      0.53723000     -0.26331400     -0.80127900      0.75863800      0.56601200      0.32264000      0.36857900     -0.78121300      0.50383900     -0.00000100      0.00000200      0.00000500     -0.00000700      0.00000200      0.00000600      0.05941900
     0.14157600     -0.04515000      0.27653600     -0.54396400      0.26966600     -0.79462500     -0.75909000     -0.56174400      0.32893600     -0.35700300      0.78178500      0.51126200     -0.00000100     -0.00000500     -0.00000700      0.00000000      0.00000000      0.00000000      0.20187800     -0.22908500     -0.02494200      0.25888300     -0.38421600     -0.78606400      0.48422400      0.89887700     -0.19908800      0.39027800     -0.20990300      0.58618900      0.78242300      0.00423300      0.00712700      0.03658200      0.36624200     -0.53427500     -0.32635000      0.42849200      0.00984200      0.03929200     -0.04554300      0.33220800      0.80655000      0.48899300     -0.91727300      0.15553300      0.36663200      0.21965300     -0.57033800      0.79149600      0.00212000      0.00370000      0.01850600      0.46049400     -0.60621400     -0.35827600      0.39977400      0.07148900      0.02511500     -0.08485100      0.53722700     -0.26331600     -0.80128000      0.75864000      0.56601100      0.32263600      0.36857900     -0.78121300      0.50383900      0.00000100      0.00000400      0.00000700     -0.00000300      0.00000200      0.00000500      0.05811200
     0.14157600     -0.04515000      0.27653600     -0.54396400      0.26966600     -0.79462500     -0.75909000     -0.56174400      0.32893600     -0.35700300      0.78178500      0.51126200     -0.00000000     -0.00000000     -0.00000000      0.00000000      0.00000000      0.00000000      0.20351000     -0.22925700     -0.02503900      0.26064300     -0.37223400     -0.79874200      0.47269900      0.90414100     -0.19727900      0.37887200     -0.20890500      0.56941300      0.79497900      0.00431800     -0.00425200      0.04412400      0.40022300     -0.60498800     -0.40541800      0.42787100      0.00975900      0.03925000     -0.04469200      0.32074300      0.81790000      0.47766400     -0.92177800      0.15356500      0.35600900      0.21782700     -0.55448800      0.80317700      0.00214300     -0.00207600      0.02215300      0.10108300     -0.24872100     -0.14644200      0.39520200      0.07148900      0.02511500     -0.08485100      0.53722700     -0.26331600     -0.80128000      0.75864100      0.56601100      0.32263600      0.36857800     -0.78121400      0.50383900     -0.00000200      0.00000100      0.00000800      0.00000900      0.00001800      0.00000300      0.05778600
     0.14157600     -0.04515000      0.27653600     -0.54396400      0.26966600     -0.79462500     -0.75909000     -0.56174400      0.32893600     -0.35700300      0.78178500      0.51126200     -0.00000000     -0.00000000     -0.00000000      0.00000000      0.00000000      0.00000000      0.20287600     -0.22936300     -0.02510600      0.26150800     -0.36856800     -0.80399300      0.46663100      0.90539900     -0.19695600      0.37602400     -0.20995800      0.56208100      0.79990300     -0.01116300     -0.00239500      0.04689900      0.21642000     -0.36162900     -0.26078500      0.42797500      0.00970800      0.03921400     -0.04424400      0.31582000      0.82379500      0.47076300     -0.92345200      0.15291500      0.35192500      0.21792800     -0.54587300      0.80902900     -0.00559300     -0.00111200      0.02359100      0.33521300     -0.59891000     -0.14213700      0.39422200      0.07148900      0.02511500     -0.08485000      0.53722700     -0.26331600     -0.80128000      0.75864100      0.56601100      0.32263700      0.36857800     -0.78121400      0.50383900     -0.00000300     -0.00000000      0.00000800      0.00001200      0.00001700      0.00000500      0.05794900
     0.14157500     -0.04515400      0.27652900     -0.54398100      0.26966400     -0.79461300     -0.75908000     -0.56174800      0.32895100     -0.35699700      0.78178200      0.51127100     -0.00001200     -0.00007200     -0.00010800      0.00000000      0.00000000      0.00000000      0.20338200     -0.22956100     -0.02520000      0.26323400     -0.36116600     -0.81430700      0.45437400      0.90792400     -0.19621600      0.37028000     -0.21191800      0.54728600      0.80958700      0.00423600      0.00731200      0.03608100      0.02337900     -0.40748300      0.04940600      0.42709500      0.00960400      0.03916600     -0.04337300      0.30749300      0.83400000      0.45813800     -0.92609800      0.15168800      0.34544400      0.21860600     -0.53050300      0.81900900     -0.00573000     -0.00173600      0.02247700     -0.27511700     -0.88077100      0.35681400      0.39242600      0.07148900      0.02511200     -0.08485400      0.53724500     -0.26331500     -0.80126800      0.75863100      0.56601500      0.32265100      0.36857200     -0.78121100      0.50384800     -0.00001000     -0.00004200     -0.00005700     -0.00000100     -0.00000800      0.00000100      0.05827600
     0.14157400     -0.04515900      0.27652200     -0.54400000      0.26966300     -0.79460100     -0.75907000     -0.56175300      0.32896600     -0.35699000      0.78177900      0.51128000     -0.00001000     -0.00006100     -0.00009200      0.00000000      0.00000000      0.00000000      0.20065800     -0.22982200     -0.02514600      0.26481500     -0.35340900     -0.82435100      0.44219700      0.91065200     -0.19527800      0.36402300     -0.21329300      0.53236700      0.81911800      0.00413300     -0.00488400      0.04242100      0.21638700     -0.37268000     -0.22603600      0.42587500      0.00947300      0.03919800     -0.04258400      0.30052200      0.84302400      0.44608900     -0.92815600      0.15082000      0.34026100      0.21956900     -0.51629700      0.82778300     -0.00581400      0.00374200      0.01807800      0.41003900     -0.51469100     -0.31818200      0.39063000      0.07148800      0.02511000     -0.08485800      0.53726300     -0.26331300     -0.80125700      0.75862200      0.56602000      0.32266600      0.36856500     -0.78120800      0.50385700     -0.00000700     -0.00003300     -0.00004600     -0.00000200      0.00000500     -0.00001400      0.05762200
