     0.23204700     -0.05102800      0.36465100     -0.83856000      0.50318800     -0.20896000     -0.54144400     -0.81248100      0.21606900     -0.06001400      0.29369500      0.95402700     -0.00004100      0.00034600      0.00032900     -0.03092800      0.03198000      0.14120300      0.52057200     -0.25813300     -0.03320300      0.34189600     -0.84309000     -0.38882200      0.37149400      0.53609900     -0.66030600      0.52585900      0.04189100      0.64298700      0.76464000      0.00004900      0.00017500      0.00017700      0.00000000      0.00000000      0.00000000      0.53497100     -0.00295300      0.03711400      0.01303800      0.83392000      0.41061600      0.36874100     -0.55130700      0.65034500      0.52259900     -0.02522200     -0.63909600      0.76871200      0.00000300      0.00000900      0.00000700     -0.00001800      0.00000500      0.00001000      0.28743000      0.11873000      0.02526500     -0.02440900      0.86250600     -0.46225400     -0.20592000      0.50124000      0.83633400      0.22204200      0.06957900     -0.29472900      0.95304400      0.00000000     -0.00001200     -0.00001200      0.00030900     -0.00022400      0.00011300      0.11951000
     0.23206100     -0.05104600      0.36463300     -0.83858100      0.50316100     -0.20893900     -0.54141200     -0.81250000      0.21607700     -0.06000200      0.29368900      0.95403000      0.00018100     -0.00154000     -0.00146300     -0.00065000      0.01093900     -0.02665500      0.52063100     -0.25804900     -0.03318900      0.34190900     -0.84314500     -0.38879000      0.37140300      0.53601600     -0.66034900      0.52589000      0.04185200      0.64296300      0.76466300      0.00012600      0.00045000      0.00045700      0.00000000      0.00000000      0.00000000      0.53446700     -0.00295300      0.03711400      0.01303800      0.83392000      0.41061600      0.36874100     -0.55130700      0.65034500      0.52259900     -0.02522200     -0.63909600      0.76871200      0.00000300      0.00000900      0.00000700     -0.00001800      0.00000500      0.00001000      0.28759300      0.11873000      0.02526500     -0.02440900      0.86250600     -0.46225400     -0.20592000      0.50124000      0.83633400      0.22204200      0.06957900     -0.29472900      0.95304400      0.00000000     -0.00001200     -0.00001200      0.00030900     -0.00022400      0.00011300      0.11951000
     0.23205300     -0.05107300      0.36460900     -0.83863900      0.50309100     -0.20887500     -0.54132700     -0.81255000      0.21610100     -0.05996300      0.29367000      0.95403900      0.00007600     -0.00064600     -0.00061400      0.00000000      0.00000000      0.00000000      0.52022400     -0.25802600     -0.03319400      0.34191900     -0.84317300     -0.38877000      0.37136000      0.53597400     -0.66035400      0.52592600      0.04182200      0.64297000      0.76465900     -0.00021900     -0.01075100      0.00874800     -0.03588300      0.01528700     -0.01581900      0.53471300     -0.00295300      0.03711400      0.01303800      0.83392000      0.41061600      0.36874100     -0.55130700      0.65034500      0.52259900     -0.02522200     -0.63909600      0.76871200      0.00000300      0.00000900      0.00000700     -0.00001800      0.00000500      0.00001000      0.28743000      0.11873000      0.02526500     -0.02440900      0.86250600     -0.46225400     -0.20592000      0.50124000      0.83633400      0.22204200      0.06957900     -0.29472900      0.95304400      0.00000000     -0.00001200     -0.00001200      0.00030900     -0.00022400      0.00011300      0.11951000
     0.23205300     -0.05107400      0.36462200     -0.83863700      0.50309200     -0.20888000     -0.54133100     -0.81254100      0.21612500     -0.05995300      0.29369300      0.95403200      0.00006900     -0.00058600     -0.00055700     -0.00065000      0.01093900     -0.02665500      0.52054600     -0.25806500     -0.03321400      0.34189900     -0.84309400     -0.38881700      0.37149100      0.53609500     -0.66029200      0.52588100      0.04187900      0.64300500      0.76462700     -0.00030400     -0.00108800     -0.00110400      0.00000000      0.00000000      0.00000000      0.53378900     -0.00295300      0.03711400      0.01303800      0.83392000      0.41061600      0.36874100     -0.55130700      0.65034500      0.52259900     -0.02522200     -0.63909600      0.76871200      0.00000300      0.00000900      0.00000700     -0.00001800      0.00000500      0.00001000      0.28759300      0.11873000      0.02526500     -0.02440900      0.86250600     -0.46225400     -0.20592000      0.50124000      0.83633400      0.22204200      0.06957900     -0.29472900      0.95304400      0.00000000     -0.00001200     -0.00001200      0.00030900     -0.00022400      0.00011300      0.11951000
     0.23205200     -0.05107500      0.36463600     -0.83863500      0.50309400     -0.20888400     -0.54133500     -0.81253100      0.21614900     -0.05994200      0.29371600      0.95402600     -0.00000300      0.00002700      0.00002600     -0.34548000      0.35749600      1.57789000      0.52063100     -0.25808000     -0.03322400      0.34188800     -0.84313400     -0.38879300      0.37142500      0.53603400     -0.66032400      0.52590400      0.04185000      0.64298700      0.76464300     -0.00011800     -0.00042300     -0.00042900      0.00000000      0.00000000      0.00000000      0.53365900     -0.00295300      0.03711400      0.01303800      0.83392000      0.41061600      0.36874100     -0.55130700      0.65034500      0.52259900     -0.02522200     -0.63909600      0.76871200      0.00000300      0.00000900      0.00000700     -0.00001800      0.00000500      0.00001000      0.28759300      0.11873000      0.02526500     -0.02440900      0.86250600     -0.46225400     -0.20592000      0.50124000      0.83633400      0.22204200      0.06957900     -0.29472900      0.95304400      0.00000000     -0.00001200     -0.00001200      0.00030900     -0.00022400      0.00011300      0.11951000
     0.23208600     -0.05107200      0.36465000     -0.84156000      0.49816500     -0.20893500     -0.53657500     -0.81568100      0.21615800     -0.06169900      0.29339400      0.95401300     -0.00007700      0.00066100      0.00062800      0.00000000     -0.00000000     -0.00000000      0.52039300     -0.25808500     -0.03325100      0.34187700     -0.84309500     -0.38881200      0.37149300      0.53609400     -0.66027700      0.52590200      0.04186800      0.64302400      0.76461100     -0.00002200     -0.00007900     -0.00008100      0.00000000      0.00000000      0.00000000      0.53394200     -0.00295300      0.03711400      0.01303800      0.83392000      0.41061600      0.36874100     -0.55130700      0.65034500      0.52259900     -0.02522200     -0.63909600      0.76871200      0.00000300      0.00000900      0.00000700     -0.00001800      0.00000500      0.00001000      0.28726700      0.11873000      0.02526500     -0.02440900      0.86250600     -0.46225400     -0.20592000      0.50124000      0.83633400      0.22204200      0.06957900     -0.29472900      0.95304400      0.00000000     -0.00001200     -0.00001200      0.00030900     -0.00022400      0.00011300      0.11951000
     0.23207500     -0.05107300      0.36464900     -0.84157200      0.49815000     -0.20892000     -0.53655600     -0.81569100      0.21616300     -0.06169000      0.29338900      0.95401500     -0.00000600      0.00004900      0.00004700      0.00000000      0.00000000      0.00000000      0.52053100     -0.25808700     -0.03325700      0.34187000     -0.84308400     -0.38881900      0.37151100      0.53611000     -0.66026800      0.52589500      0.04187600      0.64302800      0.76460700     -0.00003000     -0.00010600     -0.00010700      0.00000000      0.00000000      0.00000000      0.53396700     -0.00295300      0.03711400      0.01303800      0.83392000      0.41061600      0.36874100     -0.55130700      0.65034500      0.52259900     -0.02522200     -0.63909600      0.76871200      0.00000300      0.00000900      0.00000700     -0.00001800      0.00000500      0.00001000      0.28743000      0.11873000      0.02526500     -0.02440900      0.86250600     -0.46225400     -0.20592000      0.50124000      0.83633400      0.22204200      0.06957900     -0.29472900      0.95304400      0.00000000     -0.00001200     -0.00001200      0.00030900     -0.00022400      0.00011300      0.11951000
     0.23206500     -0.05108800      0.36465000     -0.84160500      0.49810900     -0.20888500     -0.53650800     -0.81571300      0.21620200     -0.06165500      0.29340000      0.95401400      0.00000700     -0.00005700     -0.00005400      0.00000000      0.00000000      0.00000000      0.52038400     -0.25808700     -0.03325700      0.34187000     -0.84308400     -0.38881900      0.37151100      0.53611000     -0.66026800      0.52589500      0.04187600      0.64302800      0.76460700     -0.00000000     -0.00000200     -0.00000200      0.00000000      0.00000000      0.00000000      0.53386100     -0.00295300      0.03711400      0.01303800      0.83392000      0.41061600      0.36874100     -0.55130700      0.65034500      0.52259900     -0.02522200     -0.63909600      0.76871200      0.00000300      0.00000900      0.00000700     -0.00001800      0.00000500      0.00001000      0.28743000      0.11873000      0.02526500     -0.02440900      0.86250600     -0.46225400     -0.20592000      0.50124000      0.83633400      0.22204200      0.06957900     -0.29472900      0.95304400      0.00000000     -0.00001200     -0.00001200      0.00030900     -0.00022400      0.00011300      0.11951000
     0.23203000     -0.05108500      0.36465600     -0.84163200      0.49807800     -0.20885100     -0.53646900     -0.81573500      0.21621300     -0.06163300      0.29338900      0.95401800     -0.00000100      0.00000500      0.00000500      0.00000000      0.00000000      0.00000000      0.52067700     -0.25809900     -0.03326100      0.34186600     -0.84306100     -0.38883200      0.37154900      0.53614500     -0.66025000      0.52588200      0.04189200      0.64303800      0.76459800     -0.00000000     -0.00000200     -0.00000200      0.00000000      0.00000000      0.00000000      0.53399400     -0.00295300      0.03711400      0.01303800      0.83392000      0.41061600      0.36874100     -0.55130700      0.65034500      0.52259900     -0.02522200     -0.63909600      0.76871200      0.00000300      0.00000900      0.00000700     -0.00001800      0.00000500      0.00001000      0.28743000      0.11873000      0.02526500     -0.02440900      0.86250600     -0.46225400     -0.20592000      0.50124000      0.83633400      0.22204200      0.06957900     -0.29472900      0.95304400      0.00000000     -0.00001200     -0.00001200      0.00030900     -0.00022400      0.00011300      0.11951000
     0.23203000     -0.05108500      0.36465600     -0.84163200      0.49807800     -0.20885100     -0.53646900     -0.81573500      0.21621300     -0.06163300      0.29338900      0.95401800     -0.00000000      0.00000000      0.00000000      0.00000000      0.00000000      0.00000000      0.52054400     -0.25810100     -0.03326700      0.34186000     -0.84305100     -0.38883800      0.37156600      0.53616100     -0.66024200      0.52587600      0.04190000      0.64304300      0.76459300     -0.00000100     -0.00000200     -0.00000200      0.00000000      0.00000000      0.00000000      0.53418300     -0.00295300      0.03711400      0.01303800      0.83392000      0.41061600      0.36874100     -0.55130700      0.65034500      0.52259900     -0.02522200     -0.63909600      0.76871200      0.00000300      0.00000900      0.00000700     -0.00001800      0.00000500      0.00001000      0.28726700      0.11873000      0.02526500     -0.02440900      0.86250600     -0.46225400     -0.20592000      0.50124000      0.83633400      0.22204200      0.06957900     -0.29472900      0.95304400      0.00000000     -0.00001200     -0.00001200      0.00030900     -0.00022400      0.00011300      0.11951000
     0.23203100     -0.05108400      0.36464300     -0.84163400      0.49807700     -0.20884600     -0.53646500     -0.81574500      0.21618900     -0.06164300      0.29336600      0.95402500      0.00007700     -0.00066000     -0.00062700      0.00000000      0.00000000      0.00000000      0.52012100     -0.25809900     -0.03326100      0.34186600     -0.84306100     -0.38883200      0.37154900      0.53614500     -0.66025000      0.52588200      0.04189200      0.64303800      0.76459800      0.00020800      0.00074500      0.00075500      0.00000000      0.00000000      0.00000000      0.53407100     -0.00295300      0.03711400      0.01303800      0.83392000      0.41061600      0.36874100     -0.55130700      0.65034500      0.52259900     -0.02522200     -0.63909600      0.76871200      0.00000300      0.00000900      0.00000700     -0.00001800      0.00000500      0.00001000      0.28759300      0.11873000      0.02526500     -0.02440900      0.86250600     -0.46225400     -0.20592000      0.50124000      0.83633400      0.22204200      0.06957900     -0.29472900      0.95304400      0.00000000     -0.00001200     -0.00001200      0.00030900     -0.00022400      0.00011300      0.11951000
     0.23203000     -0.05108500      0.36465600     -0.84163200      0.49807800     -0.20885100     -0.53646900     -0.81573500      0.21621300     -0.06163300      0.29338900      0.95401800     -0.00001200      0.00009900      0.00009400      0.00000000      0.00000000      0.00000000      0.52006200     -0.25808700     -0.03325700      0.34187000     -0.84308400     -0.38881900      0.37151100      0.53611000     -0.66026800      0.52589500      0.04187600      0.64302800      0.76460700      0.00024800      0.00088700      0.00090000      0.00000000      0.00000000      0.00000000      0.53394100     -0.00295300      0.03711400      0.01303800      0.83392000      0.41061600      0.36874100     -0.55130700      0.65034500      0.52259900     -0.02522200     -0.63909600      0.76871200      0.00000300      0.00000900      0.00000700     -0.00001800      0.00000500      0.00001000      0.28743000      0.11873000      0.02526500     -0.02440900      0.86250600     -0.46225400     -0.20592000      0.50124000      0.83633400      0.22204200      0.06957900     -0.29472900      0.95304400      0.00000000     -0.00001200     -0.00001200      0.00030900     -0.00022400      0.00011300      0.11951000
     0.23200900     -0.05109500      0.36466300     -0.83870200      0.50301200     -0.20881300     -0.54124100     -0.81256700      0.21625200     -0.05985800      0.29375900      0.95401800     -0.00000000      0.00000000      0.00000000     -0.03090600      0.03200700      0.14120300      0.52008600     -0.25808200     -0.03324600      0.34189600     -0.84311000     -0.38880000      0.37147300      0.53607200     -0.66027100      0.52593000      0.04184800      0.64303600      0.76460200      0.00007400      0.00026500      0.00026900      0.00000000      0.00000000      0.00000000      0.53390000     -0.00295300      0.03711400      0.01303800      0.83392000      0.41061600      0.36874100     -0.55130700      0.65034500      0.52259900     -0.02522200     -0.63909600      0.76871200      0.00000300      0.00000900      0.00000700     -0.00001800      0.00000500      0.00001000      0.28743000      0.11873000      0.02526500     -0.02440900      0.86250600     -0.46225400     -0.20592000      0.50124000      0.83633400      0.22204200      0.06957900     -0.29472900      0.95304400      0.00000000     -0.00001200     -0.00001200      0.00030900     -0.00022400      0.00011300      0.11951000
     0.23195400     -0.05111500      0.36467700     -0.83571300      0.50796600     -0.20880500     -0.54604100     -0.80933500      0.21630500     -0.05808300      0.29414800      0.95400700     -0.00000000      0.00000000      0.00000000     -0.00000000      0.00000000      0.00000000      0.52081200     -0.25802300     -0.03324200      0.34190000     -0.84319200     -0.38875200      0.37133600      0.53594700     -0.66033600      0.52597700      0.04178900      0.64300000      0.76463600      0.01475700     -0.00171300     -0.00177700      0.00204500     -0.01520500      0.02924500      0.53371700     -0.00295300      0.03711400      0.01303800      0.83392000      0.41061600      0.36874100     -0.55130700      0.65034500      0.52259900     -0.02522200     -0.63909600      0.76871200      0.00000300      0.00000900      0.00000700     -0.00001800      0.00000500      0.00001000      0.28743000      0.11873000      0.02526500     -0.02440900      0.86250600     -0.46225400     -0.20592000      0.50124000      0.83633400      0.22204200      0.06957900     -0.29472900      0.95304400      0.00000000     -0.00001200     -0.00001200      0.00030900     -0.00022400      0.00011300      0.11951000
     0.23194200     -0.05111000      0.36468300     -0.83571400      0.50796500     -0.20880200     -0.54603900     -0.80933600      0.21630500     -0.05808000      0.29414700      0.95400800     -0.00001800      0.00015400      0.00014600     -0.00000000      0.00000000      0.00000000      0.52041500     -0.25801200     -0.03324300      0.34189900     -0.84320400     -0.38874400      0.37131600      0.53592800     -0.66034500      0.52598400      0.04178100      0.64299400      0.76464100      0.00000100      0.00000400      0.00000400      0.00000000      0.00000000      0.00000000      0.53402400     -0.00295300      0.03711400      0.01303800      0.83392000      0.41061600      0.36874100     -0.55130700      0.65034500      0.52259900     -0.02522200     -0.63909600      0.76871200      0.00000300      0.00000900      0.00000700     -0.00001800      0.00000500      0.00001000      0.28743000      0.11873000      0.02526500     -0.02440900      0.86250600     -0.46225400     -0.20592000      0.50124000      0.83633400      0.22204200      0.06957900     -0.29472900      0.95304400      0.00000000     -0.00001200     -0.00001200      0.00030900     -0.00022400      0.00011300      0.11951000
     0.23195200     -0.05109600      0.36469500     -0.83575700      0.50791200     -0.20875800     -0.54597600     -0.80937400      0.21632300     -0.05805500      0.29413400      0.95401400     -0.00001600      0.00013400      0.00012700     -0.00448800      0.07546300     -0.18396800      0.52038600     -0.25805600     -0.03323700      0.34190500     -0.84308200     -0.38881700      0.37151900      0.53611500     -0.66024900      0.52591400      0.04186800      0.64304900      0.76459000      0.00000000      0.00000000      0.00000000      0.00000000      0.00000000      0.00000000      0.53407700     -0.00295300      0.03711400      0.01303800      0.83392000      0.41061600      0.36874100     -0.55130700      0.65034500      0.52259900     -0.02522200     -0.63909600      0.76871200      0.00000300      0.00000900      0.00000700     -0.00001800      0.00000500      0.00001000      0.28759300      0.11873000      0.02526500     -0.02440900      0.86250600     -0.46225400     -0.20592000      0.50124000      0.83633400      0.22204200      0.06957900     -0.29472900      0.95304400      0.00000000     -0.00001200     -0.00001200      0.00030900     -0.00022400      0.00011300      0.11951000
     0.23198500     -0.05109300      0.36469500     -0.83571900      0.50795600     -0.20880400     -0.54603100     -0.80934100      0.21630700     -0.05808400      0.29414800      0.95400700      0.01499000      0.00127500      0.00002500      0.00098400     -0.01471500      0.02955300      0.52049800     -0.25816600     -0.03322200      0.34192000     -0.84303300     -0.38884500      0.37160000      0.53618800     -0.66021200      0.52588600      0.04190300      0.64307000      0.76457000     -0.01467700      0.00199900      0.00206600     -0.00204500      0.01520500     -0.02924500      0.53405400     -0.00295300      0.03711400      0.01303800      0.83392000      0.41061600      0.36874100     -0.55130700      0.65034500      0.52259900     -0.02522200     -0.63909600      0.76871200      0.00000300      0.00000900      0.00000700     -0.00001800      0.00000500      0.00001000      0.28743000      0.11873000      0.02526500     -0.02440900      0.86250600     -0.46225400     -0.20592000      0.50124000      0.83633400      0.22204200      0.06957900     -0.29472900      0.95304400      0.00000000     -0.00001200     -0.00001200      0.00030900     -0.00022400      0.00011300      0.11951000
     0.23199700     -0.05109800      0.36469000     -0.83571800      0.50795700     -0.20880700     -0.54603300     -0.80934000      0.21630600     -0.05808600      0.29415000      0.95400700      0.00005700     -0.00048300     -0.00045900      0.00000000      0.00000000      0.00000000      0.51977700     -0.25819800     -0.03321200      0.34193100     -0.84300700     -0.38886000      0.37164300      0.53622800     -0.66019100      0.52587100      0.04192200      0.64308200      0.76455900      0.00015100      0.00053800      0.00054600      0.00000000      0.00000000      0.00000000      0.53415300     -0.00295300      0.03711400      0.01303800      0.83392000      0.41061600      0.36874100     -0.55130700      0.65034500      0.52259900     -0.02522200     -0.63909600      0.76871200      0.00000300      0.00000900      0.00000700     -0.00001800      0.00000500      0.00001000      0.28759300      0.11873000      0.02526500     -0.02440900      0.86250600     -0.46225400     -0.20592000      0.50124000      0.83633400      0.22204200      0.06957900     -0.29472900      0.95304400      0.00000000     -0.00001200     -0.00001200      0.00030900     -0.00022400      0.00011300      0.11951000
     0.23202000     -0.05109600      0.36469000     -0.83569200      0.50798700     -0.20883800     -0.54607000     -0.80931800      0.21629500     -0.05810500      0.29416000      0.95400300      0.00000000     -0.00000000     -0.00000000      0.00000000      0.00000000      0.00000000      0.52020900     -0.25819400     -0.03319900      0.34194400     -0.84302900     -0.38884700      0.37160800      0.53619500     -0.66020800      0.52588400      0.04190700      0.64307300      0.76456800      0.00021300      0.00076000      0.00077000      0.00000000      0.00000000      0.00000000      0.53363700     -0.00295300      0.03711400      0.01303800      0.83392000      0.41061600      0.36874100     -0.55130700      0.65034500      0.52259900     -0.02522200     -0.63909600      0.76871200      0.00000300      0.00000900      0.00000700     -0.00001800      0.00000500      0.00001000      0.28726700      0.11873000      0.02526500     -0.02440900      0.86250600     -0.46225400     -0.20592000      0.50124000      0.83633400      0.22204200      0.06957900     -0.29472900      0.95304400      0.00000000     -0.00001200     -0.00001200      0.00030900     -0.00022400      0.00011300      0.11951000
     0.23203000     -0.05108700      0.36468300     -0.83567000      0.50801400     -0.20886100     -0.54610100     -0.80930600      0.21626100     -0.05813300      0.29414500      0.95400500      0.00006400     -0.00055100     -0.00052300     -0.00278200      0.00288100      0.01270800      0.52006700     -0.25816600     -0.03317800      0.34196500     -0.84309600     -0.38880700      0.37149600      0.53609300     -0.66026100      0.52592200      0.04185900      0.64304300      0.76459600      0.00015800      0.00056500      0.00057200      0.00000000      0.00000000      0.00000000      0.53405000     -0.00295300      0.03711400      0.01303800      0.83392000      0.41061600      0.36874100     -0.55130700      0.65034500      0.52259900     -0.02522200     -0.63909600      0.76871200      0.00000300      0.00000900      0.00000700     -0.00001800      0.00000500      0.00001000      0.28759300      0.11873000      0.02526500     -0.02440900      0.86250600     -0.46225400     -0.20592000      0.50124000      0.83633400      0.22204200      0.06957900     -0.29472900      0.95304400      0.00000000     -0.00001200     -0.00001200      0.00030900     -0.00022400      0.00011300      0.11951000
     0.23203100     -0.05109300      0.36467700     -0.83867500      0.50304300     -0.20884800     -0.54128200     -0.81253600      0.21626600     -0.05986600      0.29379200      0.95400700      0.01505400      0.00073400     -0.00048900      0.00099100     -0.01472200      0.02952200      0.52038900     -0.25817200     -0.03315800      0.34198500     -0.84311500     -0.38879500      0.37146400      0.53606300     -0.66027600      0.52593300      0.04184500      0.64303400      0.76460400      0.00020400      0.00072700      0.00073700      0.00000000      0.00000000      0.00000000      0.53426500     -0.00295300      0.03711400      0.01303800      0.83392000      0.41061600      0.36874100     -0.55130700      0.65034500      0.52259900     -0.02522200     -0.63909600      0.76871200      0.00000300      0.00000900      0.00000700     -0.00001800      0.00000500      0.00001000      0.28759300      0.11873000      0.02526500     -0.02440900      0.86250600     -0.46225400     -0.20592000      0.50124000      0.83633400      0.22204200      0.06957900     -0.29472900      0.95304400      0.00000000     -0.00001200     -0.00001200      0.00030900     -0.00022400      0.00011300      0.11951000
     0.23203000     -0.05108700      0.36468300     -0.83866400      0.50305600     -0.20886100     -0.54129900     -0.81252600      0.21626100     -0.05987400      0.29379600      0.95400500     -0.00010800      0.00091900      0.00087200      0.00000000      0.00000000     -0.00000000      0.51981500     -0.25815800     -0.03311000      0.34203400     -0.84312700     -0.38878800      0.37144400      0.53604500     -0.66028500      0.52594000      0.04183700      0.64302900      0.76460900      0.00027900      0.00099600      0.00100900      0.00000000      0.00000000      0.00000000      0.53430900     -0.00295300      0.03711400      0.01303800      0.83392000      0.41061600      0.36874100     -0.55130700      0.65034500      0.52259900     -0.02522200     -0.63909600      0.76871200      0.00000300      0.00000900      0.00000700     -0.00001800      0.00000500      0.00001000      0.28759300      0.11873000      0.02526500     -0.02440900      0.86250600     -0.46225400     -0.20592000      0.50124000      0.83633400      0.22204200      0.06957900     -0.29472900      0.95304400      0.00000000     -0.00001200     -0.00001200      0.00030900     -0.00022400      0.00011300      0.11951000
     0.23205100     -0.05107200      0.36469500     -0.83861600      0.50311400     -0.20891600     -0.54137000     -0.81248400      0.21624100     -0.05990700      0.29381300      0.95399800     -0.00012800      0.00109400      0.00103900      0.00000000      0.00000000      0.00000000      0.52049000     -0.25814000     -0.03308700      0.34205700     -0.84310900     -0.38880000      0.37147500      0.53607400     -0.66027100      0.52592900      0.04185000      0.64303700      0.76460100      0.00004200      0.00015000      0.00015200      0.00000000      0.00000000      0.00000000      0.53392800     -0.00295300      0.03711400      0.01303800      0.83392000      0.41061600      0.36874100     -0.55130700      0.65034500      0.52259900     -0.02522200     -0.63909600      0.76871200      0.00000300      0.00000900      0.00000700     -0.00001800      0.00000500      0.00001000      0.28726700      0.11873000      0.02526500     -0.02440900      0.86250600     -0.46225400     -0.20592000      0.50124000      0.83633400      0.22204200      0.06957900     -0.29472900      0.95304400      0.00000000     -0.00001200     -0.00001200      0.00030900     -0.00022400      0.00011300      0.11951000
     0.23205100     -0.05107200      0.36469500     -0.83861600      0.50311400     -0.20891600     -0.54137000     -0.81248400      0.21624100     -0.05990700      0.29381300      0.95399800     -0.00000200      0.00001900      0.00001800      0.00000000      0.00000000      0.00000000      0.52017600     -0.25813900     -0.03308100      0.34206300     -0.84311900     -0.38879300      0.37145800      0.53605700     -0.66027900      0.52593500      0.04184300      0.64303200      0.76460500      0.00001600      0.00005800      0.00005900      0.00000000      0.00000000      0.00000000      0.53394500     -0.00295300      0.03711400      0.01303800      0.83392000      0.41061600      0.36874100     -0.55130700      0.65034500      0.52259900     -0.02522200     -0.63909600      0.76871200      0.00000300      0.00000900      0.00000700     -0.00001800      0.00000500      0.00001000      0.28759300      0.11873000      0.02526500     -0.02440900      0.86250600     -0.46225400     -0.20592000      0.50124000      0.83633400      0.22204200      0.06957900     -0.29472900      0.95304400      0.00000000     -0.00001200     -0.00001200      0.00030900     -0.00022400      0.00011300      0.11951000
     0.23206200     -0.05107100      0.36469500     -0.83860300      0.50312800     -0.20893100     -0.54138800     -0.81247300      0.21623600     -0.05991700      0.29381800      0.95399600      0.01487200      0.00227800      0.00097700      0.00098400     -0.01471500      0.02955300      0.52033000     -0.25814000     -0.03308700      0.34205700     -0.84310900     -0.38880000      0.37147500      0.53607400     -0.66027100      0.52592900      0.04185000      0.64303700      0.76460100     -0.00007900     -0.00028100     -0.00028500      0.00000000      0.00000000      0.00000000      0.53399000     -0.00295300      0.03711400      0.01303800      0.83392000      0.41061600      0.36874100     -0.55130700      0.65034500      0.52259900     -0.02522200     -0.63909600      0.76871200      0.00000300      0.00000900      0.00000700     -0.00001800      0.00000500      0.00001000      0.28759300      0.11873000      0.02526500     -0.02440900      0.86250600     -0.46225400     -0.20592000      0.50124000      0.83633400      0.22204200      0.06957900     -0.29472900      0.95304400      0.00000000     -0.00001200     -0.00001200      0.00030900     -0.00022400      0.00011300      0.11951000
     0.23206200     -0.05106500      0.36470200     -0.83559800      0.50809900     -0.20894300     -0.54620600     -0.80924300      0.21623100     -0.05818300      0.29417100      0.95399400     -0.00010800      0.00091900      0.00087200     -0.00000000      0.00000000      0.00000000      0.52056200     -0.25809800     -0.03309900      0.34204500     -0.84322000     -0.38873400      0.37129000      0.53590300     -0.66035800      0.52599300      0.04177100      0.64298700      0.76464700     -0.00003500     -0.00012500     -0.00012600      0.00000000      0.00000000      0.00000000      0.53393800     -0.00295300      0.03711400      0.01303800      0.83392000      0.41061600      0.36874100     -0.55130700      0.65034500      0.52259900     -0.02522200     -0.63909600      0.76871200      0.00000300      0.00000900      0.00000700     -0.00001800      0.00000500      0.00001000      0.28726700      0.11873000      0.02526500     -0.02440900      0.86250600     -0.46225400     -0.20592000      0.50124000      0.83633400      0.22204200      0.06957900     -0.29472900      0.95304400      0.00000000     -0.00001200     -0.00001200      0.00030900     -0.00022400      0.00011300      0.11951000
     0.23206200     -0.05106500      0.36470200     -0.83559800      0.50809900     -0.20894300     -0.54620600     -0.80924300      0.21623100     -0.05818300      0.29417100      0.95399400     -0.00000100      0.00001100      0.00001100     -0.00000000      0.00000000      0.00000000      0.52044200     -0.25810000     -0.03310500      0.34203900     -0.84321000     -0.38874000      0.37130800      0.53592000     -0.66035000      0.52598700      0.04177800      0.64299200      0.76464300     -0.00024600     -0.00087800     -0.00088900      0.00000000      0.00000000      0.00000000      0.53408700     -0.00295300      0.03711400      0.01303800      0.83392000      0.41061600      0.36874100     -0.55130700      0.65034500      0.52259900     -0.02522200     -0.63909600      0.76871200      0.00000300      0.00000900      0.00000700     -0.00001800      0.00000500      0.00001000      0.28743000      0.11873000      0.02526500     -0.02440900      0.86250600     -0.46225400     -0.20592000      0.50124000      0.83633400      0.22204200      0.06957900     -0.29472900      0.95304400      0.00000000     -0.00001200     -0.00001200      0.00030900     -0.00022400      0.00011300      0.11951000
     0.23207200     -0.05105600      0.36469400     -0.83557600      0.50812600     -0.20896600     -0.54623700     -0.80923100      0.21619700     -0.05821100      0.29415700      0.95399700      0.00004500     -0.00038000     -0.00036100      0.00000000      0.00000000      0.00000000      0.52038900     -0.25811700     -0.03312800      0.34201600     -0.84315500     -0.38877300      0.37139900      0.53600300     -0.66030700      0.52595500      0.04181700      0.64301600      0.76462000     -0.00018600     -0.00066500     -0.00067300      0.00000000      0.00000000      0.00000000      0.53414600     -0.00295300      0.03711400      0.01303800      0.83392000      0.41061600      0.36874100     -0.55130700      0.65034500      0.52259900     -0.02522200     -0.63909600      0.76871200      0.00000300      0.00000900      0.00000700     -0.00001800      0.00000500      0.00001000      0.28743000      0.11873000      0.02526500     -0.02440900      0.86250600     -0.46225400     -0.20592000      0.50124000      0.83633400      0.22204200      0.06957900     -0.29472900      0.95304400      0.00000000     -0.00001200     -0.00001200      0.00030900     -0.00022400      0.00011300      0.11951000
     0.23207100     -0.05104200      0.36468000     -0.83253400      0.51308900     -0.20898000     -0.55104400     -0.80598200      0.21614000     -0.05650400      0.29445800      0.95400700      0.00000000     -0.00000000     -0.00000000     -0.00000000      0.00000000      0.00000000      0.52019900     -0.25815000     -0.03316900      0.34198900     -0.84305900     -0.38882600      0.37156000      0.53614900     -0.66021600      0.52592100      0.04187500      0.64307800      0.76456500     -0.00035100     -0.00125200     -0.00126900      0.00000000      0.00000000      0.00000000      0.53422700     -0.00295300      0.03711400      0.01303800      0.83392000      0.41061600      0.36874100     -0.55130700      0.65034500      0.52259900     -0.02522200     -0.63909600      0.76871200      0.00000300      0.00000900      0.00000700     -0.00001800      0.00000500      0.00001000      0.28759300      0.11873000      0.02526500     -0.02440900      0.86250600     -0.46225400     -0.20592000      0.50124000      0.83633400      0.22204200      0.06957900     -0.29472900      0.95304400      0.00000000     -0.00001200     -0.00001200      0.00030900     -0.00022400      0.00011300      0.11951000
     0.23207000     -0.05102700      0.36466500     -0.82946200      0.51803400     -0.20899500     -0.55583100     -0.80270300      0.21608200     -0.05479500      0.29474800      0.95401700      0.00000000     -0.00000000     -0.00000000     -0.00000000      0.00000000      0.00000000      0.52067700     -0.25817400     -0.03321600      0.34194100     -0.84303500     -0.38884000      0.37160000      0.53618500     -0.66019700      0.52590800      0.04189200      0.64308900      0.76455500     -0.00024400     -0.00087200     -0.00088400      0.01252200     -0.09054600      0.17662100      0.53420100     -0.00295300      0.03711400      0.01303800      0.83392000      0.41061600      0.36874100     -0.55130700      0.65034500      0.52259900     -0.02522200     -0.63909600      0.76871200      0.00000300      0.00000900      0.00000700     -0.00001800      0.00000500      0.00001000      0.28759300      0.11873000      0.02526500     -0.02440900      0.86250600     -0.46225400     -0.20592000      0.50124000      0.83633400      0.22204200      0.06957900     -0.29472900      0.95304400      0.00000000     -0.00001200     -0.00001200      0.00030900     -0.00022400      0.00011300      0.11951000
     0.23206900     -0.05102100      0.36467100     -0.82636800      0.52295000     -0.20900700     -0.56059100     -0.79938700      0.21607700     -0.05305600      0.29507200      0.95401500     -0.00000400      0.00003000      0.00002900     -0.00000000      0.00000000      0.00000000      0.52074200     -0.25819200     -0.03324700      0.34192500     -0.84297400     -0.38887300      0.37170500      0.53628000     -0.66013200      0.52589200      0.04192700      0.64313500      0.76451400     -0.01494400      0.00105100      0.00110300     -0.00204500      0.01520500     -0.02924500      0.53418900     -0.00295300      0.03711400      0.01303800      0.83392000      0.41061600      0.36874100     -0.55130700      0.65034500      0.52259900     -0.02522200     -0.63909600      0.76871200      0.00000300      0.00000900      0.00000700     -0.00001800      0.00000500      0.00001000      0.28743000      0.11873000      0.02526500     -0.02440900      0.86250600     -0.46225400     -0.20592000      0.50124000      0.83633400      0.22204200      0.06957900     -0.29472900      0.95304400      0.00000000     -0.00001200     -0.00001200      0.00030900     -0.00022400      0.00011300      0.11951000
     0.23204600     -0.05101500      0.36465000     -0.82327600      0.52781600     -0.20897900     -0.56528600     -0.79608500      0.21603500     -0.05131900      0.29532800      0.95403100      0.00003500     -0.00029500     -0.00028000     -0.00000000      0.00000000      0.00000000      0.52023100     -0.25818800     -0.03327300      0.34189900     -0.84294300     -0.38889100      0.37175600      0.53632700     -0.66010900      0.52587500      0.04194800      0.64314900      0.76450200     -0.00007100     -0.00025500     -0.00025800      0.00000000      0.00000000      0.00000000      0.53414000     -0.00295300      0.03711400      0.01303800      0.83392000      0.41061600      0.36874100     -0.55130700      0.65034500      0.52259900     -0.02522200     -0.63909600      0.76871200      0.00000300      0.00000900      0.00000700     -0.00001800      0.00000500      0.00001000      0.28743000      0.11873000      0.02526500     -0.02440900      0.86250600     -0.46225400     -0.20592000      0.50124000      0.83633400      0.22204200      0.06957900     -0.29472900      0.95304400      0.00000000     -0.00001200     -0.00001200      0.00030900     -0.00022400      0.00011300      0.11951000
