     0.20405700     -0.01579800      0.35896200     -0.32998500      0.36184500     -0.87190800     -0.76071600     -0.64879700      0.01858900     -0.55856200      0.66895600      0.49044200     -0.01996400      0.10030400     -0.09320700      0.12832300     -1.33592800     -0.22429600     -1.31757700     -0.26227800     -0.01630300      0.32987900     -0.88942600      0.28858800      0.35444300      0.07900700     -0.66651000      0.74125300      0.45126700      0.68691700      0.56953100      0.01173200     -0.02079800     -0.00147600      0.68034400     -0.54887800     -0.32771900     -1.39852000     -0.00206200      0.03582900     -0.00567400      0.92609300     -0.13186100      0.35350000     -0.20059400      0.62146100      0.75732800     -0.31954800     -0.77226800      0.54908100      0.00597200     -0.01005100     -0.00040800      1.00683900     -0.38340700     -0.93328600     -0.55694500      0.10112800      0.03260500     -0.03857900      0.51695300     -0.40006900     -0.75677100      0.70152000      0.70461300      0.10671500      0.49053800     -0.58605800      0.64490800     -0.00990600      0.05010900     -0.04662800      0.12870900     -1.33311200     -0.49762000     -1.10565900
     0.20287500     -0.01201600      0.35556700     -0.33910200      0.29652700     -0.89282000     -0.72096600     -0.69154600      0.04409200     -0.60393700      0.65827300      0.44940400     -0.03326400      0.09263800     -0.08087400      3.95549600     -0.37133400     -5.26489600     -0.49109300     -0.26236700     -0.01704200      0.33015700     -0.91342000      0.26851600      0.30586800      0.04733300     -0.67608900      0.73525300      0.40536400      0.68572300      0.60442300     -0.00056200     -0.02140900      0.01740600      0.24509900     -1.91645900      1.65373300     -1.39804900     -0.00209400      0.03544100     -0.00554800      0.94628800     -0.10417200      0.30608300     -0.17220600      0.63884300      0.74981600     -0.27364900     -0.76225100      0.58659000     -0.00715000     -0.00368000      0.00602200      0.43149700     -0.76369400      0.07909000     -0.84956200      0.10054200      0.03450100     -0.04028000      0.52251900     -0.34017600     -0.78182700      0.65983300      0.74207200      0.11810800      0.53999400     -0.57758900      0.61220600     -0.02353900      0.04604600     -0.04031700      0.13757900     -1.07365900     -0.43378700     -0.90873100
     0.20191900     -0.01026200      0.35401800     -0.34346000      0.27593300     -0.89774300     -0.71612300     -0.69535400      0.06019000     -0.60722100      0.66322100      0.43754700     -0.06093600      0.09156600     -0.08025400      0.06152900     -0.79488900     -0.59468000     -0.15972900     -0.26242200     -0.01725100      0.33045800     -0.91795200      0.28579700      0.27509200      0.01068300     -0.67518600      0.73752600      0.39767100      0.67958100      0.61635300      0.00084400     -0.00688300      0.01257000      1.65673400      3.94597300      3.36517600     -1.39385700     -0.00212100      0.03533200     -0.00539400      0.95548500     -0.11288000      0.27258800     -0.13861600      0.64384100      0.75249700     -0.26044600     -0.75678600      0.59953400      0.00065600     -0.00263200      0.00709700      0.01033400     -0.53810700      0.71601700     -0.96304900      0.10007400      0.03538100     -0.04105300      0.52997100     -0.31481700     -0.78741300      0.64637600      0.75102100      0.13477800      0.54893400     -0.58039300      0.60150900     -0.02315500      0.04074800     -0.03579600     -0.16700900     -0.46067100     -1.11830500     -0.82414700
     0.19974000     -0.00722700      0.35133000     -0.36566700      0.23297800     -0.90114100     -0.70420400     -0.70230100      0.10412400     -0.60816600      0.67236900      0.42199600     -0.05933800      0.06960600     -0.06296800     -0.03508200     -0.81194400     -0.89463800      0.24431100     -0.26270300     -0.01709100      0.33121900     -0.92803000      0.28802700      0.23620400     -0.01954800     -0.67065000      0.74147100      0.37313800      0.68311600      0.62768200     -0.01010000      0.00683500      0.02634100      0.03522800     -0.50128500      0.85983800     -0.51300300     -0.00226200      0.03540600     -0.00501300      0.96504800     -0.11788300      0.23406100     -0.10488700      0.64473600      0.75717400     -0.24016600     -0.75526000      0.60983700     -0.00489400      0.00398800      0.01374700     -0.01274600     -0.48219200      0.86099100     -0.91046900      0.09900100      0.03688600     -0.04237600      0.54968400     -0.27318900     -0.78943900      0.62616600      0.76027700      0.17290000      0.55295800     -0.58936100      0.58897300     -0.02961900      0.03498900     -0.03130800     -0.79644100      0.59140600     -2.58510300     -0.58884500
     0.19751800     -0.00516700      0.34927300     -0.41158200      0.19963400     -0.88926500     -0.68812700     -0.70781600      0.15952900     -0.59708400      0.67733600      0.42980700     -0.04401200      0.04460300     -0.04896300     -0.01331300     -0.15049400     -0.82780300      0.38137300     -0.26316300     -0.01687400      0.33231200     -0.93121700      0.29880500      0.20866900     -0.04357300     -0.65946800      0.75042500      0.36300900      0.68932700      0.62683000     -0.01095000      0.00387700      0.02327500     -0.06357900     -0.24469000      0.52073700     -0.01005800     -0.00247300      0.03553000     -0.00446600      0.96998300     -0.12723400      0.20722600     -0.08008700      0.63749000      0.76628400     -0.22960200     -0.75987900      0.60816500     -0.00543200      0.00213600      0.01184600     -0.06161000     -0.23329500      0.52980900     -0.70864200      0.09788900      0.03794400     -0.04341400      0.58970900     -0.23408500     -0.77294600      0.59886200      0.76887500      0.22404200      0.54185500     -0.59500800      0.59359700     -0.02887500      0.02215000     -0.02425900     -0.77170400      1.15825800     -3.16400200     -0.29051300
     0.19654000     -0.00459800      0.34846000     -0.43454400      0.18011200     -0.88248300     -0.66709500     -0.72264700      0.18093500     -0.60460200      0.66709700      0.43527500     -0.04279300      0.01836600     -0.03545300      4.93232800     -0.80170300     -3.07882400      0.38126500     -0.26342700     -0.01702300      0.33280400     -0.93222400      0.30004700      0.20229200     -0.04835500     -0.65703200      0.75226600      0.35979800      0.69110800      0.62672000      0.00135300     -0.01484700      0.02397600     -0.07176100      0.00540200      0.01242700      0.10942100     -0.00261700      0.03547600     -0.00420700      0.97137200     -0.12844800      0.19984100     -0.07392300      0.63602300      0.76812100     -0.22576800     -0.76090400      0.60831900      0.00048000     -0.00803700      0.01138700     -0.07177000     -0.15053200      0.20327600     -0.60740200      0.09739900      0.03824500     -0.04382000      0.60872500     -0.21303400     -0.76424400      0.57701500      0.78000400      0.24216900      0.54452300     -0.58839500      0.59773200     -0.02136400      0.00908500     -0.01777100      0.08187800      0.19118700     -0.63825300     -0.13930600
     0.19501100     -0.00449400      0.34730600     -0.45343900      0.14979000     -0.87863600     -0.62999300     -0.75118000      0.19700000     -0.62994800      0.64267300      0.43607800     -0.02785700     -0.00949200     -0.02399500      0.77670600     -1.18564600      1.56754900      0.35211200     -0.26330800     -0.01756600      0.33362800     -0.93441100      0.30093600      0.19054200     -0.05584900     -0.65185600      0.75624000      0.35295900      0.69560500      0.62563300      0.00164900     -0.01384600      0.02496800     -0.07387700     -0.02788500      0.05263900      0.24272200     -0.00256000      0.03519200     -0.00379900      0.97367100     -0.12864600      0.18818300     -0.06564900      0.63230700      0.77193000     -0.21829500     -0.76396100      0.60721400      0.00080100     -0.00695100      0.01245700     -0.08400300     -0.14626400      0.20109900     -0.30825400      0.09660800      0.03831800     -0.04441700      0.62783500     -0.17775200     -0.75777700      0.53014600      0.81048300      0.24912200      0.56988400     -0.55814000      0.60308400     -0.01389000     -0.00527400     -0.01240200     -0.00995900      0.14745500     -0.50201900      0.17159900
     0.19429500     -0.00555400      0.34670500     -0.46034700      0.14615500     -0.87565100     -0.62504100     -0.75379100      0.20272000     -0.62986400      0.64045500      0.43945100      0.00084200     -0.03417700     -0.01062900     -0.04361300      0.13411400     -0.24418800      0.30755700     -0.26327700     -0.01798500      0.33456300     -0.93472000      0.30148900      0.18813300     -0.05696200     -0.64939500      0.75827100      0.35195700      0.69766300      0.62390500      0.00140500     -0.01466400      0.02414000     -0.08216100      0.13067000     -0.20328100      0.33297000     -0.00254300      0.03498600     -0.00332800      0.97409800     -0.12913500      0.18562100     -0.06395300      0.63004200      0.77392300     -0.21689000     -0.76574800      0.60546400      0.00102800     -0.00132800      0.00835600     -0.03380600      0.00378900      0.00930600     -0.00992200      0.09624400      0.03780600     -0.04472200      0.63167000     -0.17479400     -0.75527300      0.52511200      0.81318200      0.25098000      0.57030500     -0.55514000      0.60544900     -0.00649600     -0.01774300     -0.00553500     -0.05358000      0.17254800     -0.30087700      0.22679200
     0.19415700     -0.00624800      0.34658700     -0.46282300      0.14786100     -0.87405800     -0.62444800     -0.75420600      0.20300500     -0.62863400      0.63957200      0.44248600      0.00079500     -0.03186700     -0.00879100      0.06669600      0.40291900      0.12714600      0.29288300     -0.26330400     -0.01821700      0.33507200     -0.93496100      0.30158500      0.18677700     -0.05741900     -0.64797200      0.75945300      0.35124000      0.69894200      0.62287500     -0.01249600     -0.01103100      0.02773100     -0.07167400      0.03413000     -0.03453700      0.36071500     -0.00255300      0.03487000     -0.00308800      0.97435700     -0.12915900      0.18424200     -0.06320900      0.62873800      0.77504300     -0.21594400     -0.76681500      0.60445200      0.00092900     -0.00651200      0.01288100     -0.06941400      0.02069300     -0.00659000      0.14553100      0.09617100      0.03743700     -0.04479200      0.63384900     -0.17432600     -0.75355400      0.52391600      0.81348300      0.25250000      0.56898600     -0.55484700      0.60695800      0.00066200     -0.02167100     -0.00034700      0.15151300      0.77437100      0.04264800      0.20997300
     0.19403800     -0.00755700      0.34649800     -0.46856100      0.14891900     -0.87081500     -0.62000300     -0.75760000      0.20398700     -0.62877500      0.63530000      0.44840000      0.00069400     -0.02548300     -0.00358500      0.15339200      0.21759700     -0.02408200      0.29045500     -0.26324300     -0.01870200      0.33605600     -0.93497500      0.29985300      0.18947700     -0.05433700     -0.64869800      0.75906000      0.35169400      0.69901600      0.62253600      0.00184800     -0.01315300      0.02561400     -0.02704500     -0.00547700     -0.02171900      0.41038100     -0.00252600      0.03461900     -0.00257500      0.97401400     -0.12751300      0.18718000     -0.06648400      0.62907200      0.77449800     -0.21650900     -0.76681600      0.60424800      0.00090600     -0.00658300      0.01280000     -0.05656800     -0.00036800     -0.01944900      0.31257700      0.09611200      0.03677100     -0.04484600      0.63933400     -0.17629100     -0.74844700      0.51953700      0.81661000      0.25145000      0.56686100     -0.54960700      0.61367700     -0.00662700     -0.01239900     -0.00120100      0.48992600      0.21764700     -0.14572300      0.18874500
     0.19410600     -0.00837000      0.34659900     -0.47329200      0.16160800     -0.86598000     -0.62138500     -0.75803200      0.19808800     -0.62384700      0.63165700      0.46027300      0.00057100     -0.01640000      0.00396600      0.14020300      0.63097400      0.28032200      0.29450400     -0.26319600     -0.01926900      0.33710200     -0.93073000      0.31063800      0.19297000     -0.05831600     -0.64674400      0.76043100      0.36218900      0.69609900      0.61978100      0.00156300     -0.01411200      0.02465500     -0.06961900      0.01892200     -0.00527200      0.44230100     -0.00250300      0.03434800     -0.00206900      0.97184800     -0.13900800      0.19023000     -0.06211200      0.62768300      0.77598600     -0.22727300     -0.76595600      0.60137900      0.00069200     -0.00730600      0.01207700     -0.07019100      0.02055300     -0.00481800      0.38115900      0.09614600      0.03635700     -0.04480200      0.64332700     -0.18647800     -0.74253200      0.52170100      0.81661300      0.24691800      0.56031700     -0.54622900      0.62263600      0.00027500     -0.00749800      0.00256900     -0.03915500      0.07238100      0.02655100      0.18939800
     0.19416100     -0.00865100      0.34682600     -0.47887800      0.17146300     -0.86100000     -0.61794500     -0.76245000      0.19179500     -0.62299500      0.62368100      0.47215000      0.00046200     -0.00841900      0.01063300      0.03431600      0.24968700      0.10834900      0.29404500     -0.26315000     -0.01984500      0.33806700     -0.91697500      0.34887500      0.19347800     -0.08347000     -0.64180100      0.76227200      0.39126200      0.68238300      0.61735800      0.01609700     -0.01560500      0.02316500      0.25316700      1.26741900      1.04744600      0.46767700     -0.00248700      0.03405200     -0.00157900      0.96562100     -0.17747600      0.18994200     -0.03771300      0.62730600      0.77785900     -0.25720300     -0.75828000      0.59904600      0.00078900     -0.00695400      0.01270400      0.97145600      4.32401500      3.23475900      0.42198200      0.09617400      0.03621100     -0.04468700      0.64909900     -0.19783100     -0.73452800      0.51978800      0.82036100      0.23838500      0.55541900     -0.53653400      0.63532500      0.00022100     -0.00377900      0.00567700      0.01067500      0.21585600      0.09896800      0.18939800
     0.19416300     -0.00865800      0.34696500     -0.48379900      0.17830300     -0.85685000     -0.61801300     -0.76280700      0.19015000     -0.61911200      0.62131400      0.48030900     -0.00005800      0.00418500      0.00349200      0.05272900      0.18004200      0.09620700      0.29349300     -0.26308500     -0.02013000      0.33856700     -0.90821600      0.37047900      0.19463000     -0.09726700     -0.63898100      0.76300400      0.40818100      0.67356200      0.61608800      0.00150000     -0.01432100      0.02443700      0.02714500      0.39829200      0.30106800      0.48232800     -0.00244900      0.03391600     -0.00133700      0.96101300     -0.20039100      0.19051700     -0.02357800      0.62712400      0.77856200     -0.27549500     -0.75270000      0.59794900      0.00061600     -0.00759100      0.01208100      0.98770100      4.24414500      3.37833000      0.44288300      0.09617500      0.03620900     -0.04461600      0.65356100     -0.20414900     -0.72882100      0.52024200      0.82056900      0.23667200      0.54973100     -0.53384400      0.64249800      0.00020500     -0.00260300      0.00665600     -0.00642000      0.15340900      0.10372800      0.18907100
     0.19415500     -0.00855800      0.34726100     -0.49164900      0.19253700     -0.84926800     -0.61840300     -0.76381100      0.18477400     -0.61250000      0.61579100      0.49565300     -0.00007200      0.00522100      0.00434700      0.09683500      0.44451800      0.01192800      0.29844900     -0.26304800     -0.02068300      0.33945300     -0.89792800      0.39793700      0.18805000     -0.11960000     -0.63156700      0.76599800      0.42471100      0.66480600      0.61442400      0.00107700     -0.01575600      0.02302900     -0.06967100      0.01874500     -0.00538700      0.49759300     -0.00242900      0.03363600     -0.00088300      0.95559100     -0.23086100      0.18315600      0.00093000      0.62387800      0.78152000     -0.29469000     -0.74664400      0.59638700      0.00044500     -0.00814000      0.01124000     -0.07055000      0.03499200     -0.03661600      0.47488800      0.09617100      0.03626600     -0.04446200      0.66024700     -0.21644200     -0.71918400      0.52164700      0.82106900      0.23179300      0.54033000     -0.52820200      0.65501500      0.00020000     -0.00218600      0.00700100      0.11140800      0.45440300      0.24300900      0.19135700
     0.19418600     -0.00841700      0.34746900     -0.49429200      0.20006000     -0.84598800     -0.61889200     -0.76437000      0.18078300     -0.60987300      0.61268300      0.50269400     -0.00006000      0.00428600      0.00356200      0.03069400      0.10400100      0.05548500      0.30766400     -0.26309400     -0.02130500      0.34015700     -0.89499900      0.40786600      0.18059300     -0.13136000     -0.62769100      0.76725600      0.42741700      0.66244400      0.61509800     -0.00023700     -0.02022500      0.01867100     -0.06869000      0.03087400     -0.03172000      0.50152800     -0.00245000      0.03333100     -0.00052600      0.95456500     -0.24088800      0.17543800      0.01320900      0.62233900      0.78263600     -0.29771000     -0.74476000      0.59724400     -0.00014900     -0.01016600      0.00927500     -0.08622600      0.03549300     -0.03460100      0.48876800      0.09618600      0.03634000     -0.04435400      0.66283800     -0.22411000     -0.71443700      0.52311600      0.82127700      0.22771000      0.53571900     -0.52466800      0.66160900     -0.00003900      0.00249600      0.00207300      0.01950500      0.07831800      0.08042100      0.20099200
     0.19418600     -0.00836400      0.34752700     -0.49472600      0.20276300     -0.84509100     -0.61925600     -0.76448700      0.17903300     -0.60915100      0.61164500      0.50482900     -0.00003700      0.00262400      0.00218000      0.00622300      0.02111500      0.01126500      0.30878100     -0.26312300     -0.02164000      0.34045000     -0.89362900      0.41194100      0.17811000     -0.13643500     -0.62721500      0.76676000      0.42869300      0.66036800      0.61644100     -0.00025500     -0.01057800      0.00888400      0.03311800     -0.02450400     -0.04209200      0.50048900     -0.00246500      0.03315900     -0.00037700      0.95393400     -0.24519700      0.17287800      0.01835100      0.62284200      0.78213100     -0.29945200     -0.74293000      0.59865000     -0.00032100     -0.01076000      0.00870000     -0.00786900     -0.01281400     -0.06484900      0.49040000      0.09618600      0.03637100     -0.04432300      0.66323600     -0.22682600     -0.71320900      0.52391900      0.82123000      0.22602800      0.53444000     -0.52357400      0.66350800     -0.00002100      0.00124200      0.00103100     -0.01778900     -0.02227100     -0.00401300      0.20638000
     0.19418500     -0.00831000      0.34757100     -0.49453900      0.20574500     -0.84447900     -0.61991400     -0.76449400      0.17670900     -0.60863400      0.61063600      0.50667100     -0.00000900      0.00062600      0.00052000      0.00019100      0.00065000      0.00034700      0.30672100     -0.26334900     -0.02214500      0.34087900     -0.89483200      0.41161300      0.17275300     -0.14341800     -0.63135100      0.76207700      0.42387100      0.65662300      0.62373300     -0.01471600     -0.00873100      0.01071400      0.23359500     -0.12903900     -0.14880100      0.49395500     -0.00257400      0.03290100     -0.00016700      0.95496700     -0.24492300      0.16748300      0.02467400      0.62806000      0.77777200     -0.29568300     -0.73861500      0.60582000     -0.00020000     -0.00549800      0.00423900      0.33010700     -0.27230700      0.02638600      0.48762500      0.09618500      0.03639800     -0.04430000      0.66300300     -0.22948100     -0.71257600      0.52502700      0.82105500      0.22408500      0.53364100     -0.52269100      0.66484600     -0.00000400      0.00020900      0.00017200     -0.00361300     -0.00911400     -0.00418100      0.20883000
     0.19417400     -0.00831600      0.34755400     -0.49308500      0.20640500     -0.84516800     -0.62062000     -0.76422800      0.17538000     -0.60909500      0.61074500      0.50598400      0.00000100     -0.00008300     -0.00006900      0.00000000      0.00000000      0.00000000      0.30272200     -0.26372800     -0.02238300      0.34122400     -0.89910300      0.40240300      0.17226900     -0.14354400     -0.64261900      0.75257500      0.41467000      0.65139600      0.63529200     -0.01445200     -0.00780700      0.01161300      0.38471100     -0.21989500     -0.20885300      0.48656600     -0.00276900      0.03277800      0.00000800      0.95746000     -0.23507100      0.16736500      0.02264100      0.63939900      0.76854100     -0.28767500     -0.73205800      0.61752200     -0.00722900     -0.00388600      0.00582800      0.42721300     -0.23345200     -0.21603100      0.47799000      0.09618000      0.03639300     -0.04431000      0.66174400     -0.23018300     -0.71351900      0.52594100      0.82076600      0.22299600      0.53430300     -0.52283600      0.66420000      0.00000100     -0.00008800     -0.00007400      0.00112200     -0.00057700     -0.00117300      0.20605400
     0.19417400     -0.00831600      0.34755400     -0.49146300      0.20713900     -0.84593300     -0.62142200     -0.76391200      0.17391000     -0.60959000      0.61089100      0.50521200      0.00000000     -0.00000000     -0.00000000      0.00605900     -0.09501400      0.17462400      0.29354100     -0.26427100     -0.02243900      0.34148800     -0.89707900      0.40949400      0.16599400     -0.15890800     -0.64930800      0.74369400      0.41344600      0.64024800      0.64730900     -0.01443800     -0.00773200      0.01167900      0.42112800      0.57845700      1.55952000      0.48329300     -0.00303600      0.03275300      0.00013600      0.95719000     -0.24004600      0.16175300      0.03460900      0.64971400      0.75939000     -0.28738300     -0.72128200      0.63020700     -0.00713400      0.00130600      0.00156000      0.94210200      2.16399100      5.53443800      0.47113200      0.09618000      0.03639200     -0.04431100      0.66047100     -0.23098800     -0.71443700      0.52690600      0.82046100      0.22183800      0.53492600     -0.52296000      0.66360000      0.00000100     -0.00000900     -0.00000700      0.00083400     -0.00026200     -0.00076600      0.19707300
     0.19418500     -0.00830900      0.34755900     -0.49080000      0.20744000     -0.84624400     -0.62174900     -0.76378300      0.17330900     -0.60979200      0.61095000      0.50489700     -0.00000800      0.00060100      0.00049900      0.00000000      0.00000000      0.00000000      0.29195800     -0.26437000     -0.02247200      0.34154300     -0.89551600      0.41381300      0.16370700     -0.16774300     -0.65439600      0.73726600      0.41334400      0.63224100      0.65519500      0.00000300      0.00000900      0.00000900      0.32358000     -0.19265000     -0.12541200      0.48098300     -0.00308500      0.03273400      0.00016800      0.95608500     -0.24658500      0.15842000      0.04428400      0.65585100      0.75358900     -0.28972400     -0.71348000      0.63796900     -0.00001400     -0.00002200     -0.00002200      0.47242200     -0.16979100     -0.35245300      0.46835600      0.09618500      0.03639400     -0.04431000      0.65990700     -0.23134800     -0.71484200      0.52733600      0.82032300      0.22132500      0.53519900     -0.52301600      0.66333600     -0.00000500      0.00046800      0.00038700      0.00069700     -0.00020500     -0.00062700      0.19250100
     0.19418400     -0.00829400      0.34755800     -0.49001800      0.20779400     -0.84661000     -0.62211700     -0.76364600      0.17258800     -0.61004500      0.61100100      0.50452900      0.00000400     -0.00025300     -0.00021000      0.00605900     -0.09501800      0.17462200      0.29056300     -0.26433600     -0.02252200      0.34166700     -0.89303900      0.42092700      0.15903800     -0.18226400     -0.66131900      0.72757800      0.41255300      0.62022800      0.66706800      0.00046700     -0.00810500      0.01130300      0.13504200     -0.09844100     -0.05585600      0.48009000     -0.00307500      0.03270500      0.00022700      0.95517000     -0.25309800      0.15359300      0.05696300      0.66621700      0.74357800     -0.29052400     -0.70149500      0.65076800      0.00024200     -0.00401000      0.00568700      0.05505500     -0.08212500     -0.05270800      0.46607000      0.09618500      0.03640300     -0.04430800      0.65924300     -0.23176800     -0.71531900      0.52782200      0.82017900      0.22070200      0.53553800     -0.52305700      0.66302900      0.00000300     -0.00018300     -0.00015400      0.00046900     -0.00014500     -0.00043500      0.18874500
     0.19417400     -0.00829400      0.34755900     -0.48916300      0.20817900     -0.84701000     -0.62253600     -0.76347900      0.17181500     -0.61030400      0.61107800      0.50412200      0.00000000     -0.00000000     -0.00000000      0.00000000      0.00000000      0.00000000      0.28856900     -0.26420200     -0.02267000      0.34181000     -0.88853700      0.43105500      0.15711500     -0.19519800     -0.66487600      0.72095200      0.41634700      0.60937000      0.67467400     -0.00004500     -0.00982900      0.00962200     -0.00132400     -0.00432600     -0.02872800      0.48355500     -0.00300600      0.03263800      0.00029800      0.95266600     -0.26362900      0.15141300      0.06882700      0.67213600      0.73722100     -0.29612300     -0.69190400      0.65846700      0.00000000     -0.00482400      0.00489100     -0.06319800      0.00832000     -0.02625900      0.46672300      0.09618000      0.03640200     -0.04430900      0.65840700     -0.23230300     -0.71591500      0.52846200      0.81997100      0.21994400      0.53593600     -0.52314700      0.66263700     -0.00024500      0.00536800     -0.00435300      0.04214700     -0.10517900      0.19409800      0.18613200
     0.19417400     -0.00830100      0.34755300     -0.48880600      0.20834000     -0.84717600     -0.62271100     -0.76340900      0.17149100     -0.61041200      0.61111000      0.50395200      0.00000300     -0.00022700     -0.00018800      0.00000000      0.00000000      0.00000000      0.28817700     -0.26420300     -0.02280900      0.34194800     -0.88149200      0.44524500      0.15722900     -0.20668400     -0.66300200      0.71947400      0.42569200      0.60114300      0.67622200     -0.00011500     -0.01006400      0.00939400      0.84718900      3.98412400      3.71644600      0.48599500     -0.00300700      0.03257300      0.00036400      0.94994900     -0.27332100      0.15129600      0.07635900      0.67275600      0.73591300     -0.30292600     -0.68752700      0.65995500     -0.00002700     -0.00491200      0.00480400     -0.05933900      0.01733000     -0.01837300      0.46917300      0.09618000      0.03639900     -0.04431100      0.65810200     -0.23249800     -0.71613200      0.52869400      0.81989500      0.21966700      0.53608200     -0.52317900      0.66249400      0.00000400     -0.00017300     -0.00014700      0.00026400     -0.00008100     -0.00024100      0.18515300
     0.19417400     -0.00828700      0.34756400     -0.48814400      0.20863800     -0.84748500     -0.62303500     -0.76327900      0.17089200     -0.61061200      0.61117000      0.50363700     -0.00000100      0.00004500      0.00003800      0.00000000      0.00000000      0.00000000      0.28822100     -0.26422600     -0.02322700      0.34229000     -0.87054000      0.46560100      0.15926900     -0.22021000     -0.65784300      0.72019800      0.44119100      0.59129200      0.67497300     -0.00031300     -0.01073200      0.00874600     -0.04754200      0.10973700     -0.19044900      0.48749400     -0.00301800      0.03236000      0.00053900      0.94124900     -0.30128500      0.15256700      0.09481100      0.66934600      0.73687500     -0.32413000     -0.67911800      0.65858700     -0.00017100     -0.00538800      0.00433900     -0.03577200      0.01887000     -0.01403400      0.47260200      0.09618000      0.03640600     -0.04430600      0.65753600     -0.23286100     -0.71653400      0.52912700      0.81975300      0.21915500      0.53634800     -0.52324000      0.66223000     -0.00000000      0.00001900      0.00001600      0.00017900     -0.00006300     -0.00016600      0.18400900
     0.19417400     -0.00829400      0.34755900     -0.48766200      0.20885600     -0.84770900     -0.62327000     -0.76318400      0.17045600     -0.61075800      0.61121400      0.50340800      0.00000500     -0.00036900     -0.00030600      0.00000000      0.00000000      0.00000000      0.28801700     -0.26421200     -0.02381900      0.34276500     -0.86190900      0.48034100      0.16241100     -0.22864900     -0.65388300      0.72117400      0.45368800      0.58383600      0.67317700      0.01402100     -0.01310200      0.00642400     -0.00942400      0.10851900      0.11429300      0.49092000     -0.00301100      0.03206100      0.00077900      0.93543400     -0.31747600      0.15547200      0.10374300      0.66699100      0.73780600     -0.33793400     -0.67404000      0.65686200      0.00699700     -0.00656500      0.00319100     -0.00822000      0.11088100      0.11595100      0.47521400      0.09618000      0.03640300     -0.04430800      0.65712300     -0.23312600     -0.71682600      0.52944400      0.81964800      0.21878100      0.53654200     -0.52328600      0.66203700      0.00000600     -0.00024700     -0.00020700      0.00012600     -0.00003300     -0.00012500      0.18352000
     0.19418400     -0.00829400      0.34755800     -0.48739100      0.20897900     -0.84783400     -0.62340300     -0.76313100      0.17021000     -0.61083900      0.61123800      0.50327900      0.00000000     -0.00000500     -0.00000400      0.00000000      0.00000000      0.00000000      0.28788100     -0.26415900     -0.02415000      0.34300300     -0.85604000      0.49016400      0.16408900     -0.23465900     -0.65117800      0.72169000      0.46167100      0.57866300      0.67221400      0.01397400     -0.01328200      0.00625000     -0.03146100      0.01057400      0.02285900      0.49133000     -0.00298900      0.03190800      0.00089000      0.93146000     -0.32829400      0.15685600      0.11022700      0.66547000      0.73824000     -0.34674300     -0.67035100      0.65604600     -0.00025900     -0.00568000      0.00406000     -0.02185200      0.21890500     -0.08933800      0.47750100      0.09618500      0.03640200     -0.04430900      0.65689100     -0.23327700     -0.71699100      0.52962200      0.81958900      0.21857100      0.53665000     -0.52331200      0.66192900      0.00000200      0.00000100     -0.00000100      0.00011600     -0.00002700     -0.00008800      0.18319300
     0.19418400     -0.00829400      0.34755800     -0.49073500      0.20536800     -0.84678700     -0.61851800     -0.76659100      0.17246700     -0.61311700      0.60813000      0.50427400     -0.00001600      0.00115000      0.00095500      0.00000100     -0.00000000     -0.00000000      0.28804800     -0.26393800     -0.02478300      0.34330800     -0.84284400      0.51174100      0.16651600     -0.25147800     -0.64790700      0.71896400      0.47686700      0.56344400      0.67453100     -0.00134600     -0.01423800      0.00533300      0.11622100     -0.06448700     -0.10116100      0.49174000     -0.00287200      0.03158800      0.00105300      0.92225900     -0.35248600      0.15871100      0.12761800      0.66516800      0.73570600     -0.36489600     -0.65825800      0.65844200      0.00660700     -0.00791500      0.00186700      0.17591200     -0.02678500     -0.23705600      0.47929700      0.09618500      0.03639900     -0.04431200      0.65974300     -0.22933800     -0.71564000      0.52416100      0.82283600      0.21953000      0.53850900     -0.51994500      0.66307100     -0.00001000      0.00068500      0.00056800     -0.00012300     -0.01440200      0.02464900      0.18319300
     0.19420500     -0.00829300      0.34755800     -0.49057000      0.20544500     -0.84686400     -0.61860000     -0.76655900      0.17231500     -0.61316700      0.60814400      0.50419600     -0.00000000      0.00000000      0.00000000      0.00000000     -0.00000000     -0.00000000      0.28803700     -0.26359700     -0.02538700      0.34332300     -0.81491300      0.55255200      0.17490800     -0.28538900     -0.64505500      0.70879500      0.50549300      0.52698500      0.68310100      0.01243500     -0.00890500     -0.00872800      0.63879200      0.01610700      0.12763800      0.48762000     -0.00270700      0.03128400      0.00106700      0.90193500     -0.39857200      0.16628900      0.16121800      0.66794400      0.72653900     -0.40065000     -0.62848200      0.66670000      0.00609400     -0.00972700      0.00008800      0.85366900      0.81784900      0.89021800      0.47750000      0.09619500      0.03640300     -0.04430900      0.65960000     -0.22942800     -0.71574400      0.52427800      0.82279400      0.21941000      0.53857100     -0.51997200      0.66299900     -0.00000000     -0.00000200      0.00000100      0.00597900     -0.09499000      0.17465700      0.18303000
     0.19422600     -0.00830600      0.34754600     -0.49019000      0.20562000     -0.84704100     -0.61878800     -0.76648500      0.17197000     -0.61328100      0.60817800      0.50401700      0.00000300     -0.00019300     -0.00016000      0.00000000      0.00000000      0.00000000      0.28818700     -0.26319300     -0.02601200      0.34301300     -0.79071700      0.58133400      0.19185700     -0.31430800     -0.65430300      0.68777300      0.52634900      0.48279200      0.69980900      0.01131600     -0.01279700     -0.01258200      0.68138700      0.08945100      0.13886300      0.47468800     -0.00250900      0.03097900      0.00091900      0.88413700     -0.43038400      0.18185300      0.18762600      0.68350600      0.70541800     -0.42789900     -0.58956600      0.68506500      0.00553500     -0.01248200     -0.00257300      2.28242600      5.14003300      1.75093900      0.46688700      0.09620600      0.03639600     -0.04431500      0.65938100     -0.22957600     -0.71589800      0.52445300      0.82273600      0.21921200      0.53867000     -0.52000000      0.66289800      0.00000300     -0.00014100     -0.00011900     -0.00003700      0.00002200      0.00004300      0.18319300
     0.19425700     -0.00830400      0.34753400     -0.49000800      0.20570700     -0.84712500     -0.61886200     -0.76646500      0.17179000     -0.61335100      0.60817300      0.50393600      0.01395200      0.00022800     -0.00041600      0.00098400     -0.01471500      0.02955300      0.28823500     -0.26295900     -0.02633000      0.34277200     -0.78841200      0.58264400      0.19729300     -0.32237300     -0.66434800      0.67427800      0.52492300      0.46726600      0.71132400      0.01093500     -0.01415200     -0.01394700      0.66306400     -0.46714200      0.06769300      0.46767000     -0.00239200      0.03082000      0.00079800      0.88126300     -0.43361200      0.18802800      0.19434000      0.69510700      0.69213900     -0.43081900     -0.57341600      0.69684100      0.00544100     -0.00714500     -0.00705800      0.98057900      0.37552900     -0.42993900      0.45855900      0.09621600      0.03639700     -0.04432200      0.65913500     -0.22974100     -0.71607100      0.52463300      0.82268500      0.21897200      0.53879500     -0.52000700      0.66279000      0.00000400     -0.00013800     -0.00011600     -0.00003100      0.00002300      0.00003200      0.18368300
     0.19432100     -0.00831000      0.34753900     -0.48952500      0.20593300     -0.84735000     -0.61911800     -0.76635500      0.17136100     -0.61348000      0.60823600      0.50370400      0.00000000     -0.00000000     -0.00000000      0.00000000      0.00000000      0.00000000      0.28832100     -0.26249900     -0.02696600      0.34237600     -0.79157300      0.57768600      0.19920700     -0.33726000     -0.68470900      0.64603700      0.51059800      0.44346600      0.73654000      0.01147800     -0.02218400     -0.00258100      0.73445200     -0.60882700      0.05625000      0.45161600     -0.00216400      0.03049700      0.00058800      0.88333700     -0.42826600      0.19053000      0.20492400      0.71841200      0.66474700     -0.42156800     -0.54815200      0.72236300      0.00566600     -0.01133200     -0.00153800      0.97076700     -0.86835800      0.12837900      0.43880100      0.09625300      0.03639400     -0.04431900      0.65870200     -0.23003300     -0.71637600      0.52498900      0.82255800      0.21859500      0.53897700     -0.52007900      0.66258600     -0.00000100      0.00000700      0.00000600     -0.00003500     -0.00000200      0.00002300      0.18384600
     0.19439400     -0.00830800      0.34753800     -0.48925600      0.20606200     -0.84747400     -0.61925200     -0.76630200      0.17111400     -0.61355900      0.60825900      0.50358000      0.00000000     -0.00000000     -0.00000000      0.00000000      0.00000000      0.00000000      0.28768700     -0.26219700     -0.02755300      0.34239000     -0.79504400      0.57372600      0.19681200     -0.35126700     -0.69989100      0.62185000      0.49551600      0.42453700      0.75769100     -0.00101100     -0.01324800      0.00626500      0.71006900     -0.55659800      0.05869200      0.44572700     -0.00201200      0.03019400      0.00057800      0.88617800     -0.42332100      0.18838000      0.21553200      0.73651400      0.64116400     -0.41016300     -0.52758400      0.74392200     -0.00036100     -0.00612300      0.00361900      0.36833300     -0.28365100      0.19483100      0.42263500      0.09629000      0.03639500     -0.04432000      0.65847200     -0.23019200     -0.71653700      0.52517300      0.82249700      0.21838300      0.53908000     -0.52010500      0.66248200     -0.00000300      0.00000300      0.00000400     -0.00001700     -0.00000600      0.00003500      0.18400900
