     0.21681700     -0.02346100      0.38030600     -0.59949400      0.39607700     -0.69554000     -0.70250300     -0.67679800      0.22001400     -0.38285800      0.62002000      0.68485100      0.00059700     -0.00760100     -0.00571500     -0.00588000      0.08985100     -0.20915400      0.52003000     -0.24480800     -0.02448700      0.34592000     -0.94093000      0.03402300      0.33687500      0.17809100     -0.79619400      0.57818100      0.28906800      0.60397400      0.74264300      0.00016200      0.00069200      0.00064700      0.00806200     -0.00697400     -0.00421600      0.53617300      0.00649000      0.03169600      0.00155600      0.95868600      0.18467900      0.21636300     -0.27468500      0.79870800      0.53536200     -0.07394100     -0.57267600      0.81643900     -0.00020900     -0.00089500     -0.00083900      0.00006900      0.00021400     -0.00017800      0.51930300      0.10719200      0.02851700     -0.02778200      0.75535600     -0.35306000     -0.55207300      0.56950100      0.77045000      0.28648600      0.32419800     -0.53080600      0.78303200      0.00031500     -0.00399300     -0.00299400     -0.00662300      0.09009500     -0.20844700      0.48658700
     0.21655200     -0.02382000      0.38006400     -0.60160200      0.39712300     -0.69311900     -0.70081800     -0.67877100      0.21930700     -0.38263500      0.61718900      0.68752800      0.00057900     -0.00745900     -0.00562600      0.00104000      0.00284900      0.00120800      0.52039000     -0.24474200     -0.02430500      0.34601800     -0.94268600      0.03969400      0.33129900      0.16838900     -0.80032800      0.57537300      0.28916800      0.59812800      0.74732000      0.01569100      0.00410700      0.00350600      0.12042700     -0.50166900      0.86812800      0.53605700      0.00649000      0.03169600      0.00155600      0.95868600      0.18467900      0.21636300     -0.27468500      0.79870800      0.53536200     -0.07394100     -0.57267600      0.81643900     -0.00020900     -0.00089500     -0.00083900      0.00006900      0.00021400     -0.00017800      0.51930300      0.10705900      0.02833400     -0.02790600      0.75709600     -0.35385100     -0.54917600      0.56779700      0.77217000      0.28523400      0.32312700     -0.52777000      0.78552300     -0.00661300     -0.00500600     -0.00340300     -0.01459400      0.01671700     -0.05932300      0.51010100
     0.21645800     -0.02396100      0.37995100     -0.60130000      0.39728100     -0.69329100     -0.70102000     -0.67865100      0.21903500     -0.38274200      0.61722000      0.68744200     -0.01342200     -0.00768600     -0.00507100     -0.00171500      0.02612800     -0.05600700      0.51940800     -0.24461300     -0.02416100      0.34612300     -0.94430400      0.04421400      0.32607700      0.16043700     -0.80304500      0.57385800      0.28841100      0.59415000      0.75077800      0.01602300      0.00557200      0.00486500      0.13342300     -0.80311700      1.58826400      0.52845200      0.00649000      0.03169600      0.00155600      0.95868600      0.18467900      0.21636300     -0.27468500      0.79870800      0.53536200     -0.07394100     -0.57267600      0.81643900     -0.00020900     -0.00089500     -0.00083900      0.00006900      0.00021400     -0.00017800      0.51930300      0.10701300      0.02825900     -0.02796600      0.75683500     -0.35397700     -0.54945400      0.56807000      0.77201100      0.28512100      0.32325900     -0.52791900      0.78536900     -0.00671400     -0.00377300     -0.00247700     -0.00375800      0.02432100     -0.05643900      0.51222400
     0.21623600     -0.02408300      0.37988300     -0.60068400      0.39760000     -0.69364200     -0.70145900     -0.67835700      0.21853800     -0.38290500      0.61733600      0.68724600     -0.01391000     -0.00143300     -0.00035000     -0.00098400      0.01471500     -0.02955300      0.51725700     -0.24447500     -0.02429800      0.34610300     -0.95202700     -0.00241800      0.30599100      0.18449600     -0.80200100      0.56805800      0.24522600      0.59725900      0.76355100     -0.00204900     -0.00880400     -0.00822400      0.24810300     -0.88413100      1.41004300      0.47807000      0.00649000      0.03169600      0.00155600      0.95868600      0.18467900      0.21636300     -0.27468500      0.79870800      0.53536200     -0.07394100     -0.57267600      0.81643900     -0.00020900     -0.00089500     -0.00083900      0.00006900      0.00021400     -0.00017800      0.51930300      0.10690800      0.02819200     -0.02800500      0.75631000     -0.35439300     -0.54990800      0.56864600      0.77173100      0.28473300      0.32347300     -0.52804900      0.78519200      0.00000200      0.00000800      0.00000900     -0.00010500      0.00002700      0.00014700      0.51140700
     0.21610400     -0.02401600      0.37995400     -0.59953300      0.40060800     -0.69290500     -0.70270900     -0.67786900      0.21602400     -0.38241900      0.61592300      0.68878300     -0.00025600      0.00335400      0.00253300      0.00137500     -0.00961400      0.02720700      0.51692600     -0.24450200     -0.02485300      0.34551100     -0.96635600     -0.05163100      0.25195600      0.18816800     -0.80935200      0.55630500      0.17641300      0.58506000      0.79148400     -0.00333600     -0.00386000     -0.02247900      0.86835100     -1.24675700      0.96915700      0.41019100      0.00649000      0.03169600      0.00155600      0.95868600      0.18467900      0.21636300     -0.27468500      0.79870800      0.53536200     -0.07394100     -0.57267600      0.81643900     -0.00020900     -0.00089500     -0.00083900      0.00006900      0.00021400     -0.00017800      0.51930300      0.10683700      0.02822400     -0.02797000      0.75554800     -0.35749100     -0.54894900      0.57025000      0.77135300      0.28253800      0.32242900     -0.52651000      0.78665400     -0.00011700      0.00155600      0.00118000     -0.00821200     -0.01151600     -0.00057700      0.51075400
     0.21607900     -0.02396100      0.37998400     -0.59872600      0.40099600     -0.69337900     -0.70324700     -0.67752700      0.21534100     -0.38269400      0.61604600      0.68852000     -0.00016400      0.00214900      0.00162200      0.00001100      0.00003000      0.00001300      0.51716700     -0.24458000     -0.02497400      0.34527000     -0.96876100     -0.07075800      0.23767000      0.19333600     -0.81525200      0.54582100      0.15635800      0.57480600      0.80312800     -0.01649400      0.00302800     -0.01569200      0.65956300     -0.21042200      0.53364300      0.40287300      0.00649000      0.03169600      0.00155600      0.95868600      0.18467900      0.21636300     -0.27468500      0.79870800      0.53536200     -0.07394100     -0.57267600      0.81643900     -0.00020900     -0.00089500     -0.00083900      0.00006900      0.00021400     -0.00017800      0.51930300      0.10682400      0.02825800     -0.02795000      0.75474800     -0.35802100     -0.54970500      0.57106900      0.77095900      0.28195800      0.32285300     -0.52672700      0.78633500     -0.00010500      0.00137300      0.00103800     -0.00123500     -0.00210700     -0.00036900      0.51042700
     0.21607900     -0.02396100      0.37998400     -0.59872600      0.40099600     -0.69337900     -0.70324700     -0.67752700      0.21534100     -0.38269400      0.61604600      0.68852000     -0.00016400      0.00214900      0.00162200      0.00001100      0.00003000      0.00001300      0.51716700     -0.24458000     -0.02497400      0.34527000     -0.96876100     -0.07075800      0.23767000      0.19333600     -0.81525200      0.54582100      0.15635800      0.57480600      0.80312800     -0.01649400      0.00302800     -0.01569200      0.65956300     -0.21042200      0.53364300      0.40287300      0.00649000      0.03169600      0.00155600      0.95868600      0.18467900      0.21636300     -0.27468500      0.79870800      0.53536200     -0.07394100     -0.57267600      0.81643900     -0.00020900     -0.00089500     -0.00083900      0.00006900      0.00021400     -0.00017800      0.51930300      0.10682400      0.02825800     -0.02795000      0.75474800     -0.35802100     -0.54970500      0.57106900      0.77095900      0.28195800      0.32285300     -0.52672700      0.78633500     -0.00010500      0.00137300      0.00103800     -0.00123500     -0.00210700     -0.00036900      0.51042700
     0.21607900     -0.02396100      0.37998400     -0.59872600      0.40099600     -0.69337900     -0.70324700     -0.67752700      0.21534100     -0.38269400      0.61604600      0.68852000     -0.00016400      0.00214900      0.00162200      0.00001100      0.00003000      0.00001300      0.51716700     -0.24458000     -0.02497400      0.34527000     -0.96876100     -0.07075800      0.23767000      0.19333600     -0.81525200      0.54582100      0.15635800      0.57480600      0.80312800     -0.01649400      0.00302800     -0.01569200      0.65956300     -0.21042200      0.53364300      0.40287300      0.00649000      0.03169600      0.00155600      0.95868600      0.18467900      0.21636300     -0.27468500      0.79870800      0.53536200     -0.07394100     -0.57267600      0.81643900     -0.00020900     -0.00089500     -0.00083900      0.00006900      0.00021400     -0.00017800      0.51930300      0.10682400      0.02825800     -0.02795000      0.75474800     -0.35802100     -0.54970500      0.57106900      0.77095900      0.28195800      0.32285300     -0.52672700      0.78633500     -0.00010500      0.00137300      0.00103800     -0.00123500     -0.00210700     -0.00036900      0.51042700
     0.21613400     -0.02385800      0.38005800     -0.59514900      0.40268400     -0.69547700     -0.70565600     -0.67594700      0.21240700     -0.38384000      0.61667800      0.68731500      0.00002500     -0.00032500     -0.00024500      0.00000000      0.00000000      0.00000000      0.51625100     -0.24497900     -0.02584300      0.34378300     -0.97262800     -0.00468500      0.23230000      0.12491900     -0.85321300      0.50631700      0.19705300      0.52148200      0.83011400     -0.00492500     -0.00003700     -0.03802600      0.05224300      0.18010900     -0.36930100      0.39763900      0.00650600      0.03163100      0.00071300      0.95792500      0.17262900      0.22929900     -0.27143000      0.80455100      0.52822500     -0.09329600     -0.56823900      0.81755700     -0.00235800      0.00597000     -0.02350000      0.10550000      0.23988300     -0.27285300      0.50085100      0.10685100      0.02831300     -0.02791100      0.75181900     -0.36023000     -0.55226800      0.57412000      0.76954700      0.27961100      0.32427300     -0.52728500      0.78537600      0.00001500     -0.00019800     -0.00015200      0.00004900     -0.00001900     -0.00007500      0.51026400
     0.21612400     -0.02385900      0.38005800     -0.59469200      0.40290100     -0.69574300     -0.70596300     -0.67574500      0.21203100     -0.38398400      0.61675800      0.68716300      0.00000000     -0.00000400     -0.00000300      0.00000000      0.00000000      0.00000000      0.51610200     -0.24501800     -0.02545400      0.34209700     -0.97052800     -0.00694800      0.24087000      0.13163100     -0.85223100      0.50627000      0.20297900      0.52306300      0.82768800     -0.00402000      0.02475100     -0.05247800     -0.12826900      0.09896500      0.13440100      0.37969100      0.00649400      0.03178700      0.00022400      0.95768700      0.16979800      0.23238300     -0.27104300      0.80364300      0.52980300     -0.09679400     -0.57037200      0.81566200     -0.00227100      0.01138200     -0.02756100     -0.27576500      0.33213500      0.00901200      0.48060300      0.10684600      0.02831200     -0.02791100      0.75144500     -0.36051600     -0.55259200      0.57450900      0.76936600      0.27930900      0.32445100     -0.52735400      0.78525600     -0.00696500     -0.00052600     -0.00003200     -0.00092400      0.01471400     -0.02961400      0.51042700
     0.21612300     -0.02385200      0.38006300     -0.59371900      0.40335800     -0.69630800     -0.70661400     -0.67531400      0.21123300     -0.38429200      0.61692900      0.68683700     -0.00000700      0.00008900      0.00006700      0.00000000      0.00000000      0.00000000      0.51591700     -0.24516600     -0.02416400      0.33990400     -0.97112400     -0.00053100      0.23855600      0.12665100     -0.84824900      0.51416500      0.20330300      0.52953100      0.82348500     -0.01768400      0.04013200     -0.05649100     -0.20166300      0.25002900     -0.04189200      0.38188200      0.00642300      0.03242000     -0.00088600      0.95989000      0.16066900      0.22977100     -0.26284100      0.80092200      0.53799300     -0.09759000     -0.57680800      0.81102800     -0.00153700      0.01953900     -0.02900700     -0.30560900      0.22694900      0.24758100      0.46117100      0.10684500      0.02831500     -0.02790900      0.75064800     -0.36112000     -0.55327900      0.57533600      0.76898100      0.27866600      0.32483000     -0.52750200      0.78500000     -0.00000400      0.00004800      0.00003600      0.00005100     -0.00001700     -0.00004600      0.50993700
     0.21613300     -0.02384400      0.38006800     -0.59296400      0.40371200     -0.69674600     -0.70711700     -0.67498100      0.21061400     -0.38453200      0.61706300      0.68658300     -0.00000000      0.00000500      0.00000400      0.00000000      0.00000000      0.00000000      0.51444300     -0.24530600     -0.02239600      0.33761500     -0.97563100      0.01037700      0.21915200      0.11030000     -0.83991300      0.53133300      0.19081000      0.54254200      0.81798800     -0.01652700      0.05535400     -0.06084500     -1.03220100     -1.90686500      1.85467800      0.40241500      0.00635100      0.03329400     -0.00203500      0.96554700      0.14996600      0.21266900     -0.24545700      0.79626600      0.55291100     -0.08642400     -0.58606200      0.80564300     -0.00107300      0.02143300     -0.02708600     -0.51318200      0.35810000      0.35050500      0.46117100      0.10685000      0.02831900     -0.02790600      0.75003000     -0.36158700     -0.55381300      0.57597500      0.76868300      0.27816800      0.32512500     -0.52761700      0.78480000      0.00000100     -0.00000800     -0.00000500      0.00004500     -0.00000100     -0.00003500      0.50879400
     0.21613300     -0.02384400      0.38006800     -0.59272500      0.40382400     -0.69688400     -0.70727600     -0.67487500      0.21041800     -0.38460700      0.61710500      0.68650200     -0.00000000      0.00000000      0.00000000      0.00000000      0.00000000      0.00000000      0.51237000     -0.24537400     -0.02143400      0.33649700     -0.97786100      0.01710000      0.20853400      0.10062900     -0.83500900      0.54089500      0.18460800      0.54988000      0.81450200     -0.00171200      0.04492900     -0.05207600     -0.25405800      0.07010500      0.39044100      0.41311000      0.00631100      0.03376200     -0.00257900      0.96944600      0.14278400      0.19946600     -0.23275600      0.79215300      0.56419500     -0.07744900     -0.59338400      0.80118400     -0.00080700      0.02253300     -0.02599100     -0.52255300      0.26264300      0.34326100      0.46705000      0.10685000      0.02831900     -0.02790600      0.74983400     -0.36173500     -0.55398100      0.57617800      0.76858800      0.27801100      0.32521800     -0.52765400      0.78473700      0.00000400     -0.00000900     -0.00000700      0.00005600      0.00002400     -0.00003400      0.50732500
     0.21612300     -0.02384500      0.38006800     -0.59226700      0.40404000     -0.69714900     -0.70758200     -0.67467100      0.21004100     -0.38475100      0.61718500      0.68634900     -0.00000000      0.00000000      0.00000000      0.00000000      0.00000000      0.00000000      0.51077300     -0.24553000     -0.01968400      0.33453800     -0.98156400      0.03676700      0.18754200      0.07736900     -0.82045500      0.56639400      0.17593000      0.57041200      0.80221100     -0.00159700      0.03495700     -0.04258600     -0.60427400      0.18092600      0.52006100      0.44457900      0.00623400      0.03466100     -0.00357800      0.97624000      0.12377900      0.17785700     -0.20633600      0.78169400      0.58854000     -0.06618100     -0.61125500      0.78866100     -0.00070400      0.02295700     -0.02554000     -0.88916300      0.15148300      0.72365200      0.48893100      0.10684500      0.02831900     -0.02790600      0.74945800     -0.36202000     -0.55430400      0.57656700      0.76840600      0.27770700      0.32539500     -0.52772300      0.78461700      0.00000600     -0.00000500     -0.00000600      0.00004400      0.00002800     -0.00004000      0.50503900
     0.21612300     -0.02384500      0.38006800     -0.59166800      0.40432100     -0.69749500     -0.70798000     -0.67440600      0.20955000     -0.38494000      0.61729100      0.68614900     -0.00000000      0.00000000      0.00000000      0.00000000      0.00000000      0.00000000      0.51003000     -0.24557000     -0.01814500      0.33287800     -0.98129000      0.05807800      0.18354500      0.06237200     -0.80566700      0.58901900      0.18332100      0.58936900      0.78670300     -0.00110900      0.02657300     -0.03156500     -0.50522300      0.18176300      0.41288200      0.48028700      0.00621400      0.03543400     -0.00441300      0.97958600      0.10144800      0.17354600     -0.18792900      0.76863900      0.61145300     -0.07136400     -0.63158600      0.77201400     -0.00039000      0.01905800     -0.01973100     -0.60353500      0.24146500      0.48368500      0.52077300      0.10684500      0.02831900     -0.02790600      0.74896700     -0.36239100     -0.55472500      0.57707400      0.76816800      0.27731200      0.32562700     -0.52781500      0.78446000      0.00000600     -0.00000500     -0.00000400      0.00005600      0.00002700     -0.00003000      0.50340600
     0.21613300     -0.02384400      0.38006800     -0.59128900      0.40449700     -0.69771400     -0.70823200     -0.67423900      0.20923900     -0.38506000      0.61735800      0.68602100     -0.00000000      0.00000000      0.00000000      0.00000000      0.00000000      0.00000000      0.50824000     -0.24555300     -0.01689400      0.33156900     -0.98016600      0.07961600      0.18145800      0.04958300     -0.78766100      0.61405600      0.19305100      0.61076800      0.76782600     -0.00031400      0.02989400     -0.02828300     -0.61784400      0.21535400      0.47424900      0.51363400      0.00622100      0.03606700     -0.00508200      0.98211800      0.07936400      0.17071300     -0.17133900      0.75253900      0.63586700     -0.07800300     -0.65374700      0.75268100     -0.00009800      0.01509500     -0.01399700     -0.63812400      0.22958800      0.48550400      0.52093600      0.10685000      0.02831900     -0.02790600      0.74865600     -0.36262500     -0.55499200      0.57739400      0.76801800      0.27706200      0.32577400     -0.52787300      0.78435900      0.00000600     -0.00000500     -0.00000200      0.00006300      0.00003800     -0.00003000      0.50210000
     0.21613300     -0.02384400      0.38006800     -0.59105000      0.40460900     -0.69785200     -0.70839100     -0.67413300      0.20904300     -0.38513500      0.61740100      0.68594000     -0.00000000      0.00000000      0.00000000      0.00000000      0.00000000      0.00000000      0.50747300     -0.24556100     -0.01633100      0.33109900     -0.97977700      0.09082500      0.17827000      0.04220400     -0.77675300      0.62833700      0.19677400      0.62303300      0.75695000      0.00019800      0.02162800     -0.01717900     -0.93888800      0.36555900      0.55538400      0.53075100      0.00621700      0.03634700     -0.00531800      0.98355100      0.06876900      0.16702700     -0.16217000      0.74342300      0.64886100     -0.07955000     -0.66527500      0.74234700      0.00017200      0.01104100     -0.00836700     -0.82401300      0.34888400      0.55349200      0.52109900      0.10685000      0.02831900     -0.02790600      0.74845900     -0.36277300     -0.55516000      0.57759700      0.76792300      0.27690300      0.32586700     -0.52791000      0.78429600      0.00000600     -0.00000600     -0.00000300      0.00006000      0.00003900     -0.00003200      0.50079300
     0.21613300     -0.02384400      0.38006800     -0.59081000      0.40472100     -0.69799000     -0.70855000     -0.67402700      0.20884600     -0.38521100      0.61744300      0.68586000     -0.00000000      0.00000000      0.00000000      0.00000000      0.00000000      0.00000000      0.50696000     -0.24554400     -0.01540500      0.33042400     -0.97706900      0.11677400      0.17801800      0.02855300     -0.75634800      0.65349600      0.21218500      0.64343900      0.73541000      0.00031200      0.02209700     -0.01670400     -0.82480300      0.39788200      0.33796800      0.53519900      0.00622700      0.03680700     -0.00564400      0.98518600      0.04242000      0.16615200     -0.14477500      0.72502800      0.67333000     -0.09190200     -0.68741100      0.72043000      0.00012700      0.00566900     -0.00403700     -0.90356000      0.37230300      0.54541600      0.52158900      0.10685000      0.02831900     -0.02790600      0.74826200     -0.36292200     -0.55532800      0.57779900      0.76782700      0.27674500      0.32596000     -0.52794700      0.78423300      0.00000600     -0.00000500     -0.00000200      0.00006500      0.00004300     -0.00003000      0.49948700
     0.21613300     -0.02384400      0.38006800     -0.59045100      0.40488900     -0.69819600     -0.70878800     -0.67386700      0.20855100     -0.38532400      0.61750600      0.68573900     -0.00000000      0.00000000      0.00000000      0.00000000      0.00000000      0.00000000      0.50546600     -0.24550900     -0.01545100      0.33021800     -0.95823900      0.21521600      0.18828900     -0.03179500     -0.73426400      0.67807000      0.28539000      0.64348600      0.71017000      0.01174200     -0.03325800      0.00547900     -0.05087700      4.37095800      4.20690700      0.32296300      0.00624800      0.03680900     -0.00573600      0.98311500     -0.05665000      0.17399300     -0.08222800      0.71267800      0.69665500     -0.16346700     -0.69919900      0.69598600      0.00556100     -0.01713600      0.00241500      0.02663600      4.33764700      4.20603900      0.51914000      0.10685000      0.02831900     -0.02790600      0.74796700     -0.36314400     -0.55558000      0.57810300      0.76768500      0.27650800      0.32609900     -0.52800200      0.78413800      0.00000600     -0.00000500     -0.00000100      0.00006400      0.00004000     -0.00003000      0.49769100
     0.21613300     -0.02384400      0.38006800     -0.59033100      0.40494500     -0.69826500     -0.70886700     -0.67381400      0.20845300     -0.38536100      0.61752700      0.68569900     -0.00000000      0.00000000      0.00000000      0.00000000      0.00000000      0.00000000      0.50541600     -0.24550100     -0.01630200      0.33015800     -0.94765300      0.24332700      0.20672900     -0.03727200     -0.72707800      0.68549500      0.31829700      0.64159100      0.69779100      0.00850200     -0.05733400      0.00094900     -0.62482000      1.06057100     -0.36787600     -0.10962300      0.00625300      0.03642000     -0.00575200      0.97756200     -0.08894800      0.19094700     -0.07340500      0.70581200      0.70458600     -0.19744400     -0.70279300      0.68344500     -0.00302300     -0.02312200     -0.00356900     -0.52358300      2.71980200     -1.46287400      0.34784800      0.10685000      0.02831900     -0.02790600      0.74786900     -0.36321800     -0.55566500      0.57820400      0.76763700      0.27642800      0.32614500     -0.52802000      0.78410600      0.00000600     -0.00000500     -0.00000000      0.00006500      0.00004100     -0.00003000      0.49720100
     0.21613300     -0.02384400      0.38006800     -0.59009100      0.40505700     -0.69840300     -0.70902600     -0.67370800      0.20825600     -0.38543700      0.61757000      0.68561900     -0.00000000      0.00000000      0.00000000      0.00000000      0.00000000      0.00000000      0.50496300     -0.24570000     -0.01867900      0.33007400     -0.90461600      0.32644300      0.27403400     -0.05492800     -0.72666800      0.68474000      0.42379400      0.60395600      0.67490600     -0.00706300     -0.07107100      0.00664100      0.30579000      1.99938800      0.25548900     -1.22857800      0.00615500      0.03521800     -0.00581400      0.94971600     -0.17944500      0.25658700     -0.05667000      0.70743400      0.70450200     -0.30793900     -0.68361900      0.66169300     -0.01085100     -0.03005100     -0.00057300      1.67159900      6.06192600      1.50295600      0.04429100      0.10685000      0.02831900     -0.02790600      0.74767200     -0.36336600     -0.55583300      0.57840600      0.76754100      0.27627000      0.32623800     -0.52805700      0.78404300      0.00000600     -0.00000500     -0.00000100      0.00006300      0.00003800     -0.00003000      0.49622100
     0.21614400     -0.02384300      0.38006900     -0.58983100      0.40517700     -0.69855300     -0.70919800     -0.67359300      0.20804400     -0.38551900      0.61761600      0.68553100     -0.00000000      0.00000000      0.00000000      0.00000000      0.00000000      0.00000000      0.50635400     -0.24625800     -0.02039900      0.33017900     -0.84100500      0.41962600      0.34149000     -0.10367300     -0.74433500      0.65966000      0.53204400      0.51883900      0.66902800     -0.01799100     -0.03366300      0.00533500      1.31243900      3.13521500     -1.87248200     -1.39946500      0.00586800      0.03430400     -0.00578500      0.90263300     -0.28546600      0.32212100     -0.01055600      0.73349700      0.67961000     -0.43028000     -0.61683900      0.65906500     -0.00888000     -0.01645900      0.00300600      1.49035500      3.06845600     -1.87930700     -0.27363600      0.10685500      0.02831900     -0.02790600      0.74745900     -0.36352600     -0.55601500      0.57862500      0.76743800      0.27609800      0.32633900     -0.52809700      0.78397400      0.00000600     -0.00000500      0.00000000      0.00006900      0.00003500     -0.00002500      0.49671100
     0.21614400     -0.02384300      0.38005600     -0.58971600      0.40523200     -0.69861800     -0.70926500     -0.67355800      0.20793000     -0.38557300      0.61761800      0.68549800      0.00000200     -0.00002400     -0.00001800      0.00000000      0.00000000      0.00000000      0.50720000     -0.24647300     -0.02089900      0.33033700     -0.83145300      0.42462800      0.35828600     -0.10838900     -0.75630100      0.64513200      0.54595000      0.49702200      0.67436700     -0.01602800     -0.01507700      0.00453300      0.55573000      0.30765000     -1.31938600     -1.40027800      0.00576500      0.03405400     -0.00571500      0.89415900     -0.29291800      0.33864000     -0.00725500      0.74674000      0.66507400     -0.44768900     -0.59714000      0.66558000     -0.00788800     -0.01214700      0.00736000      0.82455500      0.15378200     -1.14368900     -0.41406600      0.10685600      0.02831900     -0.02791200      0.74736400     -0.36359800     -0.55609500      0.57871400      0.76740600      0.27600000      0.32639800     -0.52809300      0.78395200      0.00000400     -0.00001000     -0.00000500      0.00003700      0.00000300     -0.00002600      0.49703800
     0.21615400     -0.02384200      0.38006900     -0.58957200      0.40529700     -0.69870300     -0.70936900     -0.67347900      0.20783100     -0.38560100      0.61766200      0.68544300     -0.00003400      0.00045000      0.00033900      0.00000000      0.00000000      0.00000000      0.50518900     -0.24711700     -0.02104800      0.33085600     -0.85391100      0.40457100      0.32733900     -0.11766700     -0.76264200      0.63597700      0.50800700      0.50403500      0.69838400     -0.01257900      0.00944600      0.00970700      0.52806400      0.07238200     -1.05371900     -1.39981900      0.00544100      0.03396900     -0.00545900      0.91296800     -0.26806700      0.30761700      0.00065600      0.75487200      0.65587200     -0.40802900     -0.59858800      0.68935000     -0.01345300      0.00077500      0.01073600      0.67052000     -0.10617900     -1.06015800     -0.70717300      0.10686100      0.02831900     -0.02790700      0.74724600     -0.36368400     -0.55619800      0.57884300      0.76733600      0.27592600      0.32644100     -0.52813600      0.78390500     -0.00002100      0.00029900      0.00022700      0.00002200      0.00000200     -0.00003600      0.49671100
     0.21614300     -0.02382900      0.38007900     -0.58943700      0.40536100     -0.69877900     -0.70945900     -0.67341900      0.20772000     -0.38564300      0.61768600      0.68539800     -0.00004800      0.00062900      0.00047400      0.00000000      0.00000000      0.00000000      0.50315400     -0.24768500     -0.02050000      0.33143000     -0.86237400      0.39546600      0.31608200     -0.11900300     -0.76503000      0.63285200      0.49316300      0.50763800      0.70637000     -0.01118400      0.01497200      0.01518500      0.13384300     -0.08428100     -0.06066600     -1.39872400      0.00515500      0.03425700     -0.00515800      0.91978300     -0.25587100      0.29753500      0.00005000      0.75827300      0.65193600     -0.39242400     -0.59962500      0.69746000     -0.00549600      0.00791600      0.00803000      0.10257500     -0.06274600     -0.06870400     -0.96811100      0.10685500      0.02832500     -0.02790100      0.74713500     -0.36376800     -0.55629100      0.57895600      0.76728200      0.27583700      0.32649200     -0.52815600      0.78387000     -0.00003000      0.00040900      0.00030800      0.00001300     -0.00001100     -0.00002500      0.49442500
     0.21613100     -0.02381600      0.38007700     -0.58918600      0.40548000     -0.69892100     -0.70961500     -0.67332300      0.20749500     -0.38573800      0.61771100      0.68532200     -0.00000000      0.00000200      0.00000200      0.00000000      0.00000000      0.00000000      0.50289400     -0.24801600     -0.02002100      0.33197400     -0.86080500      0.40290500      0.31092400     -0.12352400     -0.75790800      0.64050800      0.49479200      0.51243300      0.70175200      0.00211600      0.00855300      0.00851400     -0.48694800      0.19900500      0.40665200     -1.17315200      0.00499700      0.03451000     -0.00488000      0.91982800     -0.26163400      0.29234300      0.00512800      0.75311500      0.65786900     -0.39228800     -0.60362600      0.69407800      0.00103900      0.00423300      0.00422100      0.01354500     -0.09991700      0.20917900     -0.97513200      0.10684900      0.02833400     -0.02790100      0.74693000     -0.36392500     -0.55646500      0.57915900      0.76719600      0.27565000      0.32660200     -0.52817300      0.78381300      0.00000200     -0.00001400     -0.00000900      0.00002400      0.00000400     -0.00001600      0.49360800
     0.21614200     -0.02382200      0.38007200     -0.58894400      0.40559200     -0.69906100     -0.70977400     -0.67321600      0.20729700     -0.38581500      0.61775500      0.68523900      0.00007700     -0.00101300     -0.00076400      0.00000000      0.00000000      0.00000000      0.50317200     -0.24810600     -0.02003400      0.33215100     -0.86015000      0.40510100      0.30988000     -0.12430600     -0.75558700      0.64309400      0.49573600      0.51412200      0.69984800     -0.01374100      0.00451100      0.00469600     -0.10938600     -0.00900200      0.19296200     -1.15365200      0.00495000      0.03451400     -0.00477400      0.91901100     -0.26558000      0.29134800      0.00647500      0.74910100      0.66242300     -0.39417600     -0.60688800      0.69015300     -0.00695700      0.00193200      0.00203100     -0.07631000     -0.01754500      0.19054900     -0.97774500      0.10685500      0.02833200     -0.02790300      0.74673000     -0.36407300     -0.55663500      0.57936300      0.76710000      0.27549000      0.32669700     -0.52821100      0.78374800      0.00004900     -0.00059100     -0.00044600      0.00004000      0.00002500     -0.00000800      0.49344500
     0.21618400     -0.02382500      0.38004200     -0.58876900      0.40567200     -0.69916200     -0.70986900     -0.67317200      0.20711800     -0.38590800      0.61775000      0.68519100      0.00002400     -0.00030700     -0.00023200      0.00000000      0.00000000      0.00000000      0.50461700     -0.24815700     -0.02032800      0.33228100     -0.85735800      0.40470200      0.31803300     -0.11862600     -0.75644600      0.64315700      0.50193400      0.51317400      0.69611600     -0.00069100     -0.00278800     -0.00277500     -0.00187200      0.01429500     -0.02495500     -1.17707900      0.00492400      0.03437100     -0.00471200      0.91626700     -0.26599000      0.29950600      0.00100500      0.74922800      0.66231100     -0.40056600     -0.60655200      0.68676000     -0.00034000     -0.00135700     -0.00134800     -0.00253200      0.09039700     -0.17023000     -0.96533500      0.10687600      0.02832800     -0.02792000      0.74658700     -0.36417900     -0.55675800      0.57949200      0.76705900      0.27533400      0.32679600     -0.52819800      0.78371500      0.00001700     -0.00018300     -0.00013700      0.00002900      0.00001800     -0.00000800      0.49409800
     0.21624600     -0.02379500      0.37993200     -0.58839700      0.40585300     -0.69936900     -0.71001500     -0.67316700      0.20663000     -0.38620600      0.61763600      0.68512700     -0.00056800      0.00798900     -0.01107800      0.03557500     -0.00659000      0.02150000      0.48505000     -0.24810600     -0.02050000      0.33222500     -0.85410500      0.40248300      0.32939700     -0.11199000     -0.76064700      0.63938100      0.50896300      0.50869800      0.69429600     -0.00099100     -0.00400200     -0.00398700      0.00008400      0.00042000     -0.00042600     -1.24750400      0.00494900      0.03427700     -0.00474100      0.91283600     -0.26457300      0.31101500     -0.00632600      0.75243000      0.65864100     -0.40827600     -0.60319900      0.68517200      0.00659600     -0.00338600     -0.00347700      0.01051300     -0.10425100      0.18261200     -0.96745800      0.10690700      0.02834200     -0.02796800      0.74629300     -0.36440700     -0.55700400      0.57971900      0.76704000      0.27490900      0.32706600     -0.52806800      0.78369000      0.00009800     -0.00122700     -0.00092600      0.00004100      0.00003000     -0.00000100      0.48593400
     0.21633900     -0.02376800      0.37975500     -0.58764200      0.40621800     -0.69979300     -0.71036400     -0.67307400      0.20573500     -0.38671400      0.61749800      0.68496400     -0.00032000      0.00475900     -0.01351700      0.03557500     -0.00659100      0.02150000      0.43754000     -0.24807100     -0.02063400      0.33201800     -0.85638500      0.39714800      0.32995600     -0.10705800     -0.76156600      0.63913300      0.50618400      0.51151300      0.69425900     -0.00236600     -0.00955200     -0.00953400     -0.00162300      0.01413600     -0.02505900     -1.25131400      0.00496400      0.03422300     -0.00483100      0.91425100     -0.25895700      0.31158500     -0.01128100      0.75249700      0.65849800     -0.40498900     -0.60554800      0.68505000     -0.00114900     -0.00464500     -0.00463800     -0.00165900      0.01303600     -0.02418900     -0.96729500      0.10695300      0.02836100     -0.02805300      0.74567200     -0.36488400     -0.55752200      0.58022900      0.76694500      0.27409600      0.32757600     -0.52787700      0.78360600      0.00686200      0.00223500     -0.00723500      0.03584000     -0.00991700      0.02458900      0.45637800
     0.21668600     -0.02372100      0.37891200     -0.58023500      0.41436300     -0.70119600     -0.71928600     -0.66454800      0.20242200     -0.38138700      0.62129500      0.68451700      0.01373300      0.00512200     -0.03113400      0.07496100     -0.08373200      0.20297700      0.21143900     -0.24825400     -0.02108900      0.33144600     -0.86280000      0.38053400      0.33281000     -0.09111100     -0.76442800      0.63818600      0.49833900      0.51981900      0.69376400     -0.01843000     -0.01419200     -0.01404600     -0.17082400     -0.27393800     -0.42442700     -1.29461200      0.00488200      0.03399200     -0.00512100      0.91778100     -0.24205400      0.31478100     -0.02708700      0.75271700      0.65778500     -0.39616100     -0.61222900      0.68427300     -0.00204200     -0.00826000     -0.00827300     -0.56431900     -1.03788600     -1.21391700     -0.96696800      0.10711500      0.02839100     -0.02845000      0.73973200     -0.37387400     -0.55947500      0.59044300      0.75944200      0.27317200      0.32275700     -0.53241300      0.78253600     -0.00003600      0.00130100     -0.01615700      0.06329000      0.01394100      0.00063800      0.26042900
     0.21700600     -0.02355900      0.37747300     -0.57858900      0.41281200     -0.70346800     -0.71874600     -0.66574200      0.20040700     -0.38488400      0.62105200      0.68277800      0.01341000      0.01028300     -0.04444700      0.10570300     -0.01311200      0.04054000      0.03678800     -0.24885700     -0.02137900      0.33078100     -0.87711800      0.34957900      0.32931800     -0.06559300     -0.76629200      0.63908400      0.47686100      0.53850500      0.69460700     -0.03194600     -0.00833100     -0.00805000     -0.02053700      0.01553400     -0.11421200     -1.26596800      0.00458200      0.03383000     -0.00547000      0.92693000     -0.20858700      0.31191600     -0.05292500      0.75027200      0.65900600     -0.37148200     -0.62736100      0.68441000     -0.00870000      0.00018600     -0.00948400     -0.01658200     -0.06252600     -0.17365900     -0.97088700      0.10728100      0.02846700     -0.02918000      0.73822000     -0.37266200     -0.56227400      0.59022600      0.76041100      0.27093700      0.32659200     -0.53188000      0.78130600     -0.00022200      0.00419300     -0.02257600      0.11179200      0.02517900     -0.01400500     -0.04329100
