     0.22606100     -0.01770700      0.39134900     -0.27081000      0.48201700     -0.83328700     -0.75548300     -0.64284000     -0.12639100     -0.59626400      0.59470400      0.53928100      0.00000000     -0.00000000     -0.00000000      0.00000000      0.00000000      0.00000000     -0.52961500     -0.25438000     -0.03635600      0.36676300     -0.73966000     -0.52127400      0.42563900      0.63806400     -0.74410300      0.19778200      0.21453900      0.41853700      0.88241900     -0.00000000     -0.00000000     -0.00000000     -0.01433700      0.08146300     -0.18085200     -1.29778800      0.00170100      0.02687800      0.00911400      0.78630900      0.51067100      0.34775200     -0.58649100      0.79395100      0.16021700     -0.19428000     -0.32993400      0.92379500     -0.00000600     -0.00002000     -0.00001800     -0.00006100     -0.00002600     -0.00014400     -1.04387800      0.11106900      0.03156200     -0.02328200      0.44991300     -0.46089600     -0.76495200      0.65103800      0.75559000     -0.07234100      0.61133200     -0.46546600      0.64001000     -0.00001100      0.00010000      0.00006900     -0.00006200     -0.00001900      0.00003000     -0.67685800
     0.22606100     -0.01770700      0.39134900     -0.27081000      0.48201700     -0.83328700     -0.75548300     -0.64284000     -0.12639100     -0.59626400      0.59470400      0.53928100      0.00000000     -0.00000000     -0.00000000      0.00000000      0.00000000      0.00000000     -0.52627300     -0.25437100     -0.03636400      0.36675600     -0.73966200     -0.52127300      0.42563600      0.63806200     -0.74410500      0.19778300      0.21453700      0.41853500      0.88242000     -0.00002900     -0.00011200     -0.00010100      0.00000000      0.00000000      0.00000000     -1.28820400      0.00170100      0.02687800      0.00911400      0.78630900      0.51067100      0.34775200     -0.58649100      0.79395100      0.16021700     -0.19428000     -0.32993400      0.92379500     -0.00000600     -0.00002000     -0.00001800     -0.00006100     -0.00002600     -0.00014400     -1.04404100      0.11106900      0.03156200     -0.02328200      0.44991300     -0.46089600     -0.76495200      0.65103800      0.75559000     -0.07234100      0.61133200     -0.46546600      0.64001000     -0.00001100      0.00010000      0.00006900     -0.00006200     -0.00001900      0.00003000     -0.67653200
     0.22606200     -0.01770700      0.39133600     -0.27081500      0.48201700     -0.83328500     -0.75546600     -0.64285700     -0.12640200     -0.59628200      0.59468500      0.53928100      0.00002600     -0.00024100     -0.00016700      0.00000000      0.00000000      0.00000000     -0.52377900     -0.25437200     -0.03637000      0.36675000     -0.73964700     -0.52128400      0.42564800      0.63807700     -0.74409400      0.19777600      0.21454300      0.41854100      0.88241600     -0.00010800     -0.00041400     -0.00037200      0.00000000      0.00000000      0.00000000     -1.28194800      0.00170100      0.02687800      0.00911400      0.78630900      0.51067100      0.34775200     -0.58649100      0.79395100      0.16021700     -0.19428000     -0.32993400      0.92379500     -0.00000600     -0.00002000     -0.00001800     -0.00006100     -0.00002600     -0.00014400     -1.04404100      0.11106900      0.03156200     -0.02328200      0.44991300     -0.46089600     -0.76495200      0.65103800      0.75559000     -0.07234100      0.61133200     -0.46546600      0.64001000     -0.00001100      0.00010000      0.00006900     -0.00006200     -0.00001900      0.00003000     -0.67685800
     0.22606300     -0.01771400      0.39130600     -0.27084600      0.48201000     -0.83327900     -0.75542800     -0.64290100     -0.12640800     -0.59631700      0.59464400      0.53928900      0.00002900     -0.00026800     -0.00018500      0.00000000      0.00000000      0.00000000     -0.51721200     -0.25437600     -0.03638300      0.36673900     -0.73971800     -0.52123000      0.42559000      0.63800400     -0.74414700      0.19781000      0.21451600      0.41851300      0.88243600     -0.00004200     -0.00016100     -0.00014400      0.00000000      0.00000000      0.00000000     -1.27802000      0.00170100      0.02687800      0.00911400      0.78630900      0.51067100      0.34775200     -0.58649100      0.79395100      0.16021700     -0.19428000     -0.32993400      0.92379500     -0.00000600     -0.00002000     -0.00001800     -0.00006100     -0.00002600     -0.00014400     -1.04387800      0.11106900      0.03156200     -0.02328200      0.44991300     -0.46089600     -0.76495200      0.65103800      0.75559000     -0.07234100      0.61133200     -0.46546600      0.64001000     -0.00001100      0.00010000      0.00006900     -0.00006200     -0.00001900      0.00003000     -0.67653200
     0.22606500     -0.01773600      0.39127900     -0.27091000      0.48198600     -0.83327200     -0.75539600     -0.64294600     -0.12636800     -0.59632800      0.59461400      0.53931000      0.00008700     -0.00081300     -0.00056200      0.00000000      0.00000000      0.00000000     -0.50978900     -0.25437400     -0.03637700      0.36674400     -0.73973300     -0.52121900      0.42557900      0.63799000     -0.74415800      0.19781700      0.21451000      0.41850700      0.88244000      0.00000700      0.00002600      0.00002300      0.01433600     -0.08146300      0.18085200     -1.27552800      0.00170100      0.02687800      0.00911400      0.78630900      0.51067100      0.34775200     -0.58649100      0.79395100      0.16021700     -0.19428000     -0.32993400      0.92379500     -0.00000600     -0.00002000     -0.00001800     -0.00006100     -0.00002600     -0.00014400     -1.04387800      0.11106900      0.03156200     -0.02328200      0.44991300     -0.46089600     -0.76495200      0.65103800      0.75559000     -0.07234100      0.61133200     -0.46546600      0.64001000     -0.00001100      0.00010000      0.00006900     -0.00006200     -0.00001900      0.00003000     -0.67685800
     0.22607600     -0.01774200      0.39127400     -0.27090700      0.48198600     -0.83327300     -0.75539700     -0.64294500     -0.12637000     -0.59632800      0.59461500      0.53930700      0.00009600     -0.00089700     -0.00062100      0.00000000      0.00000000      0.00000000     -0.50737500     -0.25437200     -0.03637000      0.36675000     -0.73964700     -0.52128400      0.42564800      0.63807700     -0.74409400      0.19777600      0.21454300      0.41854100      0.88241600      0.00020600      0.00079000      0.00070900      0.00000000      0.00000000      0.00000000     -1.27576400      0.00170100      0.02687800      0.00911400      0.78630900      0.51067100      0.34775200     -0.58649100      0.79395100      0.16021700     -0.19428000     -0.32993400      0.92379500     -0.00000600     -0.00002000     -0.00001800     -0.00006100     -0.00002600     -0.00014400     -1.04387800      0.11106900      0.03156200     -0.02328200      0.44991300     -0.46089600     -0.76495200      0.65103800      0.75559000     -0.07234100      0.61133200     -0.46546600      0.64001000     -0.00001100      0.00010000      0.00006900     -0.00006200     -0.00001900      0.00003000     -0.67685800
     0.22607600     -0.01774200      0.39126200     -0.27077400      0.48204100     -0.83328400     -0.75541500     -0.64289800     -0.12649800     -0.59636500      0.59462200      0.53926000      0.00000100     -0.00001300     -0.00000900      0.00000000      0.00000000      0.00000000     -0.50424900     -0.25437200     -0.03637000      0.36675000     -0.73974700     -0.52120800      0.42556700      0.63797500     -0.74416900      0.19782400      0.21450400      0.41850100      0.88244400      0.00000000      0.00000000      0.00000000      0.01433600     -0.08146300      0.18085200     -1.27545000      0.00170100      0.02687800      0.00911400      0.78630900      0.51067100      0.34775200     -0.58649100      0.79395100      0.16021700     -0.19428000     -0.32993400      0.92379500     -0.00000600     -0.00002000     -0.00001800     -0.00006100     -0.00002600     -0.00014400     -1.04404100      0.11106900      0.03156200     -0.02328200      0.44991300     -0.46089600     -0.76495200      0.65103800      0.75559000     -0.07234100      0.61133200     -0.46546600      0.64001000     -0.00001100      0.00010000      0.00006900     -0.00006200     -0.00001900      0.00003000     -0.67653200
     0.22607600     -0.01774200      0.39126200     -0.27077400      0.48204100     -0.83328400     -0.75541500     -0.64289800     -0.12649800     -0.59636500      0.59462200      0.53926000      0.00000000     -0.00000000     -0.00000000      0.00000000      0.00000000      0.00000000     -0.50251900     -0.25438500     -0.03637500      0.36674600     -0.73961600     -0.52130600      0.42567400      0.63810900     -0.74407100      0.19776100      0.21455600      0.41855400      0.88240700     -0.00000100     -0.00000300     -0.00000200      0.00000000      0.00000000      0.00000000     -1.27452200      0.00170100      0.02687800      0.00911400      0.78630900      0.51067100      0.34775200     -0.58649100      0.79395100      0.16021700     -0.19428000     -0.32993400      0.92379500     -0.00000600     -0.00002000     -0.00001800     -0.00006100     -0.00002600     -0.00014400     -1.04387800      0.11106900      0.03156200     -0.02328200      0.44991300     -0.46089600     -0.76495200      0.65103800      0.75559000     -0.07234100      0.61133200     -0.46546600      0.64001000     -0.00001100      0.00010000      0.00006900     -0.00006200     -0.00001900      0.00003000     -0.67685800
     0.22607600     -0.01774200      0.39126200     -0.27077400      0.48204100     -0.83328400     -0.75541500     -0.64289800     -0.12649800     -0.59636500      0.59462200      0.53926000      0.00000000     -0.00000000     -0.00000000      0.00000000      0.00000000      0.00000000     -0.50160500     -0.25438500     -0.03637500      0.36674600     -0.73961600     -0.52130600      0.42567400      0.63810900     -0.74407100      0.19776100      0.21455600      0.41855400      0.88240700     -0.00000000     -0.00000000     -0.00000000     -0.01433700      0.08146300     -0.18085200     -1.27486500      0.00170100      0.02687800      0.00911400      0.78630900      0.51067100      0.34775200     -0.58649100      0.79395100      0.16021700     -0.19428000     -0.32993400      0.92379500     -0.00000600     -0.00002000     -0.00001800     -0.00006100     -0.00002600     -0.00014400     -1.04387800      0.11106900      0.03156200     -0.02328200      0.44991300     -0.46089600     -0.76495200      0.65103800      0.75559000     -0.07234100      0.61133200     -0.46546600      0.64001000     -0.00001100      0.00010000      0.00006900     -0.00006200     -0.00001900      0.00003000     -0.67653200
     0.22607600     -0.01774200      0.39126200     -0.27077400      0.48204100     -0.83328400     -0.75541500     -0.64289800     -0.12649800     -0.59636500      0.59462200      0.53926000      0.00000000     -0.00000000     -0.00000000      0.00000000      0.00000000      0.00000000     -0.50052700     -0.25438500     -0.03637500      0.36674600     -0.73961600     -0.52130600      0.42567400      0.63810900     -0.74407100      0.19776100      0.21455600      0.41855400      0.88240700     -0.00000000     -0.00000000     -0.00000000     -0.01433700      0.08146300     -0.18085200     -1.27516000      0.00170100      0.02687800      0.00911400      0.78630900      0.51067100      0.34775200     -0.58649100      0.79395100      0.16021700     -0.19428000     -0.32993400      0.92379500     -0.00000600     -0.00002000     -0.00001800     -0.00006100     -0.00002600     -0.00014400     -1.04404100      0.11106900      0.03156200     -0.02328200      0.44991300     -0.46089600     -0.76495200      0.65103800      0.75559000     -0.07234100      0.61133200     -0.46546600      0.64001000     -0.00001100      0.00010000      0.00006900     -0.00006200     -0.00001900      0.00003000     -0.67685800
     0.22607600     -0.01774200      0.39126200     -0.27077400      0.48204100     -0.83328400     -0.75541500     -0.64289800     -0.12649800     -0.59636500      0.59462200      0.53926000      0.00000000     -0.00000000     -0.00000000      0.00000000      0.00000000      0.00000000     -0.49885200     -0.25438500     -0.03637500      0.36674600     -0.73961600     -0.52130600      0.42567400      0.63810900     -0.74407100      0.19776100      0.21455600      0.41855400      0.88240700     -0.00010100     -0.00038600     -0.00034700     -0.01433700      0.08146300     -0.18085200     -1.27404500      0.00170100      0.02687800      0.00911400      0.78630900      0.51067100      0.34775200     -0.58649100      0.79395100      0.16021700     -0.19428000     -0.32993400      0.92379500     -0.00000600     -0.00002000     -0.00001800     -0.00006100     -0.00002600     -0.00014400     -1.04404100      0.11106900      0.03156200     -0.02328200      0.44991300     -0.46089600     -0.76495200      0.65103800      0.75559000     -0.07234100      0.61133200     -0.46546600      0.64001000     -0.00001100      0.00010000      0.00006900     -0.00006200     -0.00001900      0.00003000     -0.67653200
     0.22607600     -0.01774200      0.39126200     -0.27077400      0.48204100     -0.83328400     -0.75541500     -0.64289800     -0.12649800     -0.59636500      0.59462200      0.53926000      0.00000000     -0.00000000     -0.00000000      0.00000000      0.00000000      0.00000000     -0.49734900     -0.25438500     -0.03637500      0.36674600     -0.73961600     -0.52130600      0.42567400      0.63810900     -0.74407100      0.19776100      0.21455600      0.41855400      0.88240700     -0.00000000     -0.00000000     -0.00000000     -0.01433700      0.08146300     -0.18085200     -1.27291800      0.00170100      0.02687800      0.00911400      0.78630900      0.51067100      0.34775200     -0.58649100      0.79395100      0.16021700     -0.19428000     -0.32993400      0.92379500     -0.00000600     -0.00002000     -0.00001800     -0.00006100     -0.00002600     -0.00014400     -1.04387800      0.11106900      0.03156200     -0.02328200      0.44991300     -0.46089600     -0.76495200      0.65103800      0.75559000     -0.07234100      0.61133200     -0.46546600      0.64001000     -0.00001100      0.00010000      0.00006900     -0.00006200     -0.00001900      0.00003000     -0.67685800
     0.22607700     -0.01774200      0.39125000     -0.27077900      0.48204100     -0.83328300     -0.75539900     -0.64291500     -0.12650900     -0.59638400      0.59460300      0.53926000      0.00001300     -0.00012600     -0.00008700      0.00000000      0.00000000      0.00000000     -0.49532300     -0.25438500     -0.03637500      0.36674600     -0.73961600     -0.52130600      0.42567400      0.63810900     -0.74407100      0.19776100      0.21455600      0.41855400      0.88240700     -0.00000000     -0.00000000     -0.00000000     -0.01433700      0.08146300     -0.18085200     -1.27307300      0.00170100      0.02687800      0.00911400      0.78630900      0.51067100      0.34775200     -0.58649100      0.79395100      0.16021700     -0.19428000     -0.32993400      0.92379500     -0.00000600     -0.00002000     -0.00001800     -0.00006100     -0.00002600     -0.00014400     -1.04387800      0.11106900      0.03156200     -0.02328200      0.44991300     -0.46089600     -0.76495200      0.65103800      0.75559000     -0.07234100      0.61133200     -0.46546600      0.64001000     -0.00001100      0.00010000      0.00006900     -0.00006200     -0.00001900      0.00003000     -0.67653200
     0.22608800     -0.01775500      0.39124000     -0.27079600      0.48203300     -0.83328200     -0.75539400     -0.64292300     -0.12649400     -0.59638200      0.59460000      0.53926400      0.00005100     -0.00047300     -0.00032700      0.00000000      0.00000000      0.00000000     -0.49121200     -0.25437200     -0.03637000      0.36675000     -0.73964700     -0.52128400      0.42564800      0.63807700     -0.74409400      0.19777600      0.21454300      0.41854100      0.88241600      0.01439900     -0.00191300     -0.00199100      0.00204500     -0.01520500      0.02924500     -1.27322900      0.00170100      0.02687800      0.00911400      0.78630900      0.51067100      0.34775200     -0.58649100      0.79395100      0.16021700     -0.19428000     -0.32993400      0.92379500     -0.00000600     -0.00002000     -0.00001800     -0.00006100     -0.00002600     -0.00014400     -1.04387800      0.11106900      0.03156200     -0.02328200      0.44991300     -0.46089600     -0.76495200      0.65103800      0.75559000     -0.07234100      0.61133200     -0.46546600      0.64001000     -0.00001100      0.00010000      0.00006900     -0.00006200     -0.00001900      0.00003000     -0.67685800
     0.22608900     -0.01776200      0.39122200     -0.27082100      0.48202500     -0.83327800     -0.75537300     -0.64295000     -0.12648900     -0.59639800      0.59457800      0.53927100      0.00001000     -0.00009300     -0.00006500      0.00000000      0.00000000      0.00000000     -0.48804900     -0.25439400     -0.03636700      0.36675300     -0.73971400     -0.52123200      0.42559600      0.63800800     -0.74414500      0.19780800      0.21451900      0.41851500      0.88243400     -0.01450800      0.00149600      0.00161600      0.01229200     -0.06625800      0.15160700     -1.27340100      0.00170100      0.02687800      0.00911400      0.78630900      0.51067100      0.34775200     -0.58649100      0.79395100      0.16021700     -0.19428000     -0.32993400      0.92379500     -0.00000600     -0.00002000     -0.00001800     -0.00006100     -0.00002600     -0.00014400     -1.04404100      0.11106900      0.03156200     -0.02328200      0.44991300     -0.46089600     -0.76495200      0.65103800      0.75559000     -0.07234100      0.61133200     -0.46546600      0.64001000     -0.00001100      0.00010000      0.00006900     -0.00006200     -0.00001900      0.00003000     -0.67653200
     0.22608900     -0.01775500      0.39121500     -0.27080600      0.48203300     -0.83327800     -0.75536100     -0.64295800     -0.12651700     -0.59641900      0.59456300      0.53926500      0.00000000     -0.00000100     -0.00000100      0.00000000      0.00000000      0.00000000     -0.48668000     -0.25438100     -0.03636200      0.36675700     -0.73974500     -0.52120900      0.42556900      0.63797600     -0.74416800      0.19782300      0.21450600      0.41850200      0.88244300      0.00002300      0.00008700      0.00007800      0.00000000      0.00000000      0.00000000     -1.27395600      0.00170100      0.02687800      0.00911400      0.78630900      0.51067100      0.34775200     -0.58649100      0.79395100      0.16021700     -0.19428000     -0.32993400      0.92379500     -0.00000600     -0.00002000     -0.00001800     -0.00006100     -0.00002600     -0.00014400     -1.04404100      0.11106900      0.03156200     -0.02328200      0.44991300     -0.46089600     -0.76495200      0.65103800      0.75559000     -0.07234100      0.61133200     -0.46546600      0.64001000     -0.00001100      0.00010000      0.00006900     -0.00006200     -0.00001900      0.00003000     -0.67685800
     0.22609800     -0.01774700      0.39122000     -0.27076300      0.48204900     -0.83328300     -0.75537200     -0.64293800     -0.12655300     -0.59642500      0.59457100      0.53924800     -0.00001100      0.00010700      0.00007400      0.00000000      0.00000000      0.00000000     -0.48557400     -0.25436200     -0.03632400      0.36677800     -0.73974400     -0.52121400      0.42556600      0.63797300     -0.74417700      0.19779900      0.21451900      0.41848100      0.88245000      0.00034500      0.00132000      0.00118400      0.00000000      0.00000000      0.00000000     -1.27224700      0.00170100      0.02687800      0.00911400      0.78630900      0.51067100      0.34775200     -0.58649100      0.79395100      0.16021700     -0.19428000     -0.32993400      0.92379500     -0.00000600     -0.00002000     -0.00001800     -0.00006100     -0.00002600     -0.00014400     -1.04387800      0.11106900      0.03156200     -0.02328200      0.44991300     -0.46089600     -0.76495200      0.65103800      0.75559000     -0.07234100      0.61133200     -0.46546600      0.64001000     -0.00001100      0.00010000      0.00006900     -0.00006200     -0.00001900      0.00003000     -0.67653200
     0.22608800     -0.01774800      0.39123200     -0.27078100      0.48204100     -0.83328200     -0.75538300     -0.64293100     -0.12652300     -0.59640300      0.59458500      0.53925700     -0.00013100      0.00122500      0.00084800      0.00000000      0.00000000      0.00000000     -0.48633700     -0.25434700     -0.03633000      0.36673000     -0.73965000     -0.52129600      0.42562900      0.63805800     -0.74413500      0.19768300      0.21459300      0.41845200      0.88244600     -0.00036600     -0.00140000     -0.00125600      0.00000000      0.00000000      0.00000000     -1.26406700      0.00170100      0.02687800      0.00911400      0.78630900      0.51067100      0.34775200     -0.58649100      0.79395100      0.16021700     -0.19428000     -0.32993400      0.92379500     -0.00000600     -0.00002000     -0.00001800     -0.00006100     -0.00002600     -0.00014400     -1.04387800      0.11106900      0.03156200     -0.02328200      0.44991300     -0.46089600     -0.76495200      0.65103800      0.75559000     -0.07234100      0.61133200     -0.46546600      0.64001000     -0.00001100      0.00010000      0.00006900     -0.00006200     -0.00001900      0.00003000     -0.67685800
     0.22607500     -0.01772000      0.39120300     -0.27074500      0.48206600     -0.83327900     -0.75533200     -0.64297300     -0.12661600     -0.59648400      0.59452000      0.53924000     -0.00000000      0.00000000      0.00000000      0.00000000      0.00000000      0.00000000     -0.48686700     -0.25440500     -0.03635500      0.36658400     -0.73957500     -0.52137600      0.42566000      0.63809400     -0.74417000      0.19743400      0.21474500      0.41828900      0.88248700     -0.00072900     -0.00279000     -0.00250600     -0.00207600      0.01181300     -0.02620200     -1.26334900      0.00170100      0.02687800      0.00911400      0.78630900      0.51067100      0.34775200     -0.58649100      0.79395100      0.16021700     -0.19428000     -0.32993400      0.92379500     -0.00000600     -0.00002000     -0.00001800     -0.00006100     -0.00002600     -0.00014400     -1.04404100      0.11106900      0.03156200     -0.02328200      0.44991300     -0.46089600     -0.76495200      0.65103800      0.75559000     -0.07234100      0.61133200     -0.46546600      0.64001000     -0.00001100      0.00010000      0.00006900     -0.00006200     -0.00001900      0.00003000     -0.67653200
     0.22608400     -0.01770400      0.39117600     -0.27069600      0.48209000     -0.83328100     -0.75529800     -0.64299500     -0.12670200     -0.59654900      0.59447600      0.53921700      0.00001000     -0.00009100     -0.00006300      0.00000000      0.00000000      0.00000000     -0.48746100     -0.25445500     -0.03630700      0.36650200     -0.73954200     -0.52142400      0.42565800      0.63808600     -0.74423800      0.19720600      0.21488100      0.41811000      0.88253800     -0.00018400     -0.00070200     -0.00063000      0.00000000      0.00000000      0.00000000     -1.26777000      0.00170100      0.02687800      0.00911400      0.78630900      0.51067100      0.34775200     -0.58649100      0.79395100      0.16021700     -0.19428000     -0.32993400      0.92379500     -0.00000600     -0.00002000     -0.00001800     -0.00006100     -0.00002600     -0.00014400     -1.04404100      0.11106900      0.03156200     -0.02328200      0.44991300     -0.46089600     -0.76495200      0.65103800      0.75559000     -0.07234100      0.61133200     -0.46546600      0.64001000     -0.00001100      0.00010000      0.00006900     -0.00006200     -0.00001900      0.00003000     -0.67685800
     0.22608200     -0.01767500      0.39115900     -0.27077000      0.48206800     -0.83327000     -0.75523400     -0.64307400     -0.12668700     -0.59659700      0.59440900      0.53923700     -0.00009600      0.00089600      0.00061900      0.00000000      0.00000000      0.00000000     -0.48903300     -0.25461300     -0.03600200      0.36627900     -0.74007700     -0.51808500      0.42879600      0.63701100     -0.74429800      0.20042700      0.21623300      0.42213500      0.88028900      0.00025900      0.01098900     -0.00866100     -0.08642700      0.06769200      0.28204200     -1.27424900      0.00170100      0.02687800      0.00911400      0.78630900      0.51067100      0.34775200     -0.58649100      0.79395100      0.16021700     -0.19428000     -0.32993400      0.92379500     -0.00000600     -0.00002000     -0.00001800     -0.00006100     -0.00002600     -0.00014400     -1.04404100      0.11106900      0.03156200     -0.02328200      0.44991300     -0.46089600     -0.76495200      0.65103800      0.75559000     -0.07234100      0.61133200     -0.46546600      0.64001000     -0.00001100      0.00010000      0.00006900     -0.00006200     -0.00001900      0.00003000     -0.67653200
     0.22602900     -0.01754100      0.39105600     -0.27070200      0.48213800     -0.83325200     -0.75501000     -0.64327700     -0.12699500     -0.59691200      0.59413300      0.53919300     -0.00001800      0.00017200      0.00011900      0.00000000      0.00000000      0.00000000     -0.51904300     -0.25482700     -0.03542100      0.36594400     -0.74260600     -0.51655700      0.42625900      0.63534700     -0.74449500      0.20492800      0.21241300      0.42365700      0.88048800     -0.01370000      0.01451300     -0.00522800      0.01859300      0.01016200     -0.00275900     -1.33306600      0.00170100      0.02687800      0.00911400      0.78630900      0.51067100      0.34775200     -0.58649100      0.79395100      0.16021700     -0.19428000     -0.32993400      0.92379500     -0.00000600     -0.00002000     -0.00001800     -0.00006100     -0.00002600     -0.00014400     -1.04387800      0.11106900      0.03156200     -0.02328200      0.44991300     -0.46089600     -0.76495200      0.65103800      0.75559000     -0.07234100      0.61133200     -0.46546600      0.64001000     -0.00001100      0.00010000      0.00006900     -0.00006200     -0.00001900      0.00003000     -0.67653200
     0.22601900     -0.01742400      0.39095100     -0.26916200      0.47744500     -0.83644700     -0.75426400     -0.64449700     -0.12522700     -0.59855000      0.59659900      0.53463600     -0.00081400      0.00976400     -0.00977100      0.03218300     -0.11240100     -0.02204600     -0.54122500     -0.25494400     -0.03509500      0.36575300     -0.74541400     -0.51242800      0.42634100      0.63101700     -0.74842600      0.20398800      0.21548200      0.42173300      0.88066600      0.00060000      0.02224800     -0.01707400      2.42817800      1.09893100      4.89968200     -1.35963800      0.00170100      0.02687800      0.00911400      0.78630900      0.51067100      0.34775200     -0.58649100      0.79395100      0.16021700     -0.19428000     -0.32993400      0.92379500     -0.00000600     -0.00002000     -0.00001800     -0.00006100     -0.00002600     -0.00014400     -1.04387800      0.11106900      0.03156200     -0.02328200      0.44991300     -0.46089600     -0.76495200      0.65103800      0.75559000     -0.07234100      0.61133200     -0.46546600      0.64001000     -0.00001100      0.00010000      0.00006900     -0.00006200     -0.00001900      0.00003000     -0.67669500
     0.22599300     -0.01723500      0.39077200     -0.26655700      0.47049400     -0.84120700     -0.75318300     -0.64621900     -0.12283500     -0.60107300      0.60025200      0.52767000     -0.00000400      0.00004000      0.00002800     -0.00459900     -0.15235100     -0.06292400     -0.55470100     -0.25501300     -0.03462700      0.36545300     -0.74719000     -0.50594700      0.43094800      0.62886900     -0.74782200      0.21264900      0.21561100      0.43054000      0.87636200      0.01491700      0.01013700     -0.00968900     -0.25160300      0.38287000      0.03782100     -1.39979800      0.00170100      0.02687800      0.00911400      0.78630900      0.51067100      0.34775200     -0.58649100      0.79395100      0.16021700     -0.19428000     -0.32993400      0.92379500     -0.00000600     -0.00002000     -0.00001800     -0.00006100     -0.00002600     -0.00014400     -1.04387800      0.11106900      0.03156200     -0.02328200      0.44991300     -0.46089600     -0.76495200      0.65103800      0.75559000     -0.07234100      0.61133200     -0.46546600      0.64001000     -0.00001100      0.00010000      0.00006900     -0.00006200     -0.00001900      0.00003000     -0.67653200
     0.22597800     -0.01717000      0.39069300     -0.26658900      0.47050500     -0.84119000     -0.75302200     -0.64638300     -0.12296000     -0.60126000      0.60006700      0.52766700      0.00000000     -0.00000200     -0.00000100      0.00182500      0.06038600      0.02495900     -0.55486100     -0.25487600     -0.03456600      0.36540700     -0.74570500     -0.50778000      0.43136400      0.62987800     -0.74815300      0.20845700      0.21780200      0.42779700      0.87716300     -0.00034900     -0.01131200      0.00836700      0.40084200     -0.15812000     -0.34019600     -1.40336300      0.00170100      0.02687800      0.00911400      0.78630900      0.51067100      0.34775200     -0.58649100      0.79395100      0.16021700     -0.19428000     -0.32993400      0.92379500     -0.00000600     -0.00002000     -0.00001800     -0.00006100     -0.00002600     -0.00014400     -1.04387800      0.11106900      0.03156200     -0.02328200      0.44991300     -0.46089600     -0.76495200      0.65103800      0.75559000     -0.07234100      0.61133200     -0.46546600      0.64001000     -0.00001100      0.00010000      0.00006900     -0.00006200     -0.00001900      0.00003000     -0.67685800
     0.22600900     -0.01716700      0.39069400     -0.26651900      0.47052800     -0.84119900     -0.75303800     -0.64635300     -0.12301700     -0.60127100      0.60008100      0.52763900     -0.00000600      0.00005500      0.00003800      0.00000000      0.00001500      0.00000600     -0.56261000     -0.25485000     -0.03464400      0.36535100     -0.74581500     -0.50769700      0.43127200      0.62976900     -0.74822300      0.20853500      0.21774100      0.42777300      0.87719000     -0.00041100     -0.00156500     -0.00140300      0.00007500     -0.00009000     -0.00004700     -1.40379200      0.00170100      0.02687800      0.00911400      0.78630900      0.51067100      0.34775200     -0.58649100      0.79395100      0.16021700     -0.19428000     -0.32993400      0.92379500     -0.00000600     -0.00002000     -0.00001800     -0.00006100     -0.00002600     -0.00014400     -1.04404100      0.11106900      0.03156200     -0.02328200      0.44991300     -0.46089600     -0.76495200      0.65103800      0.75559000     -0.07234100      0.61133200     -0.46546600      0.64001000     -0.00001100      0.00010000      0.00006900     -0.00006200     -0.00001900      0.00003000     -0.67685800
     0.22603900     -0.01715700      0.39067500     -0.26643900      0.47056000     -0.84120700     -0.75302600     -0.64634800     -0.12311300     -0.60132100      0.60006100      0.52760400      0.00000600     -0.00005500     -0.00003800      0.00000000      0.00000000      0.00000000     -0.56851300     -0.25486000     -0.03466000      0.36529500     -0.74566000     -0.50782300      0.43139000      0.62991700     -0.74813900      0.20838800      0.21784200      0.42777000      0.87716700     -0.00041400     -0.00157500     -0.00141300      0.00000100     -0.00000100     -0.00000100     -1.40402100      0.00170100      0.02687800      0.00911400      0.78630900      0.51067100      0.34775200     -0.58649100      0.79395100      0.16021700     -0.19428000     -0.32993400      0.92379500     -0.00000600     -0.00002000     -0.00001800     -0.00006100     -0.00002600     -0.00014400     -1.04404100      0.11106900      0.03156200     -0.02328200      0.44991300     -0.46089600     -0.76495200      0.65103800      0.75559000     -0.07234100      0.61133200     -0.46546600      0.64001000     -0.00001100      0.00010000      0.00006900     -0.00006200     -0.00001900      0.00003000     -0.67685800
     0.22605800     -0.01714000      0.39062300     -0.26637700      0.47059200     -0.84120800     -0.75296400     -0.64639700     -0.12323900     -0.60142600      0.59998400      0.52757300      0.00001300     -0.00011900     -0.00008200      0.00000000      0.00000000      0.00000000     -0.60676000     -0.25487900     -0.03468300      0.36526000     -0.74440500     -0.50790400      0.43345900      0.63050300     -0.74821100      0.20635100      0.22043700      0.42754900      0.87662600      0.00021700      0.00082600      0.00074100      0.00000000     -0.00000000     -0.00000000     -1.40382600      0.00170100      0.02687800      0.00911400      0.78630900      0.51067100      0.34775200     -0.58649100      0.79395100      0.16021700     -0.19428000     -0.32993400      0.92379500     -0.00000600     -0.00002000     -0.00001800     -0.00006100     -0.00002600     -0.00014400     -1.04404100      0.11106900      0.03156200     -0.02328200      0.44991300     -0.46089600     -0.76495200      0.65103800      0.75559000     -0.07234100      0.61133200     -0.46546600      0.64001000     -0.00001100      0.00010000      0.00006900     -0.00006200     -0.00001900      0.00003000     -0.67669500
     0.22605900     -0.01714000      0.39061100     -0.26624400      0.47064700     -0.84122000     -0.75298200     -0.64635100     -0.12336800     -0.60146300      0.59998900      0.52752500      0.00009500     -0.00089100     -0.00061600      0.00000000      0.00000000      0.00000000     -0.73683900     -0.25483000     -0.03473100      0.36534100     -0.74305500     -0.50802500      0.43562800      0.63122200     -0.74811200      0.20450300      0.22292900      0.42757800      0.87598100      0.00031400      0.00119700      0.00107400      0.00000000     -0.00000000     -0.00000000     -1.40384700      0.00170100      0.02687800      0.00911400      0.78630900      0.51067100      0.34775200     -0.58649100      0.79395100      0.16021700     -0.19428000     -0.32993400      0.92379500     -0.00000600     -0.00002000     -0.00001800     -0.00006100     -0.00002600     -0.00014400     -1.04387800      0.11106900      0.03156200     -0.02328200      0.44991300     -0.46089600     -0.76495200      0.65103800      0.75559000     -0.07234100      0.61133200     -0.46546600      0.64001000     -0.00001100      0.00010000      0.00006900     -0.00006200     -0.00001900      0.00003000     -0.67653200
     0.22607900     -0.01713800      0.39058700     -0.26141300      0.47248900     -0.84170300     -0.75229600     -0.64603700     -0.12907100     -0.60443800      0.59887800      0.52538200      0.00009800     -0.00091400     -0.00063200      0.03988200     -0.02510500      0.05779100     -0.90658100     -0.25478500     -0.03476800      0.36537700     -0.74308400     -0.50799100      0.43561800      0.63121600     -0.74808100      0.20463500      0.22284800      0.42767300      0.87595500      0.00006100      0.00023300      0.00020900      0.00000000     -0.00000000     -0.00000000     -1.40350500      0.00170100      0.02687800      0.00911400      0.78630900      0.51067100      0.34775200     -0.58649100      0.79395100      0.16021700     -0.19428000     -0.32993400      0.92379500     -0.00000600     -0.00002000     -0.00001800     -0.00006100     -0.00002600     -0.00014400     -1.04387800      0.11106900      0.03156200     -0.02328200      0.44991300     -0.46089600     -0.76495200      0.65103800      0.75559000     -0.07234100      0.61133200     -0.46546600      0.64001000     -0.00001100      0.00010000      0.00006900     -0.00006200     -0.00001900      0.00003000     -0.67653200
     0.22609400     -0.01727500      0.39047900     -0.25644700      0.47438400     -0.84216400     -0.75162400     -0.64563500     -0.13486700     -0.60739800      0.59781200      0.52317900      0.00037400     -0.00350000     -0.00242500      0.00000000     -0.00000000      0.00000000     -1.27728900     -0.25462800     -0.03489100      0.36550000     -0.74339700     -0.50771400      0.43540700      0.63097400     -0.74813300      0.20519000      0.22248700      0.42791100      0.87593100      0.00026200     -0.00899700      0.01044400     -0.03608100      0.01430300     -0.01628100     -1.37530300      0.00170100      0.02687800      0.00911400      0.78630900      0.51067100      0.34775200     -0.58649100      0.79395100      0.16021700     -0.19428000     -0.32993400      0.92379500     -0.00000600     -0.00002000     -0.00001800     -0.00006100     -0.00002600     -0.00014400     -1.04387800      0.11106900      0.03156200     -0.02328200      0.44991300     -0.46089600     -0.76495200      0.65103800      0.75559000     -0.07234100      0.61133200     -0.46546600      0.64001000     -0.00001100      0.00010000      0.00006900     -0.00006200     -0.00001900      0.00003000     -0.67653200
     0.22600800     -0.01734200      0.39048700     -0.25707400      0.47414100     -0.84211000     -0.75153900     -0.64585700     -0.13428100     -0.60723800      0.59776600      0.52341700      0.00062400     -0.00798600      0.01100000     -0.03477200     -0.00549800      0.00460700     -1.18567800     -0.25440000     -0.03502400      0.36573700     -0.74989800     -0.49839100      0.43502900      0.62162600     -0.75567700      0.20607400      0.22696700      0.42559100      0.87591200      0.00095700     -0.00634200      0.01282300     -0.03608600      0.01427400     -0.01629500     -0.72175000      0.00170100      0.02687800      0.00911400      0.78630900      0.51067100      0.34775200     -0.58649100      0.79395100      0.16021700     -0.19428000     -0.32993400      0.92379500     -0.00000600     -0.00002000     -0.00001800     -0.00006100     -0.00002600     -0.00014400     -1.04404100      0.11106900      0.03156200     -0.02328200      0.44991300     -0.46089600     -0.76495200      0.65103800      0.75559000     -0.07234100      0.61133200     -0.46546600      0.64001000     -0.00001100      0.00010000      0.00006900     -0.00006200     -0.00001900      0.00003000     -0.67685800
