     0.17412000     -0.00731700      0.36607700     -0.60557400      0.38140100     -0.69846900     -0.65939400     -0.73183900      0.17199700     -0.44482000      0.56424500      0.69554900     -0.00000000     -0.00000000     -0.00000000      0.00000000      0.00000000      0.00000000      0.51950400     -0.20961000     -0.05385600      0.32723100     -0.93573700     -0.16114200      0.31372000      0.28493600     -0.86934700      0.40370900      0.20885100      0.46736000      0.85896400      0.00000000      0.00000000      0.00000000     -0.00000000     -0.00000000      0.00000000      0.52650600      0.02320800      0.01649300     -0.00621600      0.93958500      0.13429000      0.31487100     -0.26065700      0.87692400      0.40380800     -0.22189100     -0.46148500      0.85894900     -0.00000100     -0.00000300     -0.00000800      0.00054300      0.00108600     -0.00071600      0.51767000      0.08539500      0.03880700     -0.03493200      0.63535000     -0.34631600     -0.69021300      0.61520000      0.76723100      0.18134000      0.46675200     -0.53983400      0.70051400     -0.00000500      0.00000600      0.00000700      0.00001500     -0.00001600     -0.00004600      0.51826500
     0.17409100     -0.00741000      0.36616000     -0.60520300      0.38159800     -0.69868200     -0.65978600     -0.73150600      0.17190900     -0.44474400      0.56454300      0.69535700     -0.00000000     -0.00000000     -0.00000000      0.00000000      0.00000000      0.00000000      0.51951800     -0.20963300     -0.05385500      0.32723300     -0.93651600     -0.16112000      0.31140000      0.28406900     -0.86900300      0.40506000      0.20651900      0.46800800      0.85917500      0.00000000      0.00000000      0.00000000     -0.00000000     -0.00000000      0.00000000      0.52488600      0.02319600      0.01649300     -0.00621500      0.94036700      0.13424600      0.31254900     -0.25979900      0.87655500      0.40516000     -0.21957600     -0.46219900      0.85916100     -0.00000200     -0.00000100     -0.00000600      0.00064000      0.00129500     -0.00085500      0.51799700      0.08538600      0.03876000     -0.03489000      0.63497500     -0.34654400     -0.69044400      0.61562500      0.76691400      0.18124100      0.46670300     -0.54013800      0.70031200      0.00011100     -0.00521500      0.00454300     -0.03570600      0.01089900     -0.01943000      0.51826500
     0.17404400     -0.00759000      0.36631900     -0.60513500      0.38164900     -0.69871300     -0.66010700     -0.73113200      0.17226600     -0.44436000      0.56499200      0.69523700     -0.00004500     -0.00100500     -0.00074600      0.00000000      0.00000000      0.00000000      0.51977000     -0.20964500     -0.05384700      0.32722700     -0.93829000     -0.16069300      0.30623900      0.28173300     -0.86844300      0.40788200      0.20158500      0.46919300      0.85970000      0.00000000      0.00000000      0.00000000     -0.00002100     -0.00004200      0.00002700      0.52336400      0.02319000      0.01649800     -0.00621800      0.94214700      0.13376500      0.30735000     -0.25746400      0.87592300      0.40800600     -0.21463900     -0.46353400      0.85968900     -0.00000100      0.00000100     -0.00000400      0.00246000      0.00494800     -0.00324400      0.51848600      0.08535700      0.03867400     -0.03480900      0.63492900     -0.34658800     -0.69046400      0.61594800      0.76656500      0.18161800      0.46633900     -0.54060500      0.70019500      0.00008200     -0.00590200      0.00403200     -0.03571200      0.01089800     -0.01943500      0.51859200
     0.17400600     -0.00773000      0.36644300     -0.60498100      0.38174000     -0.69879700     -0.66042500     -0.73079800      0.17246300     -0.44409700      0.56536200      0.69510400      0.00023000     -0.01043900      0.00907500     -0.02980500     -0.07777800      0.15854100      0.51961900     -0.20965800     -0.05385200      0.32722200     -0.93827400     -0.16071900      0.30627400      0.28177200     -0.86843500      0.40787200      0.20160300      0.46919900      0.85969300     -0.00013500     -0.00097500     -0.00112600     -0.00000000     -0.00000000      0.00000000      0.52109900      0.02318400      0.01649700     -0.00621800      0.94211600      0.13379600      0.30743100     -0.25752500      0.87592200      0.40797000     -0.21470100     -0.46352700      0.85967700     -0.00008200     -0.00057300     -0.00066800     -0.00149200      0.01339400     -0.02623500      0.51767000      0.08533800      0.03860500     -0.03475200      0.63488200     -0.34662800     -0.69048700      0.61619500      0.76630300      0.18188600      0.46607600     -0.54095100      0.70010200      0.00011100     -0.00521700      0.00454000     -0.03570500      0.01088700     -0.01941600      0.51842900
     0.17391100     -0.00808800      0.36676100     -0.60068100      0.38281300     -0.70191300     -0.66213200     -0.73022300      0.16830900     -0.44738100      0.56538000      0.69298100      0.00023000     -0.01041300      0.00909800     -0.03563900      0.01076800     -0.01928700      0.52017900     -0.20964600     -0.05384400      0.32721400     -0.93906300     -0.16065300      0.30387800      0.28081300     -0.86811500      0.40921100      0.19923800      0.46981200      0.85990900     -0.00000000     -0.00000000     -0.00000000     -0.00002100     -0.00004200      0.00002700      0.51992200      0.02318900      0.01649800     -0.00622500      0.94292100      0.13370400      0.30499600     -0.25655700      0.87557100      0.40933200     -0.21231700     -0.46421700      0.85989700     -0.00000000      0.00000400      0.00000100      0.00217700      0.00441500     -0.00289600      0.51489400      0.08529000      0.03842600     -0.03459300      0.63053700     -0.34801000     -0.69376500      0.61807800      0.76578900      0.17760900      0.46946900     -0.54079000      0.69795600     -0.00672000     -0.00510700      0.00482900     -0.03979900      0.02911100     -0.05295100      0.51875500
     0.17378800     -0.00855400      0.36717600     -0.59697700      0.38120700     -0.70593500     -0.66074000     -0.73267500      0.16303600     -0.45433400      0.56329100      0.69015200      0.00022900     -0.01039900      0.00911500      0.32133600     -0.15841600     -0.18450300      0.51963900     -0.20964600     -0.05383100      0.32721400     -0.93892400     -0.16088800      0.30418300      0.28115800     -0.86805600      0.40909900      0.19940600      0.46984100      0.85985400      0.00000100      0.00000500      0.00000500     -0.00000000     -0.00000000      0.00000000      0.51917600      0.02319000      0.01650500     -0.00622500      0.94277300      0.13394800      0.30534700     -0.25692500      0.87552800      0.40919500     -0.21252900     -0.46422900      0.85983800     -0.00000100     -0.00000200     -0.00000400      0.00002700      0.00007300     -0.00005300      0.51375100      0.08522900      0.03819300     -0.03438500      0.62674600     -0.34685700     -0.69776700      0.61693500      0.76789200      0.17242500      0.47600300     -0.53854400      0.69526200     -0.00673000     -0.00510400      0.00483600      1.15021700     -0.33133100     -1.03045300      0.51875500
     0.17366500     -0.00907400      0.36764000     -0.59146000      0.38350200     -0.70932800     -0.66429400     -0.73035200      0.15896600     -0.45636600      0.56474400      0.68761900      0.00045700     -0.02076600      0.01826600     -0.06551200     -0.06621300      0.13948000      0.51932200     -0.20964700     -0.05383700      0.32720700     -0.93866400     -0.16132500      0.30475600      0.28181300     -0.86792300      0.40893200      0.19971100      0.46993900      0.85973000     -0.00011500     -0.00082900     -0.00095700      0.00000000      0.00000000      0.00000000      0.51863700      0.02318900      0.01650400     -0.00622700      0.94252300      0.13439200      0.30592000     -0.25758300      0.87541200      0.40902600     -0.21283600     -0.46431700      0.85971400     -0.00006900     -0.00047600     -0.00055500     -0.00000200     -0.00000100     -0.00000800      0.51326100      0.08516700      0.03793600     -0.03415700      0.62161200     -0.34912300     -0.70122000      0.62024900      0.76611400      0.16840100      0.47842200     -0.53961200      0.69276900      0.00010700     -0.00519100      0.00457100     -0.03071100     -0.07603300      0.15789300      0.51891800
     0.17359800     -0.00932200      0.36786300     -0.59179400      0.38100900     -0.71039200     -0.66160800     -0.73300800      0.15794100     -0.45981600      0.56299300      0.68675700      0.00022800     -0.01037500      0.00914200     -0.03573300      0.01080900     -0.01943500      0.51973000     -0.20964700     -0.05382900      0.32720000     -0.93846600     -0.16165700      0.30518800      0.28230300     -0.86783400      0.40878200      0.19994700      0.46998900      0.85964800     -0.00000200     -0.00001200     -0.00001400     -0.01260700      0.08785800     -0.17796700      0.51823800      0.02318900      0.01650600     -0.00623200      0.94238300      0.13464300      0.30624100     -0.25794800      0.87536000      0.40890900     -0.21301400     -0.46434400      0.85965600     -0.00000100     -0.00000200     -0.00000400     -0.00002200      0.00001500     -0.00001000      0.51293500      0.08513400      0.03780800     -0.03404200      0.62173600     -0.34666000     -0.70233200      0.61750300      0.76857300      0.16728500      0.48180300     -0.53770000      0.69191300      0.00022100     -0.01037600      0.00914400     -0.06581500     -0.06589500      0.13959600      0.51859200
     0.17345600     -0.00988000      0.36836300     -0.58790700      0.38017200     -0.71405900     -0.66125500     -0.73428700      0.15341500     -0.46527500      0.56189200      0.68397500      0.00045400     -0.02071500      0.01832300     -0.06549700     -0.06580500      0.13968000      0.51970900     -0.20964600     -0.05382300      0.32720700     -0.93811800     -0.16223900      0.30595000      0.28317500     -0.86765500      0.40855900      0.20035200      0.47011900      0.85948200      0.00000000      0.00000000      0.00000000      0.00000000      0.00000000      0.00000000      0.51782200      0.02318900      0.01650900     -0.00622900      0.94200200      0.13532100      0.30711400     -0.25895300      0.87518300      0.40865200     -0.21348200     -0.46447900      0.85946600     -0.00000200     -0.00000200     -0.00000300     -0.00001500      0.00000300      0.00000000      0.51244500      0.08506300      0.03753400     -0.03379500      0.61795800     -0.34597000     -0.70599700      0.61704800      0.76989700      0.16281700      0.48721500     -0.53624800      0.68924400      0.00010600     -0.00517800      0.00458100     -0.03666500      0.01157300     -0.02002500      0.51908200
     0.17335600     -0.01049800      0.36890600     -0.58383600      0.38232700     -0.71624500     -0.66485300     -0.73144500      0.15143000     -0.46527800      0.56412900      0.68213000      0.00022600     -0.01036700      0.00916200     -0.02975000     -0.07624900      0.15929200      0.51964300     -0.20964600     -0.05382300      0.32720700     -0.93776000     -0.16283300      0.30672800      0.28406500     -0.86747200      0.40832900      0.20076500      0.47025300      0.85931300      0.00000000      0.00000000      0.00000000     -0.01260700      0.08785800     -0.17796700      0.51727400      0.02318900      0.01650900     -0.00622900      0.94166100      0.13592400      0.30789200     -0.25984700      0.87502600      0.40842200     -0.21390000     -0.46460000      0.85929700     -0.00000300     -0.00000200     -0.00000300     -0.01261300      0.08783800     -0.17796200      0.51179200      0.08501300      0.03722000     -0.03352100      0.61406000     -0.34834600     -0.70822600      0.62083900      0.76724400      0.16091700      0.48732800     -0.53850700      0.68740100      0.00021800     -0.01034900      0.00917700     -0.06563800     -0.06545300      0.13999600      0.51924500
     0.17333100     -0.01083000      0.36919200     -0.58196800      0.38331500     -0.71723700     -0.66656800     -0.73005000      0.15061800     -0.46516800      0.56526100      0.68126700      0.00021200     -0.01065600      0.00895100     -0.03573600      0.01072500     -0.01947500      0.51988300     -0.20964600     -0.05382300      0.32720700     -0.93760700     -0.16308800      0.30706200      0.28444600     -0.86739400      0.40823100      0.20094200      0.47031000      0.85924000      0.00000000      0.00000000      0.00000000     -0.01260700      0.08785800     -0.17796700      0.51658200      0.02318900      0.01650900     -0.00622900      0.94151400      0.13618300      0.30822600     -0.26023000      0.87495800      0.40832300     -0.21407800     -0.46465200      0.85922500     -0.00000200     -0.00000100     -0.00000400     -0.01260900      0.08784800     -0.17797000      0.51162800      0.08500100      0.03705100     -0.03337400      0.61215800     -0.34950000     -0.70930200      0.62272800      0.76589200      0.16005700      0.48730900     -0.53968300      0.68649100      0.00009600     -0.00533800      0.00447000     -0.03586300      0.01076500     -0.01934900      0.51908200
     0.17330500     -0.01150300      0.36980600     -0.58117300      0.38150700     -0.71884400     -0.66528800     -0.73142200      0.14961800     -0.46798100      0.56471400      0.67979300      0.00045600     -0.02061100      0.01843900      1.12634400     -0.31308500     -0.98700900      0.51986800     -0.20964500     -0.05381700      0.32721300     -0.93834100     -0.16311500      0.30479600      0.28363300     -0.86703200      0.40956300      0.19863900      0.47096800      0.85941600      0.00009800      0.00070400      0.00081400     -0.00000000     -0.00000000      0.00000000      0.51637300      0.02319000      0.01651100     -0.00622700      0.94225300      0.13619000      0.30595800     -0.25942700      0.87457200      0.40965800     -0.21179200     -0.46537500      0.85940000      0.00005300      0.00040200      0.00045900      0.00009200      0.00024300     -0.00015700      0.51097500      0.08498700      0.03672200     -0.03307400      0.61075300     -0.34875300     -0.71088000      0.62266500      0.76614200      0.15909900      0.48914900     -0.53981100      0.68508000      0.00018400     -0.01039300      0.00920100      3.90618300     -0.89874300     -3.61779200      0.51940800
     0.17334000     -0.01222100      0.37043700     -0.57879900      0.38279500     -0.72007400     -0.66794900     -0.72906800      0.14925100     -0.46713700      0.56687900      0.67857100      0.00045900     -0.02057000      0.01848600     -0.06545700     -0.06469500      0.14021600      0.51988900     -0.20964500     -0.05381700      0.32721300     -0.93823900     -0.16328400      0.30501900      0.28388700     -0.86697900      0.40949800      0.19875700      0.47100600      0.85936700      0.00000000      0.00000000      0.00000000      0.00000000      0.00000000      0.00000000      0.51543400      0.02319000      0.01651200     -0.00622500      0.94215500      0.13636200      0.30618300     -0.25968400      0.87452700      0.40959100     -0.21191300     -0.46540900      0.85935200     -0.00000400     -0.00000300     -0.00000900     -0.00000500      0.00000300     -0.00000300      0.50999500      0.08500500      0.03636300     -0.03275900      0.60909500     -0.34909900     -0.71213200      0.62409000      0.76505500      0.15874900      0.48940200     -0.54112800      0.68386000      0.00022000     -0.01028100      0.00924600     -0.07162800      0.02128800     -0.03891100      0.51891800
     0.17336500     -0.01293000      0.37106300     -0.57483400      0.38434800     -0.72241800     -0.67071000     -0.72702500      0.14681600     -0.46807900      0.56844600      0.67660800      0.00046200     -0.02052600      0.01853500     -0.06200600     -0.06801200      0.14483700      0.51988300     -0.20964500     -0.05381700      0.32721300     -0.93798500     -0.16370800      0.30557500      0.28452300     -0.86684800      0.40933500      0.19905300      0.47110100      0.85924700      0.00000000      0.00000000      0.00000000      0.00000000      0.00000000      0.00000000      0.51490300      0.02319000      0.01651200     -0.00622500      0.94191100      0.13679200      0.30674000     -0.26032300      0.87441400      0.40942700     -0.21221100     -0.46549600      0.85923100     -0.00000500     -0.00000100     -0.00000700     -0.00001100     -0.00000700      0.00000200      0.50917900      0.08501700      0.03600800     -0.03244600      0.60520500     -0.35088800     -0.71456500      0.62700900      0.76317200      0.15629300      0.49049500     -0.54262800      0.68188500      0.00022100     -0.01025700      0.00926900     -0.06299500      0.01214000     -0.02786500      0.51859200
     0.17337200     -0.01326800      0.37136900     -0.57613500      0.38147000     -0.72290700     -0.66755800     -0.72992900      0.14677500     -0.47097000      0.56666700      0.67609400      0.00046400     -0.02050400      0.01855900     -0.07147800      0.02110200     -0.03912300      0.51964700     -0.20964500     -0.05381200      0.32722000     -0.93783900     -0.16395000      0.30589300      0.28488500     -0.86677300      0.40924200      0.19922100      0.47115500      0.85917800      0.00009800      0.00070400      0.00081400     -0.01260700      0.08785800     -0.17796700      0.51492000      0.02319000      0.01651300     -0.00622400      0.94182100      0.13695200      0.30694600     -0.26056000      0.87437200      0.40936700     -0.21232200     -0.46552800      0.85918600      0.00006100      0.00047400      0.00054200     -0.00000400      0.00000100     -0.00000400      0.50917900      0.08502100      0.03583900     -0.03229300      0.60628200     -0.34798400     -0.71507200      0.62375700      0.76585900      0.15616100      0.49330300     -0.54070900      0.68138400      0.00022200     -0.01024800      0.00927900     -0.06623600     -0.06356600      0.13986100      0.51842900
     0.17338600     -0.01391300      0.37195400     -0.56914400      0.38405600     -0.72706400     -0.67121600     -0.72771800      0.14095200     -0.47426200      0.56775800      0.67287000      0.00046600     -0.02046300      0.01860400     -0.06542900     -0.06390500      0.14059100      0.52007000     -0.20964400     -0.05380600      0.32722700     -0.93764100     -0.16427600      0.30632200      0.28537500     -0.86667100      0.40911600      0.19944900      0.47122900      0.85908500      0.00001900      0.00013900      0.00016000      0.00000000      0.00000000      0.00000000      0.51458000      0.02319100      0.01651800     -0.00621900      0.94158400      0.13737000      0.30748600     -0.26118100      0.87426100      0.40920800     -0.21261100     -0.46561300      0.85906900      0.00000700      0.00006800      0.00007600     -0.00001100      0.00000500      0.00000200      0.50885200      0.08502800      0.03551700     -0.03200000      0.59960200     -0.35089300     -0.71927000      0.62754300      0.76390300      0.15046800      0.49665500     -0.54159500      0.67823800      0.00010700     -0.00511400      0.00465200     -0.03765700      0.01242500     -0.02174100      0.51826500
     0.17339700     -0.01446400      0.37244500     -0.56073900      0.38733600     -0.73183900     -0.67549400     -0.72512200      0.13371300     -0.47818900      0.56884500      0.66916200      0.00023300     -0.01024300      0.00930000     -0.02967400     -0.07411400      0.16031100      0.51963100     -0.20964400     -0.05380600      0.32722700     -0.93738500     -0.16469900      0.30687800      0.28601000     -0.86653900      0.40895200      0.19974400      0.47132500      0.85896300      0.00000000      0.00000000      0.00000000      0.00000000      0.00000000      0.00000000      0.51390500      0.02319100      0.01651800     -0.00621900      0.94138800      0.13771400      0.30793100     -0.26169200      0.87417000      0.40907600     -0.21284900     -0.46568300      0.85897200     -0.00000400     -0.00000500     -0.00000800      0.00001300     -0.00001000      0.00000200      0.50836200      0.08503400      0.03523300     -0.03174800      0.59137800     -0.35468600     -0.72420200      0.63214500      0.76149100      0.14325600      0.50066200     -0.54252000      0.67454200      0.00010800     -0.00511300      0.00465600     -0.03056300     -0.07320500      0.15933300      0.51875500
     0.17339200     -0.01467200      0.37264600     -0.56074000      0.38520500     -0.73296200     -0.67293700     -0.72775800      0.13227700     -0.48177400      0.56692700      0.66821700      0.00027600     -0.00934000      0.00997200     -0.03574600      0.01045100     -0.01960600      0.51980300     -0.20964400     -0.05380600      0.32722700     -0.93728300     -0.16486800      0.30710100      0.28626400     -0.86648600      0.40888600      0.19986200      0.47136300      0.85891500      0.00000000      0.00000000      0.00000000     -0.01260700      0.08785800     -0.17796700      0.51377800      0.02319100      0.01651800     -0.00621900      0.94124100      0.13797200      0.30826500     -0.26207500      0.87410200      0.40897700     -0.21302800     -0.46573500      0.85890000     -0.00000500     -0.00000400     -0.00000800     -0.01259200      0.08784500     -0.17796800      0.50787300      0.08503100      0.03512800     -0.03164800      0.59129300     -0.35254200     -0.72531800      0.62945000      0.76399300      0.14179900      0.50414800     -0.54039600      0.67365100      0.00013200     -0.00460200      0.00503600     -0.03607100      0.01060700     -0.01955600      0.51891800
     0.17339900     -0.01493300      0.37290900     -0.55718700      0.38704900     -0.73469800     -0.67554500     -0.72576500      0.12991000     -0.48224900      0.56822100      0.66677400      0.00001100      0.00024200      0.00018000      0.00000000     -0.00000000     -0.00000000      0.51948800     -0.20964400     -0.05380600      0.32722700     -0.93712900     -0.16512200      0.30743400      0.28664500     -0.86640700      0.40878800      0.20003900      0.47142100      0.85884200      0.00000000      0.00000000      0.00000000      0.00000000      0.00000000      0.00000000      0.51409500      0.02319100      0.01651800     -0.00621900      0.94109400      0.13823000      0.30859800     -0.26245800      0.87403300      0.40887800     -0.21320600     -0.46578700      0.85882700     -0.00000600     -0.00000200     -0.00000700     -0.00000200     -0.00001300      0.00000800      0.50787300      0.08503400      0.03499900     -0.03151500      0.58786900     -0.35458600     -0.72710200      0.63220400      0.76214600      0.13946800      0.50470400     -0.54166600      0.67221300      0.00000100      0.00014600      0.00010700      0.00597100     -0.08424000      0.18018400      0.51924500
     0.17338900     -0.01500100      0.37296000     -0.55502000      0.38815900     -0.73575200     -0.67694500     -0.72475900      0.12822700     -0.48278600      0.56874600      0.66593700     -0.00000200     -0.00003900     -0.00002900      0.00608300     -0.08423800      0.18006900      0.51985000     -0.20964500     -0.05381200      0.32722000     -0.93701800     -0.16530400      0.30767300      0.28691800     -0.86635000      0.40871700      0.20016500      0.47146200      0.85879000     -0.00000000     -0.00000100     -0.00000100      0.00000000      0.00000000      0.00000000      0.51402700      0.02319000      0.01651500     -0.00622200      0.94098900      0.13841400      0.30883700     -0.26273100      0.87398400      0.40880700     -0.21333400     -0.46582400      0.85877500     -0.00000200      0.00000300      0.00000300     -0.00000200     -0.00000300     -0.00000600      0.50770900      0.08502900      0.03496500     -0.03149000      0.58589700     -0.35574900     -0.72812600      0.63360900      0.76126300      0.13790400      0.50523600     -0.54214500      0.67142700     -0.00000300     -0.00002400     -0.00001700     -0.00006800      0.00000800      0.00009200      0.51908200
     0.17338900     -0.01496300      0.37293700     -0.55421500      0.38856400     -0.73614500     -0.67737300     -0.72449000      0.12748300     -0.48311200      0.56881100      0.66564600      0.00000100      0.00001500      0.00001100      0.00000000      0.00000000      0.00000000      0.51993100     -0.20964500     -0.05380400      0.32721300     -0.93785400     -0.16516600      0.30519100      0.28584900     -0.86605100      0.41009700      0.19775400      0.47205900      0.85902100     -0.00000000     -0.00000000     -0.00000000     -0.00000000     -0.00000000      0.00000000      0.51412000      0.02319000      0.01651900     -0.00622600      0.94182500      0.13825200      0.30635200     -0.26167000      0.87365400      0.41019000     -0.21093600     -0.46649100      0.85900600     -0.00000100      0.00000200     -0.00000000      0.00020000      0.00038900     -0.00026500      0.50803600      0.08502900      0.03498400     -0.03150100      0.58500200     -0.35626900     -0.72859000      0.63414100      0.76097200      0.13706400      0.50560500     -0.54221200      0.67109500     -0.00000000      0.00000500      0.00000200     -0.00004200      0.00000200      0.00005500      0.51940800
     0.17339900     -0.01495600      0.37293000     -0.55405900      0.38864200     -0.73622200     -0.67745300     -0.72444200      0.12733500     -0.48317900      0.56881900      0.66559000      0.00000000      0.00000000      0.00000000      0.00000000      0.00000000      0.00000000      0.51943700     -0.20964500     -0.05380400      0.32721300     -0.93785400     -0.16516600      0.30519100      0.28584900     -0.86605100      0.41009700      0.19775400      0.47205900      0.85902100     -0.00007600     -0.00054600     -0.00063100     -0.00000000     -0.00000000      0.00000000      0.51455400      0.02319000      0.01652000     -0.00622400      0.94182400      0.13825300      0.30635500     -0.26167200      0.87365400      0.41018800     -0.21093900     -0.46649000      0.85900600     -0.00005200     -0.00037400     -0.00043500      0.00002200      0.00005700     -0.00003800      0.50803600      0.08503400      0.03498800     -0.03150500      0.58485200     -0.35635500     -0.72866900      0.63422500      0.76092800      0.13691700      0.50567400     -0.54221700      0.67103900     -0.00000000     -0.00000400     -0.00000400     -0.00003100      0.00000800      0.00006500      0.51924500
     0.17339900     -0.01495600      0.37293000     -0.55405900      0.38864200     -0.73622200     -0.67745300     -0.72444200      0.12733500     -0.48317900      0.56881900      0.66559000      0.00000000      0.00000000      0.00000000      0.00000000      0.00000000      0.00000000      0.52026400     -0.20965700     -0.05380900      0.32720800     -0.93773600     -0.16536100      0.30544900      0.28614300     -0.86599000      0.41002100      0.19789000      0.47210300      0.85896500     -0.00000300     -0.00002300     -0.00002700     -0.01260700      0.08786200     -0.17796500      0.51368700      0.02318400      0.01651600     -0.00622900      0.94175900      0.13836500      0.30650200     -0.26184000      0.87362400      0.41014500     -0.21101800     -0.46651200      0.85897400     -0.00000100     -0.00000700     -0.00000900     -0.00000200     -0.00000700     -0.00000100      0.50787300      0.08503400      0.03498800     -0.03150500      0.58485200     -0.35635500     -0.72866900      0.63422500      0.76092800      0.13691700      0.50567400     -0.54221700      0.67103900      0.00000300     -0.00000200     -0.00000300     -0.00003200      0.00001700      0.00006300      0.51940800
     0.17339900     -0.01495600      0.37293000     -0.55405900      0.38864200     -0.73622200     -0.67745300     -0.72444200      0.12733500     -0.48317900      0.56881900      0.66559000      0.00000000      0.00000000      0.00000000      0.00000000      0.00000000      0.00000000      0.51962200     -0.20965800     -0.05380100      0.32720100     -0.93763900     -0.16552200      0.30565900      0.28637900     -0.86595200      0.40993700      0.19800800      0.47211700      0.85893000     -0.00000000     -0.00000000     -0.00000000      0.00000000      0.00000000      0.00000000      0.51428500      0.02318400      0.01652000     -0.00623200      0.94161800      0.13861500      0.30682300     -0.26220400      0.87357000      0.41002800     -0.21119600     -0.46654000      0.85891500      0.00000300      0.00000300      0.00000700     -0.00000900      0.00000300     -0.00000300      0.50770900      0.08503400      0.03498800     -0.03150500      0.58485200     -0.35635500     -0.72866900      0.63422500      0.76092800      0.13691700      0.50567400     -0.54221600      0.67103900      0.00000200     -0.00000200     -0.00000300     -0.00003400      0.00001200      0.00006300      0.51924500
     0.17339900     -0.01494800      0.37292300     -0.55404500      0.38864800     -0.73622900     -0.67744800     -0.72445100      0.12730700     -0.48320200      0.56880300      0.66558700      0.00000000      0.00000000      0.00000000      0.00000000      0.00000000      0.00000000      0.52039600     -0.20964600     -0.05380200      0.32720000     -0.93754500     -0.16567700      0.30586200      0.28661200     -0.86590300      0.40987700      0.19811600      0.47215200      0.85888600     -0.00000000     -0.00000000     -0.00000000      0.00000000      0.00000000      0.00000000      0.51411400      0.02318900      0.01652000     -0.00623300      0.94157700      0.13868700      0.30691500     -0.26231100      0.87355100      0.41000000     -0.21124500     -0.46655500      0.85889500      0.00000400      0.00000100      0.00000600      0.00000600      0.00000600     -0.00000700      0.50770900      0.08503400      0.03499200     -0.03150800      0.58483800     -0.35636200     -0.72867600      0.63422000      0.76093700      0.13688800      0.50569500     -0.54219900      0.67103700      0.00000300     -0.00000200     -0.00000300     -0.00003200      0.00001300      0.00006400      0.51924500
     0.17339900     -0.01494100      0.37291600     -0.55403100      0.38865400     -0.73623600     -0.67744300     -0.72446100      0.12727800     -0.48322400      0.56878600      0.66558500      0.00000000      0.00000000      0.00000000      0.00000000      0.00000000      0.00000000      0.51966600     -0.20964800     -0.05378400      0.32717200     -0.93745100     -0.16583600      0.30606200      0.28683100     -0.86589100      0.40974800      0.19824200      0.47211800      0.85887600     -0.00000100     -0.00001000     -0.00001200      0.00000000      0.00000000      0.00000000      0.51380600      0.02318800      0.01652800     -0.00624600      0.94143900      0.13893400      0.30722700     -0.26265700      0.87352300      0.40983900     -0.21142900     -0.46653400      0.85886100      0.00000200      0.00000100      0.00000500     -0.00001200     -0.00000100     -0.00000300      0.50754600      0.08503400      0.03499500     -0.03151200      0.58482500     -0.35636900     -0.72868300      0.63421500      0.76094600      0.13686000      0.50571700     -0.54218100      0.67103500      0.00000300     -0.00000200     -0.00000200     -0.00003200      0.00001200      0.00006300      0.51940800
     0.17339800     -0.01494000      0.37290400     -0.55403500      0.38865200     -0.73623400     -0.67742800     -0.72447800      0.12726400     -0.48324100      0.56876700      0.66558900     -0.00000100     -0.00002400     -0.00001800      0.00000000      0.00000000      0.00000000      0.51980500     -0.20965100     -0.05372800      0.32711100     -0.93831400     -0.16565900      0.30350600      0.28565300     -0.86569400      0.41098700      0.19583600      0.47254300      0.85919400     -0.00000400     -0.00003200     -0.00003700     -0.00000000     -0.00000000      0.00000000      0.51234600      0.02318700      0.01655700     -0.00627700      0.94230000      0.13873300      0.30466800     -0.26148500      0.87329100      0.41108000     -0.20903400     -0.46702700      0.85917900      0.00000100     -0.00001200     -0.00001200      0.00011100      0.00020800     -0.00015100      0.50640300      0.08503400      0.03499500     -0.03151800      0.58482800     -0.35636700     -0.72868200      0.63420000      0.76096100      0.13684500      0.50573200     -0.54216200      0.67104000      0.00000100     -0.00000900     -0.00000700     -0.00003400      0.00001300      0.00004300      0.51924500
     0.17339800     -0.01492500      0.37289000     -0.55400800      0.38866400     -0.73624800     -0.67741800     -0.72449700      0.12720700     -0.48328600      0.56873400      0.66558400     -0.00000000     -0.00000000     -0.00000000      0.00000000      0.00000000      0.00000000      0.51967500     -0.20965800     -0.05352300      0.32682500     -0.94102000     -0.16487900      0.29544500      0.28165100     -0.86529300      0.41457900      0.18847200      0.47354900      0.86028700     -0.00067100      0.00879400     -0.01096100     -0.28141600     -0.65302100      0.43613500      0.50467300      0.02318400      0.01665500     -0.00641000      0.94413800      0.13812300      0.29920700     -0.25870700      0.87306900      0.41330300     -0.20414200     -0.46762200      0.86003100     -0.00037800      0.00406300     -0.00586600      0.03553600      0.00312300     -0.00933300      0.50052400      0.08503400      0.03500300     -0.03152500      0.58480200     -0.35638100     -0.72869600      0.63419000      0.76098000      0.13678800      0.50577500     -0.54212600      0.67103600      0.00000100      0.00000200      0.00000200     -0.00002700      0.00000000      0.00004900      0.51940800
     0.17339800     -0.01491000      0.37287600     -0.55398000      0.38867600     -0.73626200     -0.67740800     -0.72451600      0.12714900     -0.48333100      0.56870100      0.66558000     -0.00000000     -0.00000000     -0.00000000      0.00000000      0.00000000      0.00000000      0.51965900     -0.20963800     -0.05332200      0.32656300     -0.94200600     -0.16448700      0.29250700      0.27997800     -0.86545600      0.41537100      0.18601100      0.47338600      0.86091200      0.01477400      0.00786000     -0.01277500      0.03819700     -0.02724400      0.04726000      0.49917700      0.02318800      0.01675500     -0.00654000      0.94597600      0.13748100      0.29364300     -0.25584300      0.87285000      0.41554400     -0.19917700     -0.46822100      0.86086900     -0.00063900      0.00898400     -0.01074000      0.07189800     -0.00861900      0.00846700      0.49546200      0.08503400      0.03500700     -0.03152900      0.58478800     -0.35638800     -0.72870400      0.63418600      0.76098900      0.13675900      0.50579600     -0.54210900      0.67103400     -0.00000100      0.00000200      0.00000300     -0.00002700      0.00000000      0.00004600      0.51924500
     0.17339700     -0.01488700      0.37285500     -0.55393900      0.38869500     -0.73628400     -0.67739400     -0.72454400      0.12706300     -0.48339900      0.56865200      0.66557300     -0.00000000     -0.00000000     -0.00000000      0.00000000      0.00000000      0.00000000      0.51954000     -0.20962700     -0.05268900      0.32577100     -0.94406000     -0.16005800      0.28831100      0.27490600     -0.86455600      0.42059900      0.18312500      0.47653300      0.85979400     -0.00128200      0.01803800     -0.02140800     -0.29742600      0.27107000      0.20894200      0.47299400      0.02319900      0.01707000     -0.00693800      0.94797600      0.13438400      0.28858600     -0.25123600      0.87254900      0.41897200     -0.19550300     -0.46967900      0.86091700     -0.00067700      0.00868100     -0.01109600     -0.35443300      0.32333600      0.23619100      0.47325500      0.08503300      0.03502200     -0.03154300      0.58473500     -0.35641600     -0.72873300      0.63416600      0.76102600      0.13664400      0.50588300     -0.54203900      0.67102600     -0.00000100      0.00000100      0.00000200     -0.00002700      0.00000200      0.00004000      0.51908200
     0.17338700     -0.01485600      0.37283900     -0.55390000      0.38871300     -0.73630300     -0.67737800     -0.72457400      0.12697900     -0.48346500      0.56860200      0.66556700     -0.00023500      0.01020300     -0.00933400      0.03574700     -0.01043700      0.01961200      0.51979500     -0.20948900     -0.05173300      0.32469600     -0.94552000     -0.15723100      0.28506600      0.27085000     -0.86542900      0.42143600      0.18162900      0.47588500      0.86047000     -0.00157100      0.02962600     -0.02913900      0.09607500     -0.02689900      0.05976000      0.43864700      0.02326700      0.01755200     -0.00748700      0.94928600      0.12995100      0.28630000     -0.24665800      0.87247900      0.42182800     -0.19497400     -0.47105400      0.86028600     -0.00076300      0.01485500     -0.01451900      0.12924900     -0.03793300      0.05343600      0.43422800      0.08502800      0.03503400     -0.03154700      0.58471100     -0.35642900     -0.72874600      0.63415500      0.76104500      0.13658900      0.50592400     -0.54200300      0.67102300     -0.00000100     -0.00000400     -0.00000300     -0.00001700      0.00000700      0.00004000      0.51924500
     0.17338700     -0.01485600      0.37283900     -0.55390000      0.38871300     -0.73630300     -0.67737800     -0.72457400      0.12697900     -0.48346500      0.56860200      0.66556700      0.00000000      0.00000000      0.00000000      0.00000000      0.00000000      0.00000000      0.51978500     -0.20933100     -0.05114400      0.32413100     -0.94594600     -0.15485900      0.28494800      0.26876000     -0.86575400      0.42210500      0.18251600      0.47606800      0.86018100      0.01410600      0.03061600     -0.02873000      0.04887800     -0.00133200      0.11144900      0.42296800      0.02334100      0.01783300     -0.00776000      0.94959800      0.12771700      0.28626800     -0.24473700      0.87270300      0.42248200     -0.19587000     -0.47124900      0.85997500     -0.00065300      0.01566000     -0.01359000      0.05615100      0.01319100      0.08589900      0.41267400      0.08502800      0.03503800     -0.03155000      0.58469700     -0.35643600     -0.72875300      0.63415000      0.76105400      0.13656000      0.50594600     -0.54198500      0.67102100      0.00000100     -0.00000400     -0.00000400     -0.00001700      0.00000800      0.00003900      0.51908200
