     0.17249900     -0.01770800      0.34143400     -0.72761800      0.34627400     -0.59220900     -0.47918400     -0.87427400      0.07745800     -0.49003100      0.33970100      0.80280700      0.00000000      0.00000300      0.00000300      0.00000000     -0.00000000     -0.00000000      0.51221800     -0.19325000     -0.05436000      0.29430700      0.14493200     -0.75839500      0.63547100      0.80895800      0.46052600      0.36529100     -0.56986500      0.46206500      0.67942100     -0.01612300     -0.00104200     -0.00032700     -0.00185000      0.01354200     -0.03081400      0.28545500      0.03059300      0.02691200     -0.00966900     -0.09857300      0.76426600      0.63732200     -0.81390800     -0.43041000      0.39025500      0.57256900     -0.48025300      0.66446900     -0.00037900      0.00467600     -0.00530200      0.02393600     -0.00234500      0.02102600      0.20774500      0.08860000      0.04181300     -0.03428400      0.77665300     -0.24427000     -0.58063800      0.34970300      0.93386200      0.07488800      0.52394400     -0.26121300      0.81070900      0.00000100     -0.00000600     -0.00000100     -0.00039800      0.00007400      0.00034100      0.50977400
     0.17249900     -0.01770800      0.34143400     -0.72761800      0.34627400     -0.59220900     -0.47918400     -0.87427400      0.07745800     -0.49003100      0.33970100      0.80280700      0.00000000      0.00000000      0.00000000      0.00000000     -0.00000000     -0.00000000      0.51208900     -0.19330700     -0.05433800      0.29418100      0.15173500     -0.75778000      0.63461700      0.80707400      0.46553700      0.36309800     -0.57077400      0.45802500      0.68139100     -0.00030600     -0.00308800     -0.00428300      0.00748800      0.00222000     -0.03235700      0.28348900      0.03055900      0.02692500     -0.00972800     -0.10551300      0.76392600      0.63661700     -0.81234200     -0.43546200      0.38790700      0.57355600     -0.47622200      0.66651600     -0.00043800      0.00405900     -0.00616100      0.02373600     -0.00207900      0.02123600      0.20529500      0.08859900      0.04181300     -0.03428400      0.77665100     -0.24427500     -0.58063800      0.34970900      0.93386000      0.07488900      0.52394200     -0.26121700      0.81070900      0.00000300     -0.00000600     -0.00000200     -0.00024700      0.00007100      0.00035900      0.50944800
     0.17249900     -0.01771500      0.34142800     -0.72753500      0.34635100     -0.59226600     -0.47926300     -0.87423600      0.07738900     -0.49007700      0.33971900      0.80277200     -0.00000300     -0.00005100     -0.00004600      0.00000000      0.00000000      0.00000000      0.51195600     -0.19339100     -0.05425000      0.29384700      0.16765100     -0.75495400      0.63397900      0.79971600      0.48009700      0.36041000     -0.57667200      0.44751300      0.68340600     -0.00035100     -0.00352500     -0.00489700      0.08995100     -0.11421800     -0.07006800      0.28205200      0.03051700      0.02696400     -0.00989300     -0.12099000      0.76158400      0.63667100     -0.80542100     -0.45021600      0.38548900      0.58022200     -0.46614800      0.66786700     -0.00048900      0.00352400     -0.00690500      0.19482800     -0.18849000     -0.11968600      0.20121300      0.08859900      0.04181000     -0.03428700      0.77657700     -0.24437400     -0.58069600      0.34980700      0.93382900      0.07482100      0.52398700     -0.26123600      0.81067400      0.00000100     -0.00003500     -0.00003000     -0.00017400      0.00003400      0.00025000      0.50912100
     0.17251000     -0.01770800      0.34143300     -0.72954300      0.34206600     -0.59228600     -0.47410800     -0.87704500      0.07736400     -0.49209600      0.33681700      0.80275900      0.00004200      0.00080300      0.00072200      0.00000000     -0.00000000     -0.00000000      0.51227100     -0.19346900     -0.05419700      0.29342800      0.17688700     -0.75247800      0.63441200      0.79427000      0.48968900      0.35954500     -0.58143500      0.44122500      0.68345900     -0.00045800     -0.00458300     -0.00638100     -0.00173700      0.01399900     -0.02512900      0.28177200      0.03047800      0.02699100     -0.01010300     -0.13062000      0.75948300      0.63727800     -0.80039900     -0.46010100      0.38427600      0.58506300     -0.45988300      0.66798800     -0.00024500     -0.00251800     -0.00349900     -0.00257400      0.01622700     -0.02306700      0.19958000      0.08860500      0.04181100     -0.03428600      0.77796200     -0.23984000     -0.58073200      0.34429800      0.93588200      0.07471400      0.52557800     -0.25807000      0.81065700      0.00003000      0.00054300      0.00048900     -0.00022400      0.00005200      0.00031600      0.50912100
     0.17251000     -0.01770800      0.34143300     -0.72944600      0.34215700     -0.59235300     -0.47420100     -0.87700200      0.07728200     -0.49215000      0.33683700      0.80271800      0.00000000      0.00000000      0.00000000      0.00000000      0.00000000      0.00000000      0.51202100     -0.19353100     -0.05423500      0.29305800      0.18394700     -0.75114400      0.63398600      0.79218900      0.49501900      0.35682800     -0.58209300      0.43752800      0.68527400     -0.00051300     -0.00511900     -0.00714500      0.14437800     -0.17201800     -0.13950700      0.28033200      0.03044600      0.02697400     -0.01029300     -0.13700800      0.75833400      0.63730500     -0.79845400     -0.46531700      0.38203300      0.58625800     -0.45651700      0.66924700     -0.00023700     -0.00241500     -0.00336600      0.24466300     -0.27485400     -0.19333800      0.19811000      0.08860500      0.04181300     -0.03428400      0.77787600     -0.23995500     -0.58080000      0.34441000      0.93584700      0.07463500      0.52563100     -0.25809000      0.81061600      0.00000200     -0.00000500     -0.00000300     -0.00014200      0.00002800      0.00021600      0.50879400
     0.17251000     -0.01770800      0.34143300     -0.73145900      0.33783200     -0.59235300     -0.46900000     -0.87979400      0.07728200     -0.49413600      0.33391700      0.80271800      0.00000000      0.00000000      0.00000000      3.27365400     -0.42710300     -4.43624000      0.51218100     -0.19356500     -0.05428400      0.29292000      0.19308600     -0.74850400      0.63439000      0.78620400      0.50475000      0.35643200     -0.58724000      0.43086300      0.68510600     -0.00043400     -0.00432400     -0.00604100     -0.31478100     -0.16644800     -0.36783600      0.28000100      0.03042900      0.02694600     -0.01036800     -0.14691600      0.75615000      0.63769200     -0.79313500     -0.47528300      0.38084300      0.59105900     -0.44982500      0.66955600     -0.00021000     -0.00212800     -0.00296600     -0.33185400     -0.15325900     -0.36483100      0.19729400      0.08860500      0.04181300     -0.03428400      0.77787500     -0.23995900     -0.58080000      0.34441600      0.93584500      0.07463500      0.52563000     -0.25809300      0.81061600      0.00000200     -0.00000400     -0.00000400     -0.00011300      0.00002100      0.00016400      0.50863100
     0.17252000     -0.01770900      0.34143300     -0.73134600      0.33794000     -0.59243100     -0.46911000     -0.87974400      0.07718700     -0.49419800      0.33394000      0.80267000      0.00000000      0.00000000      0.00000000      0.00000000     -0.00000000     -0.00000000      0.51218900     -0.19361700     -0.05442900      0.29270200      0.20446200     -0.74592700      0.63386100      0.78074700      0.51475900      0.35410600     -0.59067700      0.42340500      0.68679800     -0.00032100     -0.00319300     -0.00447000      0.02185300     -0.03259000     -0.02192900      0.27867200      0.03040300      0.02687300     -0.01047700     -0.15856100      0.75398700      0.63746500     -0.78810800     -0.48557000      0.37829500      0.59476400     -0.44240800      0.67121500     -0.00018000     -0.00182100     -0.00254300     -0.00368400     -0.00643000     -0.04633500      0.19517100      0.08861000      0.04181300     -0.03428500      0.77916400     -0.23550700     -0.58089400      0.33898000      0.93784100      0.07446000      0.52725200     -0.25492800      0.81056500      0.00000300     -0.00000300     -0.00000200     -0.00016500      0.00004000      0.00024100      0.50863100
     0.17253200     -0.01771800      0.34145100     -0.73133800      0.33794900     -0.59243500     -0.46914500     -0.87972200      0.07722200     -0.49417700      0.33398700      0.80266300      0.00021600     -0.01056600      0.00887300     -0.03570500      0.01160700     -0.01902300      0.51224400     -0.19363600     -0.05450600      0.29259500      0.21790700     -0.74361400      0.63209700      0.77591400      0.52475700      0.35003100     -0.59225600      0.41509800      0.69050000     -0.00010700     -0.00105700     -0.00148100      0.33147500     -0.42357100     -0.26042800      0.27900700      0.03039300      0.02683200     -0.01053400     -0.16983100      0.75186600      0.63706600     -0.78293900     -0.49552900      0.37610500      0.59846600     -0.43491000      0.67282200     -0.00005300     -0.00054500     -0.00075600     -0.01330900      0.01232300      0.00600200      0.19402800      0.08861600      0.04180800     -0.03427500      0.77915500     -0.23552600     -0.58089800      0.33902800      0.93782100      0.07449500      0.52723400     -0.25498400      0.81055900      0.00011000     -0.00528200      0.00443700     -0.03581000      0.01161600     -0.01888000      0.50830500
     0.17253200     -0.01771800      0.34145100     -0.73133800      0.33794900     -0.59243500     -0.46914500     -0.87972200      0.07722200     -0.49417700      0.33398700      0.80266300      0.00000000      0.00000200      0.00000200      0.00000000      0.00000000      0.00000000      0.51198800     -0.19361300     -0.05451600      0.29257900      0.22454500     -0.74249300      0.63109000      0.77348200      0.52962000      0.34808400     -0.59296700      0.41089400      0.69240100     -0.00001800     -0.00018300     -0.00025600      0.07766800     -0.10389700     -0.06580700      0.27898100      0.03040500      0.02682700     -0.01054200     -0.17862300      0.75127200      0.63536000     -0.78154900     -0.50062300      0.37223200      0.59772400     -0.43007700      0.67657800     -0.00000200     -0.00002900     -0.00003700      0.08192800     -0.15788700     -0.11826700      0.19402800      0.08861600      0.04180800     -0.03427500      0.77915400     -0.23552800     -0.58089800      0.33903000      0.93782100      0.07449500      0.52723300     -0.25498500      0.81055900      0.00000100     -0.00000500     -0.00000500     -0.00008400      0.00001900      0.00013100      0.50830500
     0.17254300     -0.01772100      0.34147600     -0.73131700      0.33797200     -0.59244900     -0.46919300     -0.87969400      0.07724400     -0.49416300      0.33403800      0.80265100      0.00000900      0.00016300      0.00014700      0.00000000      0.00000000      0.00000000      0.51167100     -0.19357400     -0.05452500      0.29261700      0.23994200     -0.74038800      0.62788900      0.76918600      0.53949100      0.34239800     -0.59254700      0.40172300      0.69811900      0.00066800     -0.01023100      0.00941800      0.14484900     -0.22015900     -0.16015800      0.27825000      0.03042400      0.02682700     -0.01052400     -0.19360000      0.74966800      0.63286300     -0.77758100     -0.51059400      0.36696100      0.59823600     -0.42105900      0.68177900      0.00004200      0.00042700      0.00060200      0.28024500     -0.33628400     -0.19810900      0.19288500      0.08862200      0.04180700     -0.03426300      0.77913500     -0.23555700     -0.58091200      0.33908500      0.93779900      0.07451800      0.52722600     -0.25503900      0.81054700      0.00000500      0.00009200      0.00008100     -0.00007500      0.00000400      0.00009600      0.50830500
     0.17255600     -0.01771100      0.34151200     -0.73325500      0.33368600     -0.59248200     -0.46405200     -0.88241700      0.07724400     -0.49613400      0.33116200      0.80262600      0.00001800      0.00035200      0.00031600      0.00000000     -0.00000000     -0.00000000      0.51203300     -0.19347200     -0.05452500      0.29270000      0.25515400     -0.73824000      0.62441100      0.76477600      0.54913100      0.33690900     -0.59192100      0.39248300      0.70388200      0.00006100      0.00060900      0.00085300      0.06109700     -0.07793700     -0.04790600      0.27838600      0.03047600      0.02682500     -0.01047700     -0.20991500      0.74814500      0.62945500     -0.77396200     -0.52053900      0.36058500      0.59742600     -0.41148200      0.68830400      0.00003500      0.00037100      0.00052200      0.03603400     -0.05762600     -0.03986200      0.19125200      0.08862800      0.04181200     -0.03424500      0.78045300     -0.23102600     -0.58096300      0.33359700      0.93977100      0.07443600      0.52877600     -0.25190200      0.81051800      0.00000800      0.00016700      0.00014900     -0.00022600      0.00003400      0.00017300      0.50797800
     0.17255700     -0.01770000      0.34153600     -0.73322500      0.33371600     -0.59250300     -0.46409600     -0.88239500      0.07723800     -0.49613900      0.33119100      0.80261100      0.00003800      0.00072300      0.00064900      0.00000000     -0.00000000     -0.00000000      0.51223400     -0.19343400     -0.05453100      0.29272400      0.26387600     -0.73707300      0.62216100      0.76281600      0.55413500      0.33313500     -0.59063500      0.38759900      0.70765800      0.00003800      0.00037600      0.00052600      0.07354500     -0.14419300     -0.11113800      0.27769800      0.03049500      0.02682300     -0.01046400     -0.21853200      0.74728900      0.62753600     -0.77227800     -0.52555100      0.35690500      0.59651400     -0.40663700      0.69196500      0.00001900      0.00021300      0.00030100      0.00913800     -0.18690100     -0.19286500      0.19076200      0.08862900      0.04181700     -0.03423300      0.78042600     -0.23106400     -0.58098400      0.33364800      0.93975400      0.07443300      0.52878400     -0.25193300      0.81050300      0.00002300      0.00044300      0.00039800     -0.00014000      0.00003000      0.00017600      0.50814100
     0.17258100     -0.01770100      0.34160300     -0.73316400      0.33378000     -0.59254200     -0.46422400     -0.88232300      0.07729000     -0.49610900      0.33131800      0.80257800      0.00006600      0.00126700      0.00113700      0.00000000      0.00000000      0.00000000      0.51217800     -0.19340500     -0.05451200      0.29278500      0.27249300     -0.73597800      0.61973800      0.76086700      0.55898600      0.32946900     -0.58924600      0.38267000      0.71148800      0.00004700      0.00046600      0.00065200      0.01145200     -0.01458700     -0.00896500      0.27087500      0.03050900      0.02683300     -0.01043300     -0.22744900      0.74646600      0.62534200     -0.77053700     -0.53062400      0.35314200      0.59543100     -0.40152800      0.69587000      0.00002000      0.00021400      0.00030200     -0.02093000      0.01716700      0.00710900      0.18472000      0.08864100      0.04181500     -0.03420100      0.78037500     -0.23114100     -0.58102300      0.33379000      0.93969900      0.07448600      0.52877000     -0.25206700      0.81047000      0.00004100      0.00080200      0.00072200     -0.00008600      0.00002300      0.00013100      0.50830500
     0.17259500     -0.01771800      0.34168400     -0.73510500      0.32946100     -0.59255400     -0.45910900     -0.88498400      0.07741500     -0.49798700      0.32854000      0.80255700      0.00006300      0.00120400      0.00108100      0.00000000     -0.00000000     -0.00000000      0.51278100     -0.19341100     -0.05448500      0.29287700      0.28127000     -0.73448000      0.61759000      0.75871900      0.56416100      0.32557900     -0.58790200      0.37790900      0.71513500      0.00013900      0.00139300      0.00194900      0.05532300     -0.07047100     -0.04330500      0.26504300      0.03050600      0.02684400     -0.01039000     -0.23612400      0.74528700      0.62353100     -0.76867200     -0.53581200      0.34935200      0.59446400     -0.39680100      0.69940000      0.00008500      0.00087100      0.00122200      0.05348100     -0.07131800     -0.04504700      0.17835200      0.08864800      0.04180800     -0.03416000      0.78168900     -0.22658100     -0.58105200      0.32833900      0.94161400      0.07453200      0.53024000     -0.24904400      0.81044500      0.00003300      0.00063000      0.00056600     -0.00016400      0.00001600      0.00020800      0.50863100
     0.17262000     -0.01772100      0.34176300     -0.73504200      0.32952800     -0.59259500     -0.45925400     -0.88490300      0.07748500     -0.49794600      0.32869100      0.80252000      0.00008300      0.00158100      0.00141800      0.00000000      0.00000000      0.00000000      0.51298100     -0.19340000     -0.05447900      0.29302900      0.29219500     -0.73105200      0.61658500      0.75242500      0.57359400      0.32369800     -0.59067400      0.37025500      0.71685400      0.00019700      0.00197300      0.00275800      0.12592800     -0.17226100     -0.07208000      0.25981400      0.03051100      0.02684700     -0.01031500     -0.24662500      0.74221000      0.62313600     -0.76259900     -0.54540900      0.34780800      0.59801200     -0.38942500      0.70052000      0.00035600     -0.00487500      0.00504900      0.16121900     -0.22388700     -0.15479700      0.17084100      0.08866000      0.04180500     -0.03412100      0.78163500     -0.22666400     -0.58109300      0.32850100      0.94155200      0.07460400      0.53022000     -0.24920300      0.81040900      0.00015000     -0.00445900      0.00517700     -0.03498000     -0.00209600      0.00645800      0.50879400
     0.17262100     -0.01770300      0.34179300     -0.73499800      0.32957200     -0.59262600     -0.45931100     -0.88487500      0.07746800     -0.49795900      0.32872300      0.80249900      0.00010100      0.00193800      0.00173700      0.00082800     -0.01369200      0.02534600      0.51297000     -0.19338300     -0.05450200      0.29310200      0.29449000     -0.73091100      0.61565900      0.75285000      0.57415500      0.32171000     -0.58899200      0.36966200      0.71854100      0.00013300      0.00133400      0.00186400      0.14783100     -0.18850900     -0.11573800      0.25705100      0.03052000      0.02683700     -0.01027600     -0.24885400      0.74217200      0.62229500     -0.76311100     -0.54590500      0.34590100      0.59643300     -0.38880200      0.70221000      0.00038400     -0.00460900      0.00541500      0.19745800     -0.26783700     -0.18086300      0.16757500      0.08866100      0.04181400     -0.03410600      0.78159600     -0.22671600     -0.58112400      0.32856500      0.94153100      0.07458800      0.53023600     -0.24923500      0.81038900      0.00004800      0.00094100      0.00084400      0.00075000     -0.01367700      0.02546700      0.50912100
     0.17263400     -0.01766500      0.34184000     -0.73683600      0.32531500     -0.59269600     -0.45417800     -0.88752600      0.07740200     -0.49994200      0.32581200      0.80245300      0.00009500      0.00182700      0.00163700      0.00082800     -0.01369100      0.02534600      0.51396300     -0.19336100     -0.05456100      0.29324900      0.30100000     -0.72918400      0.61455800      0.74982600      0.57905200      0.31999000     -0.58956800      0.36539600      0.72024800      0.00069000     -0.01003100      0.00969400     -0.03071700      0.00408500     -0.02227500      0.24675800      0.03053100      0.02681200     -0.01020500     -0.25617700      0.74070900      0.62106600     -0.76050300     -0.55103800      0.34349800      0.59666300     -0.38432600      0.70447500      0.00004200      0.00045500      0.00063700     -0.01515600      0.01320900      0.00559000      0.15843100      0.08866700      0.04183300     -0.03408300      0.78283000     -0.22221400     -0.58120300      0.32308200      0.94343700      0.07445300      0.53178400     -0.24606000      0.81034400      0.00001400      0.00027400      0.00024500     -0.00024200      0.00004600      0.00018400      0.50977400
     0.17263600     -0.01763900      0.34186400     -0.73678100      0.32536900     -0.59273500     -0.45423300     -0.88750200      0.07735500     -0.49997300      0.32582300      0.80242900      0.00002900      0.00056400      0.00050500      0.00000000      0.00000000      0.00000000      0.51457500     -0.19338000     -0.05461600      0.29331700      0.30969600     -0.72741100      0.61233400      0.74741600      0.58422900      0.31619600     -0.58813500      0.36064300      0.72380800      0.00005300      0.00053500      0.00074700      0.03392000     -0.04326500     -0.02653100      0.22251700      0.03052200      0.02678000     -0.01016900     -0.26499000      0.73925400      0.61909800     -0.75841600     -0.55628700      0.33963000      0.59546900     -0.37953500      0.70807300      0.00003000      0.00032400      0.00045400      0.01745000     -0.02906000     -0.02074600      0.13687600      0.08866800      0.04184800     -0.03406800      0.78277000     -0.22229800     -0.58125200      0.32316300      0.94341400      0.07439700      0.53182300     -0.24607400      0.81031500      0.00001300      0.00026600      0.00023900     -0.00011500      0.00001700      0.00016200      0.51026400
     0.17263600     -0.01763300      0.34187000     -0.73676700      0.32538300     -0.59274500     -0.45424700     -0.88749600      0.07734300     -0.49998100      0.32582600      0.80242300      0.00001400      0.00026600      0.00023800      0.00000000      0.00000000      0.00000000      0.51447000     -0.19337900     -0.05461900      0.29333000      0.31837700     -0.72554700      0.61008900      0.74505300      0.58934400      0.31225600     -0.58650700      0.35603000      0.72740300      0.00004600      0.00046200      0.00064500     -0.83255400     -0.74595800     -1.34596500      0.20834900      0.03052200      0.02677800     -0.01016200     -0.27166500      0.73820800      0.61745100     -0.75715700     -0.55997600      0.33636000      0.59406300     -0.37613100      0.71106500      0.00008000      0.00035500      0.00033600     -3.09685800     -2.06118600     -4.21106900      0.11989400      0.08866800      0.04185200     -0.03406500      0.78275700     -0.22231700     -0.58126100      0.32318200      0.94340800      0.07438500      0.53183000     -0.24607800      0.81030900      0.00000600      0.00013500      0.00012200     -0.00008500      0.00002100      0.00013300      0.51042700
     0.17264600     -0.01763900      0.34186300     -0.73676500      0.32538500     -0.59274500     -0.45424900     -0.88749500      0.07734100     -0.49998200      0.32582600      0.80242300     -0.00003000     -0.00058100     -0.00052100      0.00000000      0.00000000      0.00000000      0.51455300     -0.19332800     -0.05458800      0.29337000      0.32885400     -0.72571500      0.60430400      0.74326900      0.59355100      0.30851400     -0.58299000      0.34860200      0.73380000      0.00005900      0.00059300      0.00082700      0.06805900     -0.08710000     -0.05361200      0.17627700      0.03054800      0.02679400     -0.01014200     -0.28458300      0.73826100      0.61154000     -0.75492700     -0.56575100      0.33167500      0.59084300     -0.36728000      0.71833700      0.00003500      0.00035400      0.00049800      0.04046700     -0.06537200     -0.04660800      0.08168400      0.08867300      0.04185000     -0.03406700      0.78275500     -0.22232100     -0.58126200      0.32318600      0.94340700      0.07438300      0.53183000     -0.24607900      0.81030900     -0.00002400     -0.00047500     -0.00042300     -0.00006600      0.00004100      0.00012000      0.51026400
     0.17265700     -0.01763900      0.34186300     -0.73866300      0.32103300     -0.59275600     -0.44900200     -0.89016300      0.07732800     -0.50191100      0.32286300      0.80241600     -0.00000000     -0.00000000     -0.00000000      0.00000600     -0.00000100     -0.00000800      0.51475600     -0.19322800     -0.05455300      0.29341300      0.34142100     -0.72431300      0.59899400      0.74220000      0.59868400      0.30108200     -0.57711300      0.34267400      0.74120100      0.00006700      0.00067400      0.00094000      0.06356900     -0.16207600      0.13323500      0.14479600      0.03059800      0.02681200     -0.01012000     -0.29754600      0.73719300      0.60664000     -0.75423100     -0.57107900      0.32404200      0.58532100     -0.36113000      0.72593600      0.00805900      0.00040200      0.00000300      0.00915200     -0.04125700      0.00574300      0.03645300      0.08867900      0.04184800     -0.03406900      0.78402400     -0.21772800     -0.58129100      0.31759600      0.94531100      0.07428600      0.53332700     -0.24285800      0.81029700      0.00000100     -0.00000100     -0.00000000     -0.00035700      0.00009900      0.00010600      0.51075400
     0.17266800     -0.01763300      0.34186800     -0.73863400      0.32106300     -0.59277600     -0.44903200     -0.89015000      0.07730200     -0.50192700      0.32286800      0.80240400      0.00000100      0.00002700      0.00002400      0.00000000     -0.00000000     -0.00000000      0.51454700     -0.19311700     -0.05453000      0.29345400      0.34968800     -0.72473400      0.59369300      0.74450900      0.59955200      0.29356100     -0.56914100      0.34025100      0.74844500      0.01616200      0.00126600      0.00064300      0.04311700     -0.06730000     -0.00271400      0.12351300      0.03064700      0.02682100     -0.01010200     -0.30588900      0.73796500      0.60153100     -0.75679200     -0.57182300      0.31667600      0.57766500     -0.35836600      0.73340000      0.00002500      0.00026600      0.00036800      0.00681800     -0.02374700     -0.02200700      0.00150800      0.08868400      0.04185100     -0.03406700      0.78399800     -0.21777000     -0.58131100      0.31763900      0.94529800      0.07426300      0.53334000     -0.24286900      0.81028400      0.00000100      0.00000800      0.00000800     -0.00013300      0.00000400      0.00017300      0.51075400
     0.17266800     -0.01763300      0.34186800     -0.73853900      0.32115700     -0.59284300     -0.44912600     -0.89010900      0.07722100     -0.50198100      0.32288700      0.80236200      0.00000000      0.00000000      0.00000000      0.00000000      0.00000000      0.00000000      0.51445800     -0.19306700     -0.05450900      0.29347900      0.35384700     -0.72484400      0.59108900      0.74559400      0.60007400      0.28971700     -0.56514000      0.33909300      0.75199500      0.00010700      0.00108200      0.00150800      0.07503300     -0.09509700     -0.05834500      0.11823400      0.03067800      0.02683300     -0.01008800     -0.30996900      0.73825500      0.59908100     -0.75799800     -0.57225000      0.31299600      0.57389500     -0.35708300      0.73697600      0.00006500      0.00067300      0.00093700      0.05270000     -0.07761200     -0.05300100     -0.01073800      0.08868400      0.04185100     -0.03406700      0.78391700     -0.21788100     -0.58137800      0.31774500      0.94526900      0.07418400      0.53339600     -0.24288400      0.81024400      0.00000100     -0.00000600     -0.00000300     -0.00008500      0.00002900      0.00013400      0.51059100
     0.17266800     -0.01763300      0.34186800     -0.73853900      0.32115700     -0.59284300     -0.44912600     -0.89010900      0.07722100     -0.50198100      0.32288700      0.80236200      0.00000000      0.00000000      0.00000000      0.00000000      0.00000000      0.00000000      0.51405500     -0.19296000     -0.05449400      0.29361700      0.36221800     -0.72485300      0.58598500      0.74749900      0.60136800      0.28202100     -0.55727000      0.33676700      0.75888100      0.00020500      0.00208700      0.00290700      0.38894900     -0.49258600     -0.30212100      0.11171900      0.03073200      0.02683900     -0.01002100     -0.31627500      0.73853700      0.59542700     -0.75960200     -0.57314600      0.30742000      0.56830700     -0.35505800      0.74226600      0.00844500     -0.00417000      0.00545900      0.00571800     -0.07521700     -0.00311700     -0.02576100      0.08868400      0.04185100     -0.03406700      0.78391700     -0.21788200     -0.58137800      0.31774500      0.94526900      0.07418400      0.53339600     -0.24288400      0.81024400      0.00000400     -0.00000400     -0.00000400     -0.00007000      0.00003700      0.00014100      0.51042700
     0.17267900     -0.01763300      0.34186800     -0.73852400      0.32117300     -0.59285400     -0.44914200     -0.89010200      0.07720700     -0.50199000      0.32289000      0.80235600      0.00000000      0.00000000      0.00000000      0.00000000      0.00000000      0.00000000      0.51436300     -0.19287100     -0.05450000      0.29385200      0.37275800     -0.72260600      0.58213700      0.74514300      0.60688300      0.27638500     -0.55347400      0.33164400      0.76389900      0.00090000     -0.00792200      0.01262000      0.17885100     -0.26160500     -0.18531500      0.11138300      0.03077600      0.02684000     -0.00990700     -0.32813500      0.73668300      0.59129100     -0.75790700     -0.57893200      0.30068700      0.56382800     -0.34947800      0.74830600      0.00016700      0.00173500      0.00241200      0.34506400     -0.42304000     -0.21163900     -0.03180300      0.08869000      0.04185100     -0.03406700      0.78390400     -0.21790000     -0.58138900      0.31776200      0.94526400      0.07417000      0.53340500     -0.24288600      0.81023700      0.00000300     -0.00000200     -0.00000300     -0.00007200      0.00003200      0.00013800      0.51026400
     0.17267900     -0.01763300      0.34186800     -0.73852400      0.32117300     -0.59285400     -0.44914200     -0.89010200      0.07720700     -0.50199000      0.32289000      0.80235600      0.00000000      0.00000000      0.00000000      0.00000000      0.00000000      0.00000000      0.51470300     -0.19283700     -0.05451200      0.29399400      0.37479800     -0.72263500      0.58079000      0.74550800      0.60723000      0.27463400     -0.55160300      0.33094500      0.76555400      0.00029300      0.00299400      0.00416100      0.02772000     -0.03508900     -0.02149400      0.11091600      0.03079300      0.02683000     -0.00983200     -0.33137800      0.73676100      0.58938100     -0.75857900     -0.57949600      0.29789400      0.56102100     -0.34837700      0.75092400      0.00047700     -0.00363200      0.00676500     -0.04732000      0.00053300      0.00237400     -0.03343600      0.08869000      0.04185100     -0.03406700      0.78390400     -0.21790000     -0.58138900      0.31776200      0.94526400      0.07417000      0.53340500     -0.24288600      0.81023700      0.00000300     -0.00000200     -0.00000300     -0.00007200      0.00003200      0.00013800      0.51026400
     0.17267900     -0.01763300      0.34186800     -0.73852400      0.32117300     -0.59285400     -0.44914200     -0.89010200      0.07720700     -0.50199000      0.32289000      0.80235600      0.00000000      0.00000000      0.00000000      0.00000000      0.00000000      0.00000000      0.51453100     -0.19277800     -0.05459900      0.29433000      0.38088100     -0.72419200      0.57486300      0.74640900      0.60767300      0.27118400     -0.54619600      0.32669000      0.77123700      0.00091000     -0.00780700      0.01277000      0.01171700     -0.04964300     -0.05512000      0.10937000      0.03082300      0.02679100     -0.00966700     -0.33739200      0.73856000      0.58368900     -0.75957800     -0.57985000      0.29464100      0.55606300     -0.34394800      0.75663200      0.00016600      0.00176400      0.00244500      0.03374900     -0.05704000     -0.00917700     -0.03653800      0.08869000      0.04185100     -0.03406700      0.78390400     -0.21790000     -0.58138900      0.31776200      0.94526400      0.07417000      0.53340500     -0.24288600      0.81023700      0.00000300     -0.00000200     -0.00000300     -0.00007200      0.00003200      0.00013800      0.51042700
     0.17267900     -0.01764100      0.34187400     -0.73853500      0.32116300     -0.59284600     -0.44914500     -0.89009800      0.07723700     -0.50197200      0.32291100      0.80235900      0.00000000      0.00000000      0.00000000      0.00000000      0.00000000      0.00000000      0.51452300     -0.19270400     -0.05471400      0.29469800      0.38504100     -0.72400900      0.57231700      0.74681200      0.60868700      0.26778200     -0.54272200      0.32520200      0.77431300      0.00027400      0.00281800      0.00390200      0.09039000     -0.11446800     -0.06989700      0.11071400      0.03086000      0.02673400     -0.00948300     -0.34115900      0.73849500      0.58157900     -0.76000500     -0.58079200      0.29167000      0.55317400     -0.34249700      0.75940300      0.00043500     -0.00405900      0.00616600      0.11711800     -0.17449900     -0.12641200     -0.03670100      0.08869000      0.04184700     -0.03406400      0.78391300     -0.21788900     -0.58138100      0.31776500      0.94526100      0.07420000      0.53339000     -0.24290900      0.81024000      0.00000400     -0.00000300     -0.00000400     -0.00007000      0.00004000      0.00013700      0.51042700
     0.17269000     -0.01764900      0.34188000     -0.74041900      0.31679000     -0.59284800     -0.44388600     -0.89273100      0.07725300     -0.50386500      0.31995700      0.80235500      0.00000000      0.00000000      0.00000000      0.00000000     -0.00000000     -0.00000000      0.51464500     -0.19262100     -0.05489100      0.29501500      0.38526200     -0.72357200      0.57272000      0.74612600      0.60936300      0.26815600     -0.54350900      0.32490600      0.77388500      0.00019700      0.00203000      0.00280900      0.00178300     -0.01395500      0.02514900      0.11190600      0.03090100      0.02664300     -0.00931900     -0.34163600      0.73802400      0.58189700     -0.75930100     -0.58161200      0.29187000      0.55384600     -0.34212200      0.75908200      0.00035400     -0.00488200      0.00502200     -0.04981100      0.10972700     -0.18968200     -0.03555800      0.08869500      0.04184300     -0.03406100      0.78516300     -0.21328400     -0.58140200      0.31217700      0.94712700      0.07413600      0.53484900     -0.23970900      0.81023100      0.00000400     -0.00000300     -0.00000200     -0.00015400      0.00003700      0.00020800      0.51059100
     0.17269000     -0.01764900      0.34188000     -0.74041900      0.31679000     -0.59284800     -0.44388600     -0.89273100      0.07725300     -0.50386500      0.31995700      0.80235500      0.00000000      0.00000000      0.00000000      0.00000000      0.00000000      0.00000000      0.51446400     -0.19253900     -0.05501600      0.29515500      0.38538200     -0.72333200      0.57294300      0.74574300      0.60973700      0.26837100     -0.54395000      0.32473800      0.77364600      0.00069500     -0.01002500      0.00968600     -0.03640700      0.01121600     -0.01789000      0.11538900      0.03094300      0.02658600     -0.00925000     -0.34171100      0.73782100      0.58211100     -0.75896000     -0.58194800      0.29208800      0.55426700     -0.34198900      0.75883400      0.00003300      0.00039200      0.00054200      0.00037800      0.00060700      0.00097900     -0.03408900      0.08869500      0.04184300     -0.03406100      0.78516200     -0.21328900     -0.58140100      0.31218300      0.94712400      0.07413600      0.53484800     -0.23971200      0.81023100      0.00000300     -0.00000300     -0.00000200     -0.00010700      0.00001800      0.00016500      0.51042700
     0.17269000     -0.01765800      0.34188700     -0.74229200      0.31239000     -0.59284000     -0.43859500     -0.89534000      0.07728300     -0.50573300      0.31698900      0.80235800      0.00000000      0.00000000      0.00000000      0.00000000     -0.00000000     -0.00000000      0.51454600     -0.19231500     -0.05524200      0.29541100      0.38561200     -0.72286600      0.57337600      0.74502700      0.61044500      0.26874700     -0.54476700      0.32444200      0.77319400      0.00066900     -0.01031500      0.00928300     -0.04856700      0.10706100     -0.19171800      0.13122200      0.03105400      0.02646900     -0.00911900     -0.34192000      0.73736700      0.58256300     -0.75826100     -0.58267100      0.29246100      0.55509400     -0.34173600      0.75834300      0.00032400     -0.00520900      0.00456900     -0.04810800      0.10730000     -0.19114500     -0.02102600      0.08869500      0.04183900     -0.03405700      0.78639700     -0.20865700     -0.58141300      0.30656500      0.94896200      0.07408500      0.53628000     -0.23650100      0.81022800      0.00000400     -0.00000300     -0.00000100     -0.00021300      0.00005900      0.00022400      0.51026400
     0.17270100     -0.01766600      0.34189300     -0.74228800      0.31239700     -0.59284300     -0.43861400     -0.89532900      0.07730000     -0.50572300      0.31701300      0.80235500      0.00000000      0.00000000      0.00000000      0.00000000      0.00000000      0.00000000      0.51463400     -0.19204500     -0.05546900      0.29564300      0.38581400     -0.72245000      0.57376400      0.74435200      0.61109700      0.26913600     -0.54554700      0.32414000      0.77277100      0.01671400     -0.01017700      0.00832700     -0.03436500     -0.00405300      0.01132200      0.14323800      0.03118300      0.02635800     -0.00900700     -0.34211200      0.73696200      0.58296300     -0.75762400     -0.58332500      0.29280800      0.55584500     -0.34149400      0.75790200      0.00002700      0.00032800      0.00044800      0.00029400      0.00015800      0.00039000     -0.00371700      0.08869500      0.04183500     -0.03405400      0.78640400     -0.20865600     -0.58140400      0.30658000      0.94895500      0.07411500      0.53626200     -0.23653100      0.81023100      0.00000300     -0.00000300     -0.00000100     -0.00009700      0.00002200      0.00015700      0.51042700
