     0.16797300     -0.01962100      0.35986100     -0.76895800      0.45575100     -0.44837500     -0.54416100     -0.83467700      0.08470500     -0.33469200      0.30855100      0.89039600      0.00000000      0.00000100      0.00000100      0.00000000      0.00000000      0.00000000      0.38049600     -0.20026400     -0.05493500      0.30743700     -0.82986700     -0.46904800      0.30216900      0.54897300     -0.78275400      0.29301500      0.10012400      0.40964100      0.90666000     -0.00000000     -0.00000000     -0.00000000      0.00000000      0.00000000      0.00000000      0.36895800      0.02676100      0.02673000     -0.00347300      0.85870300      0.43600200      0.26931500     -0.50495900      0.80951600      0.29949700     -0.08743300     -0.39317200      0.91529700      0.00000200      0.00000200      0.00000100     -0.00004200      0.00000300     -0.00004000      0.31600600      0.08647800      0.04081000     -0.02544900      0.82207800     -0.36997800     -0.43278400      0.44589500      0.89101300      0.08527300      0.35406800     -0.26307700      0.89745500      0.00000000     -0.00000600     -0.00000600      0.00002500     -0.00000200     -0.00003600      0.31447900
     0.16797300     -0.01961400      0.35985400     -0.76875800      0.45594300     -0.44852300     -0.54436600     -0.83455900      0.08454700     -0.33481900      0.30858500      0.89033600      0.00000000      0.00000000      0.00000000      0.00000000      0.00000000      0.00000000      0.38173200     -0.20026400     -0.05494000      0.30743000     -0.82977600     -0.46913300      0.30228600      0.54909900     -0.78267900      0.29297900      0.10018400      0.40968700      0.90663200     -0.00000000     -0.00000400     -0.00000600      0.00000000      0.00000000      0.00000000      0.36940000      0.02676000      0.02672700     -0.00347600      0.85862000      0.43609300      0.26943300     -0.50509000      0.80944600      0.29946700     -0.08749600     -0.39321600      0.91527300      0.00000300      0.00000400      0.00000400     -0.00003500      0.00000800     -0.00003800      0.31600600      0.08647800      0.04081400     -0.02545200      0.82190300     -0.37019300     -0.43293400      0.44611400      0.89091800      0.08511800      0.35419900     -0.26309700      0.89739700      0.00000300     -0.00000400     -0.00000400      0.00003400      0.00000100     -0.00003300      0.31758100
     0.16797300     -0.01961500      0.35986600     -0.76856500      0.45612900     -0.44866400     -0.54458100     -0.83443000      0.08444000     -0.33491200      0.30865900      0.89027600      0.00000300      0.00005300      0.00004300      0.00000000      0.00000000      0.00000000      0.37986700     -0.20026600     -0.05494300      0.30741000     -0.82968200     -0.46922200      0.30240500      0.54922700     -0.78261200      0.29291800      0.10026000      0.40971300      0.90661200     -0.00009200     -0.00079000     -0.00102000      0.00000000      0.00000000      0.00000000      0.36927900      0.02676000      0.02672700     -0.00348500      0.85853300      0.43618800      0.26955400     -0.50522300      0.80938400      0.29941100     -0.08757400     -0.39323900      0.91525500     -0.00004800     -0.00044400     -0.00057100     -0.00003500      0.00002200     -0.00004200      0.31616900      0.08647800      0.04081400     -0.02544600      0.82173400     -0.37040000     -0.43307600      0.44634300      0.89081300      0.08501500      0.35430100     -0.26316100      0.89733800      0.00000400      0.00002500      0.00001800      0.00002100      0.00000300     -0.00003200      0.31807100
     0.16797300     -0.01961500      0.35986600     -0.76847000      0.45622100     -0.44873400     -0.54468300     -0.83437000      0.08437600     -0.33496500      0.30868500      0.89024700      0.00000000      0.00000100      0.00000100      0.00000000      0.00000000      0.00000000      0.37992100     -0.20026600     -0.05494800      0.30740300     -0.82959200     -0.46930700      0.30252200      0.54935300     -0.78253700      0.29288200      0.10032100      0.40975900      0.90658500     -0.00003000     -0.00026000     -0.00033600      0.00000000      0.00000000      0.00000000      0.36910700      0.02675900      0.02672300     -0.00349000      0.85845000      0.43627900      0.26967200     -0.50535300      0.80931400      0.29938000     -0.08763700     -0.39328300      0.91523100     -0.00001400     -0.00013100     -0.00017200     -0.00003100      0.00000700     -0.00003100      0.31616900      0.08647800      0.04081400     -0.02544600      0.82165100     -0.37050200     -0.43314600      0.44645200      0.89076500      0.08495300      0.35435700     -0.26318100      0.89731000      0.00000200     -0.00000700     -0.00000700      0.00002600      0.00000200     -0.00002900      0.31741800
     0.16797300     -0.01960000      0.35986500     -0.76825500      0.45642600     -0.44889200     -0.54490200     -0.83424400      0.08420800     -0.33510000      0.30872300      0.89018300      0.00000000      0.00000300      0.00000200      0.00000000      0.00000000      0.00000000      0.38093600     -0.20028200     -0.05496700      0.30736200     -0.82945000     -0.46944100      0.30270200      0.54954700     -0.78243100      0.29280200      0.10042800      0.40980900      0.90655100     -0.00008400     -0.00072100     -0.00093200      0.00000000      0.00000000      0.00000000      0.36924800      0.02675200      0.02671400     -0.00350900      0.85832000      0.43642100      0.26985500     -0.50555500      0.80921400      0.29930700     -0.08774700     -0.39332900      0.91520000     -0.00005000     -0.00045200     -0.00058500     -0.00001800      0.00001000     -0.00002700      0.31616900      0.08647800      0.04082100     -0.02544600      0.82146400     -0.37073100     -0.43330600      0.44668600      0.89066300      0.08479000      0.35449600     -0.26320400      0.89724800      0.00000200     -0.00000800     -0.00000800      0.00002200      0.00000500     -0.00002700      0.31725500
     0.16797300     -0.01960000      0.35986500     -0.76806500      0.45660800     -0.44903200     -0.54510400     -0.83412400      0.08408000     -0.33520600      0.30877600      0.89012400      0.00000000      0.00000000      0.00000000      0.00000000      0.00000000      0.00000000      0.38197100     -0.20029900     -0.05498900      0.30730100     -0.83033700     -0.46932200      0.30044600      0.54867800     -0.78233900      0.29467300      0.09779300      0.41012100      0.90669800     -0.01591100     -0.00037000      0.00044600     -0.00204500      0.01520500     -0.02924500      0.36862500      0.02674900      0.02670200     -0.00354100      0.85914200      0.43622200      0.26755200     -0.50460900      0.80911800      0.30115900     -0.08510900     -0.39374800      0.91526900     -0.00003900     -0.00035500     -0.00045900      0.00036600      0.00046000     -0.00029200      0.31600600      0.08647800      0.04082100     -0.02544600      0.82129800     -0.37093400     -0.43344700      0.44690300      0.89056600      0.08466600      0.35460800     -0.26324500      0.89719200      0.00000400     -0.00000600     -0.00000700      0.00003400      0.00001100     -0.00002100      0.31774400
     0.16797300     -0.01960000      0.35986500     -0.76778000      0.45688200     -0.44924100     -0.54540800     -0.83394500      0.08388800     -0.33536600      0.30885400      0.89003700      0.00000000      0.00000000      0.00000000      0.00596900     -0.08775200      0.17838700      0.38306900     -0.20031700     -0.05499400      0.30722700     -0.83027700     -0.46938300      0.30051900      0.54875300     -0.78233200      0.29455300      0.09788600      0.41006700      0.90671200     -0.00005900     -0.00050400     -0.00065100      0.00000000      0.00000000      0.00000000      0.36757100      0.02673400      0.02669900     -0.00357900      0.85907200      0.43630000      0.26764800     -0.50471000      0.80910200      0.30103400     -0.08521400     -0.39369500      0.91528200     -0.00003000     -0.00027900     -0.00036200      0.00000200      0.00000300     -0.00001800      0.31502600      0.08647800      0.04082100     -0.02544600      0.82113100     -0.37113800     -0.43358800      0.44711900      0.89046900      0.08454200      0.35472100     -0.26328500      0.89713500      0.00000600     -0.00000400     -0.00000600      0.00003400      0.00001600     -0.00002200      0.31970400
     0.16797300     -0.01960000      0.35986500     -0.76768500      0.45697300     -0.44931100     -0.54550900     -0.83388500      0.08382400     -0.33541900      0.30888000      0.89000800      0.00000000      0.00000000      0.00000000      0.00000000      0.00000000      0.00000000      0.38261100     -0.20033100     -0.05500200      0.30720100     -0.83023700     -0.46942000      0.30056900      0.54880500     -0.78231000      0.29451400      0.09792600      0.41006500      0.90670900     -0.00004500     -0.00038200     -0.00049400      0.00000000      0.00000000      0.00000000      0.36698200      0.02672700      0.02669500     -0.00359200      0.85903600      0.43634000      0.26769800     -0.50476400      0.80908100      0.30099600     -0.08525300     -0.39369100      0.91528000     -0.00002600     -0.00024600     -0.00031900     -0.00001700      0.00001200     -0.00001400      0.31437300      0.08647800      0.04082100     -0.02544700      0.82096500     -0.37134100     -0.43372800      0.44733500      0.89037200      0.08441800      0.35483300     -0.26332600      0.89707900      0.00000500     -0.00000300     -0.00000600      0.00601300     -0.08773400      0.17836700      0.32019400
     0.16798400     -0.01960700      0.35985900     -0.76749300      0.45715800     -0.44945200     -0.54571400     -0.83376500      0.08369400     -0.33552600      0.30893300      0.88994900     -0.00000000     -0.00000300     -0.00000200      0.00000000      0.00000000      0.00000000      0.38423600     -0.20034400     -0.05500500      0.30718100     -0.83013100     -0.46952200      0.30070600      0.54895200     -0.78223200      0.29444700      0.09801000      0.41009800      0.90668500     -0.00000100     -0.00001000     -0.00001300      0.00000000      0.00000000      0.00000000      0.36674300      0.02672000      0.02669400     -0.00360200      0.85893900      0.43644800      0.26783700     -0.50491600      0.80900900      0.30093500     -0.08534000     -0.39372100      0.91525900      0.00000500      0.00002500      0.00003100     -0.00003200      0.00002200     -0.00001800      0.31355700      0.08648300      0.04081700     -0.02545000      0.82079700     -0.37154700     -0.43387100      0.44755400      0.89027500      0.08429200      0.35494600     -0.26336700      0.89702200      0.00000300      0.00000400      0.00000300      0.00003200     -0.00001600     -0.00001600      0.32052000
     0.16798400     -0.01960700      0.35985900     -0.76739800      0.45724900     -0.44952200     -0.54581500     -0.83370500      0.08363000     -0.33557900      0.30896000      0.88992000     -0.00000000     -0.00000000     -0.00000000      0.00000000      0.00000000      0.00000000      0.38505800     -0.20036900     -0.05500200      0.30716900     -0.83010100     -0.46955100      0.30074200      0.54899100     -0.78221800      0.29441200      0.09804300      0.41009200      0.90668400     -0.00000000     -0.00000100     -0.00000100      0.00000000      0.00000000      0.00000000      0.36685000      0.02670800      0.02669600     -0.00360700      0.85891100      0.43647800      0.26787400     -0.50495700      0.80899700      0.30090100     -0.08537200     -0.39371300      0.91526000      0.00000400      0.00001400      0.00001700     -0.00003900      0.00001600     -0.00001200      0.31323000      0.08648300      0.04081700     -0.02545000      0.82071300     -0.37164900     -0.43394100      0.44766200      0.89022600      0.08423000      0.35500200     -0.26338800      0.89699400      0.00000100      0.00000100      0.00000200      0.00002200      0.00000600     -0.00002300      0.32215300
     0.16798400     -0.01960700      0.35985900     -0.76730200      0.45734000     -0.44959200     -0.54591600     -0.83364500      0.08356600     -0.33563200      0.30898600      0.88989100     -0.00000000     -0.00000000     -0.00000000      0.00000000      0.00000000      0.00000000      0.38585000     -0.20038200     -0.05500700      0.30716300     -0.82999700     -0.46964800      0.30087600      0.54913600     -0.78213200      0.29437100      0.09811200      0.41014400      0.90665300     -0.00000600     -0.00004900     -0.00006300      0.00000000      0.00000000      0.00000000      0.36691800      0.02670200      0.02669300     -0.00361000      0.85881600      0.43658200      0.26800900     -0.50510600      0.80891600      0.30086600     -0.08544500     -0.39376200      0.91523100     -0.00000200     -0.00001700     -0.00002600     -0.01224400      0.09298900     -0.17538800      0.31323000      0.08648300      0.04081700     -0.02545000      0.82063000     -0.37175100     -0.43401100      0.44777000      0.89017800      0.08416800      0.35505800     -0.26340800      0.89696600     -0.00000100      0.00000100      0.00000200      0.00002800     -0.00000900     -0.00001900      0.32297000
     0.16798400     -0.01960700      0.35985900     -0.76720700      0.45743100     -0.44966100     -0.54601700     -0.83358500      0.08350200     -0.33568500      0.30901200      0.88986200     -0.00000000     -0.00000000     -0.00000000      0.00000000      0.00000000      0.00000000      0.38650000     -0.20040700     -0.05501700      0.30715100     -0.82994800     -0.46969500      0.30093900      0.54920400     -0.78209100      0.29435100      0.09814400      0.41016900      0.90663800     -0.00000700     -0.00005900     -0.00007700      0.00000000      0.00000000      0.00000000      0.36648100      0.02668900      0.02668800     -0.00361600      0.85877200      0.43663100      0.26807300     -0.50517600      0.80887900      0.30085000     -0.08547900     -0.39378600      0.91521800     -0.00000200     -0.00002200     -0.00003100     -0.00002900      0.00001600     -0.00001800      0.31306700      0.08648300      0.04081700     -0.02545000      0.82054700     -0.37185300     -0.43408100      0.44787800      0.89012900      0.08410500      0.35511400     -0.26342800      0.89693800     -0.00000100      0.00000100      0.00000200      0.00001700     -0.00000400     -0.00002600      0.32443900
     0.16798400     -0.01960700      0.35985900     -0.76711200      0.45752200     -0.44973100     -0.54611800     -0.83352500      0.08343800     -0.33573800      0.30903900      0.88983300     -0.00000000     -0.00000000     -0.00000000      0.00000000      0.00000000      0.00000000      0.38687800     -0.20040800     -0.05503300      0.30713100     -0.82991400     -0.46972700      0.30098300      0.54925200     -0.78206300      0.29433800      0.09816700      0.41018600      0.90662800     -0.00002200     -0.00018600     -0.00024000      0.00000000      0.00000000      0.00000000      0.36698800      0.02668800      0.02668000     -0.00362600      0.85874000      0.43666500      0.26811800     -0.50522600      0.80885200      0.30083800     -0.08550300     -0.39380200      0.91520900     -0.00001000     -0.00010100     -0.00013400     -0.00003000      0.00001600     -0.00001600      0.31306700      0.08648300      0.04081700     -0.02545000      0.82046400     -0.37195400     -0.43415200      0.44798700      0.89008100      0.08404300      0.35517000     -0.26344900      0.89691000     -0.00000000      0.00000100      0.00000000      0.00001600     -0.00000600     -0.00002700      0.32509200
     0.16798400     -0.01960700      0.35985900     -0.76701700      0.45761300     -0.44980100     -0.54621900     -0.83346600      0.08337400     -0.33579100      0.30906500      0.88980400     -0.00000000     -0.00000000     -0.00000000      0.00000000      0.00000000      0.00000000      0.38831500     -0.20042300     -0.05504100      0.30710400     -0.82987500     -0.46976500      0.30103300      0.54930400     -0.78204100      0.29429800      0.09820700      0.41018500      0.90662400     -0.00006900     -0.00058700     -0.00076000      0.00000000      0.00000000      0.00000000      0.36647600      0.02668100      0.02667700     -0.00363800      0.85870400      0.43670600      0.26816800     -0.50528100      0.80883200      0.30080100     -0.08554200     -0.39379900      0.91520700     -0.00004300     -0.00037300     -0.00048700     -0.00001200      0.00000700     -0.00001800      0.31290400      0.08648300      0.04081700     -0.02545000      0.82038000     -0.37205600     -0.43422200      0.44809500      0.89003200      0.08398100      0.35522600     -0.26346900      0.89688200      0.00000000      0.00000000      0.00000100      0.00001800     -0.00000100     -0.00002700      0.32607200
     0.16798400     -0.01960000      0.35986400     -0.76700300      0.45762600     -0.44981100     -0.54623400     -0.83345700      0.08336400     -0.33579900      0.30906900      0.88979900      0.00000200      0.00003200      0.00002600      0.00000000      0.00000000      0.00000000      0.38811300     -0.20042300     -0.05504600      0.30709700     -0.82986300     -0.46977600      0.30104700      0.54932000     -0.78203100      0.29429300      0.09821400      0.41019100      0.90662100     -0.00009200     -0.00078300     -0.00101300      0.00000000      0.00000000      0.00000000      0.36603100      0.02668100      0.02667500     -0.00364000      0.85869300      0.43671700      0.26818300     -0.50529700      0.80882300      0.30079700     -0.08555000     -0.39380500      0.91520400     -0.00006000     -0.00052400     -0.00068100     -0.00179600      0.01349300     -0.02543200      0.31257700      0.08648300      0.04082100     -0.02544700      0.82036800     -0.37207100     -0.43423200      0.44811000      0.89002500      0.08397200      0.35523500     -0.26347200      0.89687700      0.00000100      0.00001700      0.00001500      0.00002000      0.00001200     -0.00002300      0.32721500
     0.16798400     -0.01959300      0.35987000     -0.76689400      0.45773100     -0.44989100     -0.54635000     -0.83338800      0.08329100     -0.33586000      0.30909900      0.88976600      0.00004600      0.00071000      0.00058100      0.00000000      0.00000000      0.00000000      0.38913700     -0.20042400     -0.05505200      0.30709000     -0.82977200     -0.46986100      0.30116400      0.54944600     -0.78195600      0.29425800      0.09827500      0.41023600      0.90659300     -0.00002900     -0.00024900     -0.00032200      0.00000000      0.00000000      0.00000000      0.36593300      0.02668100      0.02667100     -0.00364600      0.85861100      0.43680700      0.26830200     -0.50542700      0.80875300      0.30076600     -0.08561300     -0.39384800      0.91517900     -0.00001700     -0.00015100     -0.00019900     -0.00002800      0.00001700     -0.00002000      0.31225000      0.08648300      0.04082300     -0.02544500      0.82027300     -0.37218700     -0.43431300      0.44823400      0.88996900      0.08390100      0.35529900     -0.26349600      0.89684500      0.00002700      0.00040000      0.00032600      0.00002700     -0.00000100     -0.00002000      0.32770500
     0.16798500     -0.01958700      0.35987500     -0.76688000      0.45774400     -0.44990100     -0.54636400     -0.83337900      0.08328200     -0.33586800      0.30910200      0.88976200      0.00000300      0.00004500      0.00003700      0.00000000      0.00000000      0.00000000      0.38900900     -0.20042400     -0.05505200      0.30709000     -0.82977200     -0.46986100      0.30116400      0.54944600     -0.78195600      0.29425800      0.09827500      0.41023600      0.90659300     -0.00000000     -0.00000000     -0.00000000      0.00000000      0.00000000      0.00000000      0.36578600      0.02668100      0.02667100     -0.00364600      0.85861100      0.43680700      0.26830200     -0.50542700      0.80875300      0.30076600     -0.08561300     -0.39384800      0.91517900      0.00000400      0.00000700      0.00000800     -0.00002000      0.00001600     -0.00002300      0.31225000      0.08648400      0.04082800     -0.02544100      0.82026100     -0.37220100     -0.43432300      0.44824900      0.88996200      0.08389200      0.35530700     -0.26349800      0.89684100      0.00000200      0.00001500      0.00001200      0.00001100      0.00000300     -0.00001800      0.32819500
     0.16798500     -0.01958700      0.35987500     -0.76688000      0.45774400     -0.44990100     -0.54636400     -0.83337900      0.08328200     -0.33586800      0.30910200      0.88976200      0.00000000      0.00000100      0.00000100      0.00000000      0.00000000      0.00000000      0.38929300     -0.20042400     -0.05505200      0.30709000     -0.82977200     -0.46986100      0.30116400      0.54944600     -0.78195600      0.29425800      0.09827500      0.41023600      0.90659300     -0.00000000     -0.00000000     -0.00000000      0.00000000      0.00000000      0.00000000      0.36573300      0.02668100      0.02667100     -0.00364600      0.85861100      0.43680700      0.26830200     -0.50542700      0.80875300      0.30076600     -0.08561400     -0.39384800      0.91517900      0.00000400      0.00000500      0.00000700     -0.00002600      0.00000300     -0.00001700      0.31225000      0.08648400      0.04082800     -0.02544100      0.82026100     -0.37220100     -0.43432300      0.44824900      0.88996300      0.08389200      0.35530700     -0.26349800      0.89684100      0.00000000     -0.00000900     -0.00000800      0.00002000      0.00000800     -0.00001500      0.32852200
     0.16798500     -0.01958700      0.35987500     -0.76688000      0.45774400     -0.44990100     -0.54636400     -0.83337900      0.08328200     -0.33586800      0.30910200      0.88976200      0.00000000      0.00000000      0.00000000      0.00000000      0.00000000      0.00000000      0.38998300     -0.20043600     -0.05505200      0.30709100     -0.82975900     -0.46987300      0.30118100      0.54946500     -0.78194500      0.29425200      0.09828300      0.41024300      0.90658900     -0.00001700     -0.00014900     -0.00019300      0.00000000      0.00000000      0.00000000      0.36571700      0.02667500      0.02667100     -0.00364500      0.85859900      0.43682100      0.26831900     -0.50544600      0.80874300      0.30076100     -0.08562200     -0.39385400      0.91517500     -0.00000700     -0.00008100     -0.00010500     -0.00002800      0.00001700     -0.00001700      0.31208700      0.08648400      0.04082800     -0.02544100      0.82026100     -0.37220100     -0.43432300      0.44824900      0.88996200      0.08389200      0.35530700     -0.26349800      0.89684100      0.00000500     -0.00000500     -0.00000700      0.00002600      0.00000900     -0.00001300      0.32901100
     0.16798500     -0.01958700      0.35987500     -0.76678500      0.45783500     -0.44997000     -0.54646500     -0.83332000      0.08321700     -0.33592100      0.30912900      0.88973200      0.00000000      0.00000000      0.00000000      0.00000000      0.00000000      0.00000000      0.39127900     -0.20043600     -0.05505200      0.30709100     -0.82975900     -0.46987300      0.30118100      0.54946500     -0.78194500      0.29425200      0.09828300      0.41024300      0.90658900     -0.00000000     -0.00000000     -0.00000000      0.00000000      0.00000000      0.00000000      0.36582300      0.02667500      0.02667100     -0.00364600      0.85859900      0.43682100      0.26831900     -0.50544600      0.80874300      0.30076100     -0.08562200     -0.39385500      0.91517500      0.00000300      0.00000300      0.00000300     -0.00001900      0.00001500     -0.00002000      0.31192400      0.08648400      0.04082800     -0.02544100      0.82017800     -0.37230300     -0.43439300      0.44835700      0.88991400      0.08383000      0.35536300     -0.26351900      0.89681300      0.00000600     -0.00000400     -0.00000700      0.00002300      0.00001400     -0.00001800      0.33064400
     0.16798500     -0.01958700      0.35987500     -0.76678500      0.45783500     -0.44997000     -0.54646500     -0.83332000      0.08321700     -0.33592100      0.30912900      0.88973200      0.00000000      0.00000000      0.00000000      0.00000000      0.00000000      0.00000000      0.39129700     -0.20043600     -0.05505200      0.30709100     -0.82975900     -0.46987300      0.30118100      0.54946500     -0.78194500      0.29425200      0.09828300      0.41024300      0.90658900     -0.00000000     -0.00000000     -0.00000000      0.00000000      0.00000000      0.00000000      0.36573700      0.02667500      0.02667100     -0.00364600      0.85859900      0.43682100      0.26831900     -0.50544600      0.80874300      0.30076100     -0.08562200     -0.39385400      0.91517500      0.00000400      0.00000300      0.00000300     -0.00002100      0.00002100     -0.00002100      0.31176100      0.08648400      0.04082800     -0.02544100      0.82017800     -0.37230300     -0.43439300      0.44835700      0.88991400      0.08383000      0.35536300     -0.26351900      0.89681300      0.00000700     -0.00000400     -0.00000700      0.00002400      0.00001200     -0.00001700      0.33097100
     0.16799500     -0.01958700      0.35987500     -0.76676900      0.45785000     -0.44998200     -0.54648200     -0.83331000      0.08320700     -0.33592900      0.30913300      0.88972800      0.00000000      0.00000000      0.00000000      0.00000000      0.00000000      0.00000000      0.39263200     -0.20043600     -0.05505200      0.30709100     -0.82968000     -0.46994700      0.30128300      0.54957400     -0.78187900      0.29422100      0.09833600      0.41028300      0.90656500     -0.00000000     -0.00000000     -0.00000000      0.00000000      0.00000000      0.00000000      0.36550800      0.02667500      0.02667100     -0.00364600      0.85852600      0.43690000      0.26842200     -0.50556000      0.80868200      0.30073500     -0.08567800     -0.39389200      0.91515400      0.00000400      0.00000300      0.00000300     -0.00002500      0.00002500     -0.00002100      0.31176100      0.08648900      0.04082700     -0.02544100      0.82016400     -0.37232000     -0.43440500      0.44837500      0.88990600      0.08381900      0.35537200     -0.26352200      0.89680800      0.00000600     -0.00000400     -0.00000500      0.00002300      0.00001500     -0.00001700      0.33244100
     0.16799500     -0.01958700      0.35987500     -0.76676900      0.45785000     -0.44998200     -0.54648200     -0.83331000      0.08320700     -0.33592900      0.30913300      0.88972800      0.00000000      0.00000000      0.00000000      0.00000000      0.00000000      0.00000000      0.39350400     -0.20043600     -0.05505700      0.30708400     -0.82966900     -0.46995800      0.30129800      0.54959100     -0.78187000      0.29421700      0.09834400      0.41028900      0.90656200     -0.00000000     -0.00000400     -0.00000500      0.00000000      0.00000000      0.00000000      0.36573800      0.02667400      0.02666800     -0.00364900      0.85851600      0.43691100      0.26843700     -0.50557700      0.80867300      0.30073100     -0.08568500     -0.39389800      0.91515100      0.00000300      0.00000500      0.00000600     -0.00002500      0.00001300     -0.00001600      0.31176100      0.08648900      0.04082700     -0.02544100      0.82016400     -0.37232000     -0.43440500      0.44837500      0.88990600      0.08381900      0.35537200     -0.26352200      0.89680800      0.00000600     -0.00000400     -0.00000500      0.00002600      0.00001200     -0.00001500      0.33456300
     0.16799600     -0.01959500      0.35988200     -0.76668400      0.45793200     -0.45004300     -0.54658100     -0.83324800      0.08317300     -0.33596100      0.30917800      0.88970000      0.00000000      0.00000000      0.00000000      0.00000000      0.00000000      0.00000000      0.39464100     -0.20047400     -0.05507800      0.30705900     -0.82958300     -0.47003900      0.30140700      0.54970900     -0.78179900      0.29418300      0.09840000      0.41033200      0.90653600     -0.00013000     -0.00110800     -0.00143400      0.00000000      0.00000000      0.00000000      0.36525500      0.02665600      0.02666100     -0.00365800      0.85844800      0.43698500      0.26853300     -0.50568300      0.80861600      0.30070500     -0.08573700     -0.39393300      0.91513100     -0.00001400     -0.00013400     -0.00017600     -0.00003900      0.00002300     -0.00001800      0.31159700      0.08648900      0.04082300     -0.02543800      0.82009000     -0.37241100     -0.43446700      0.44848100      0.88985500      0.08378800      0.35541000     -0.26356300      0.89678100      0.00000600     -0.00000400     -0.00000600      0.00002700      0.00001700     -0.00001500      0.33521700
     0.16799600     -0.01959500      0.35988200     -0.76668400      0.45793200     -0.45004300     -0.54658100     -0.83324800      0.08317300     -0.33596100      0.30917800      0.88970000      0.00000000      0.00000000      0.00000000      0.00000000      0.00000000      0.00000000      0.39445800     -0.20048900     -0.05508600      0.30703300     -0.82954400     -0.47007600      0.30145700      0.54976200     -0.78177700      0.29414300      0.09844000      0.41033000      0.90653300     -0.00009600     -0.00081600     -0.00105700      0.00000000      0.00000000      0.00000000      0.36485000      0.02664800      0.02665500     -0.00367400      0.85840100      0.43703700      0.26859800     -0.50575400      0.80858700      0.30066400     -0.08578400     -0.39393600      0.91512500     -0.00005800     -0.00051400     -0.00066500     -0.00001600      0.00000500     -0.00001600      0.31143400      0.08648900      0.04082300     -0.02543800      0.82009000     -0.37241100     -0.43446600      0.44848100      0.88985500      0.08378800      0.35540900     -0.26356300      0.89678100      0.00000600     -0.00000400     -0.00000600      0.00002900      0.00001000     -0.00001400      0.33570600
     0.16799600     -0.01959500      0.35988200     -0.76668400      0.45793200     -0.45004300     -0.54658100     -0.83324800      0.08317300     -0.33596100      0.30917800      0.88970000      0.00000000      0.00000000      0.00000000      0.00000000      0.00000000      0.00000000      0.39495700     -0.20054300     -0.05512300      0.30695400     -0.82939300     -0.47022000      0.30164800      0.54996700     -0.78167300      0.29403500      0.09856600      0.41036400      0.90650400     -0.00021600     -0.00183900     -0.00238300     -0.00177200      0.01347600     -0.02541000      0.36249400      0.02662100      0.02663800     -0.00371100      0.85827300      0.43717800      0.26877800     -0.50595100      0.80849900      0.30056900     -0.08590500     -0.39395900      0.91510400     -0.00006300     -0.00054300     -0.00070600     -0.00000900      0.00000700     -0.00000900      0.30996400      0.08648900      0.04082300     -0.02543800      0.82009000     -0.37241100     -0.43446600      0.44848100      0.88985500      0.08378800      0.35540900     -0.26356300      0.89678100      0.00000600     -0.00000400     -0.00000600      0.00002900      0.00001000     -0.00001400      0.33587000
     0.16799600     -0.01958800      0.35988700     -0.76667100      0.45794500     -0.45005300     -0.54659600     -0.83324000      0.08316400     -0.33596900      0.30918200      0.88969600      0.00000000      0.00000000      0.00000000      0.00000000      0.00000000      0.00000000      0.39450000     -0.20062000     -0.05511400      0.30688500     -0.83024700     -0.47013300      0.29942600      0.54912900     -0.78158800      0.29582400      0.09599000      0.41062700      0.90666100     -0.00003900     -0.00033400     -0.00043200     -0.00000000     -0.00000000      0.00000000      0.36068100      0.02658200      0.02663900     -0.00375100      0.85904600      0.43703500      0.26653200     -0.50507000      0.80839000      0.30233800     -0.08333000     -0.39434000      0.91517800     -0.00001400     -0.00012800     -0.00016500      0.00112300      0.00136000     -0.00079800      0.30702500      0.08648900      0.04082700     -0.02543500      0.82007800     -0.37242500     -0.43447700      0.44849600      0.88984900      0.08377800      0.35541800     -0.26356600      0.89677700      0.00000400     -0.00000700     -0.00000800      0.00002000      0.00000900     -0.00001400      0.33619600
     0.16799600     -0.01958800      0.35988700     -0.76657500      0.45803600     -0.45012300     -0.54669700     -0.83318000      0.08309900     -0.33602200      0.30920800      0.88966700      0.00000000      0.00000000      0.00000000      0.00000000      0.00000000      0.00000000      0.39424900     -0.20065900     -0.05510600      0.30684700     -0.83019800     -0.47018100      0.29948600      0.54919100     -0.78157900      0.29573300      0.09606200      0.41058800      0.90667100     -0.00011000     -0.00093100     -0.00120700     -0.00000000     -0.00000000      0.00000000      0.36009700      0.02656300      0.02664500     -0.00376700      0.85899600      0.43708800      0.26660500     -0.50514000      0.80838400      0.30223900     -0.08341400     -0.39429500      0.91518900     -0.00033300      0.00474500     -0.00515200      0.03653100     -0.01126000      0.01766300      0.30620900      0.08648900      0.04082700     -0.02543500      0.81999400     -0.37252700     -0.43454700      0.44860500      0.88980000      0.08371600      0.35547400     -0.26358700      0.89674900      0.00000500     -0.00000600     -0.00000700      0.00002700      0.00001600     -0.00001200      0.33587000
     0.16799600     -0.01958800      0.35988700     -0.76657500      0.45803600     -0.45012300     -0.54669700     -0.83318000      0.08309900     -0.33602200      0.30920800      0.88966700      0.00000000      0.00000000      0.00000000      0.00000000      0.00000000      0.00000000      0.39433200     -0.20077200     -0.05507500      0.30677500     -0.83095600     -0.47018200      0.29737600      0.54847000     -0.78143900      0.29743600      0.09357200      0.41085400      0.90681100     -0.01589000     -0.00007800      0.00081400     -0.00204500      0.01520500     -0.02924500      0.35896600      0.02651300      0.02665500     -0.00380200      0.85969400      0.43702100      0.26445800     -0.50436100      0.80822700      0.30395300     -0.08090800     -0.39468900      0.91524500     -0.00002400     -0.00020800     -0.00027000      0.00089200      0.00107700     -0.00064400      0.30424900      0.08648900      0.04082700     -0.02543500      0.81999400     -0.37252700     -0.43454700      0.44860500      0.88980000      0.08371600      0.35547400     -0.26358700      0.89674900      0.00000600     -0.00000400     -0.00000600      0.00002400      0.00001500     -0.00001500      0.33603300
     0.16799600     -0.01958100      0.35989300     -0.76656200      0.45804900     -0.45013300     -0.54671200     -0.83317100      0.08309000     -0.33603000      0.30921200      0.88966200      0.00000000      0.00000100      0.00000100      0.00000000      0.00000000      0.00000000      0.39439700     -0.20092300     -0.05507300      0.30668400     -0.83255600     -0.47008100      0.29302700      0.54688600     -0.78115800      0.30106800      0.08841600      0.41150500      0.90703300     -0.00022600     -0.00190200     -0.00246900     -0.00177100      0.01349000     -0.02540200      0.35371800      0.02643200      0.02666300     -0.00384600      0.86115900      0.43678800      0.26003900     -0.50265600      0.80793800      0.30752400     -0.07577200     -0.39553800      0.91531800     -0.00798400     -0.00037100     -0.00002500     -0.00016500      0.01747300     -0.03057500      0.29935000      0.08649000      0.04083000     -0.02543200      0.81998200     -0.37254200     -0.43455700      0.44862000      0.88979300      0.08370700      0.35548200     -0.26358900      0.89674500      0.00000300     -0.00000800     -0.00000700      0.00001700      0.00001200     -0.00001300      0.33603300
     0.16799600     -0.01958100      0.35989300     -0.76646600      0.45814100     -0.45020300     -0.54681300     -0.83311100      0.08302600     -0.33608300      0.30923800      0.88963300      0.00000000      0.00000000      0.00000000      0.00000000      0.00000000      0.00000000      0.39511800     -0.20114900     -0.05505100      0.30653800     -0.83412800     -0.46999200      0.28866800      0.54527900     -0.78092400      0.30457000      0.08332600      0.41205100      0.90726700     -0.00077100      0.00862400     -0.01143600      0.03638800     -0.01148500      0.01775800      0.34633900      0.02631800      0.02666900     -0.00391700      0.86256700      0.43659400      0.25566100     -0.50097700      0.80765300      0.31099400     -0.07070700     -0.39633300      0.91537900     -0.00014000     -0.00119200     -0.00154400      0.00009900      0.01575900     -0.02673600      0.29069600      0.08648900      0.04083000     -0.02543200      0.81989900     -0.37264300     -0.43462700      0.44872800      0.88974400      0.08364500      0.35553800     -0.26361000      0.89671700      0.00000500     -0.00000500     -0.00000600      0.00002600      0.00001300     -0.00001000      0.33636000
     0.16799600     -0.01958800      0.35988700     -0.76648000      0.45812700     -0.45019300     -0.54679800     -0.83312000      0.08303500     -0.33607500      0.30923400      0.88963800     -0.00000300     -0.00004500     -0.00003700      0.00000000      0.00000000      0.00000000      0.39576500     -0.20129900     -0.05502200      0.30644800     -0.83488000     -0.46997500      0.28651500      0.54449900     -0.78081100      0.30624800      0.08083000      0.41228300      0.90738800     -0.01604200     -0.00129800     -0.00078300     -0.00204500      0.01520500     -0.02924500      0.34307400      0.02624900      0.02668600     -0.00396800      0.86326900      0.43649500      0.25345100     -0.50011300      0.80755600      0.31263300     -0.06821300     -0.39664100      0.91543500     -0.00037400      0.00438200     -0.00562400      0.03856000     -0.00882900      0.01618500      0.28612400      0.08648900      0.04082700     -0.02543500      0.81991100     -0.37262900     -0.43461700      0.44871200      0.88975100      0.08365400      0.35553000     -0.26360700      0.89672100      0.00000300     -0.00002500     -0.00002200      0.00001500      0.00000400     -0.00001200      0.33684900
