     0.17034900     -0.02366500      0.36834800     -0.75593100      0.27738400     -0.59301900     -0.49901000     -0.83046800      0.24755500     -0.42288100      0.48270800      0.76693700      0.00000000      0.00000000      0.00000000      0.00000000      0.00000000      0.00000000      0.52079300     -0.19895700     -0.05629900      0.31734400     -0.64382000     -0.60333600      0.47060900      0.75005700     -0.61899700      0.23279100      0.15165200      0.50361800      0.85043200      0.00001000      0.00009400      0.00011600      0.00000000      0.00000000      0.00000000      0.53527100      0.02741800      0.02616900      0.00151500      0.68459900      0.58012000      0.44134300     -0.71435500      0.65438900      0.24793200     -0.14498000     -0.48501000      0.86240600     -0.00006400     -0.00059700     -0.00073100     -0.00000300      0.00002200      0.00001100     -0.17402900      0.08767300      0.03883700     -0.02118000      0.79259800     -0.18633600     -0.58057400      0.38860600      0.88809900      0.24548800      0.46986500     -0.42018800      0.77631700      0.00000200     -0.00000100      0.00000000      0.00007100      0.00000200     -0.00008700     -0.72437600
     0.17034900     -0.02366500      0.36834800     -0.75593100      0.27738400     -0.59301900     -0.49901000     -0.83046800      0.24755500     -0.42288100      0.48270800      0.76693700      0.00000000      0.00000000      0.00000000      0.00000000      0.00000000      0.00000000      0.52051100     -0.19897800     -0.05629000      0.31737300     -0.64371000     -0.60338300      0.47069900      0.75014800     -0.61889900      0.23275800      0.15166900      0.50368200      0.85039100      0.00007700      0.00070400      0.00086400      0.00000000      0.00000000      0.00000000      0.53539300      0.02741800      0.02616900      0.00151500      0.68459900      0.58012000      0.44134300     -0.71435500      0.65438900      0.24793200     -0.14498000     -0.48501000      0.86240600     -0.00006400     -0.00059700     -0.00073100     -0.00000300      0.00002200      0.00001100     -0.17402900      0.08767300      0.03883700     -0.02118000      0.79259800     -0.18633600     -0.58057400      0.38860600      0.88809900      0.24548800      0.46986500     -0.42018800      0.77631700      0.00000200     -0.00000100      0.00000000      0.00007100      0.00000200     -0.00008700     -0.72437600
     0.17035000     -0.02365900      0.36836600     -0.75591400      0.27740000     -0.59303300     -0.49903900     -0.83044900      0.24756000     -0.42287600      0.48273200      0.76692500      0.00021600     -0.00999100      0.00951600     -0.03574600      0.01054100     -0.01955700      0.52019100     -0.19898900     -0.05628400      0.31738100     -0.64370800     -0.60338400      0.47070100      0.75014900     -0.61889700      0.23275700      0.15167000      0.50368300      0.85039000      0.00000000      0.00000400      0.00000500     -0.01241200      0.08967600     -0.17707200      0.53495600      0.02741800      0.02616900      0.00151500      0.68459900      0.58012000      0.44134300     -0.71435500      0.65438900      0.24793200     -0.14498000     -0.48501000      0.86240600     -0.00006400     -0.00059700     -0.00073100     -0.00000300      0.00002200      0.00001100     -0.17402900      0.08767300      0.03883700     -0.02118000      0.79259800     -0.18633600     -0.58057400      0.38860600      0.88809900      0.24548800      0.46986500     -0.42018800      0.77631700      0.00000200     -0.00000100      0.00000000      0.00007100      0.00000200     -0.00008700     -0.72437600
     0.17034100     -0.02363900      0.36839500     -0.75598000      0.27734300     -0.59297500     -0.49898100     -0.83046100      0.24763800     -0.42282700      0.48274400      0.76694400      0.00011300      0.00196600      0.00156600      0.00089000     -0.01210000      0.02614100      0.51999600     -0.19900100     -0.05628400      0.31738200     -0.64380000     -0.60334400      0.47062800      0.75007700     -0.61896800      0.23280300      0.15164000      0.50364400      0.85041800      0.00000000      0.00000000      0.00000000      0.00000000      0.00000000      0.00000000      0.53533300      0.02741800      0.02616900      0.00151500      0.68459900      0.58012000      0.44134300     -0.71435500      0.65438900      0.24793200     -0.14498000     -0.48501000      0.86240600     -0.00006400     -0.00059700     -0.00073100     -0.00000300      0.00002200      0.00001100     -0.17402900      0.08767300      0.03883700     -0.02118000      0.79259800     -0.18633600     -0.58057400      0.38860600      0.88809900      0.24548800      0.46986500     -0.42018800      0.77631700      0.00000200     -0.00000100      0.00000000      0.00007100      0.00000200     -0.00008700     -0.72437600
     0.17032400     -0.02359200      0.36847200     -0.75590800      0.27741100     -0.59303700     -0.49909400     -0.83039500      0.24763200     -0.42282300      0.48281800      0.76689900      0.00011600      0.00201100      0.00160000     -0.00006400      0.00002700      0.00008300      0.51992800     -0.19901300     -0.05627600      0.31737600     -0.64379300     -0.60334700      0.47063200      0.75007900     -0.61897600      0.23277700      0.15166200      0.50363000      0.85042300      0.00000000      0.00000000      0.00000000      0.00000000      0.00000000      0.00000000      0.53519900      0.02741800      0.02616900      0.00151500      0.68459900      0.58012000      0.44134300     -0.71435500      0.65438900      0.24793200     -0.14498000     -0.48501000      0.86240600     -0.00006400     -0.00059700     -0.00073100     -0.00000300      0.00002200      0.00001100     -0.17402900      0.08767300      0.03883700     -0.02118000      0.79259800     -0.18633600     -0.58057400      0.38860600      0.88809900      0.24548800      0.46986500     -0.42018800      0.77631700      0.00000200     -0.00000100      0.00000000      0.00007100      0.00000200     -0.00008700     -0.72437600
     0.17030400     -0.02357900      0.36849600     -0.75590900      0.27741200     -0.59303400     -0.49910500     -0.83038200      0.24765200     -0.42280800      0.48284000      0.76689400      0.00006900      0.00120300      0.00095700     -0.02633200      0.01099600      0.03405200      0.52030100     -0.19901300     -0.05627600      0.31737600     -0.64379300     -0.60334700      0.47063200      0.75007900     -0.61897600      0.23277700      0.15166200      0.50363000      0.85042300      0.00000000      0.00000000      0.00000000      0.00000000      0.00000000      0.00000000      0.53560700      0.02741800      0.02616900      0.00151500      0.68459900      0.58012000      0.44134300     -0.71435500      0.65438900      0.24793200     -0.14498000     -0.48501000      0.86240600     -0.00006400     -0.00059700     -0.00073100     -0.00000300      0.00002200      0.00001100     -0.17402900      0.08767300      0.03883700     -0.02118000      0.79259800     -0.18633600     -0.58057400      0.38860600      0.88809900      0.24548800      0.46986500     -0.42018800      0.77631700      0.00000200     -0.00000100      0.00000000      0.00007100      0.00000200     -0.00008700     -0.72437600
     0.17030100     -0.02359000      0.36843500     -0.75585400      0.27745700     -0.59308400     -0.49911700     -0.83041300      0.24752500     -0.42289200      0.48276100      0.76689700     -0.00009400     -0.00162500     -0.00129300     -0.00000000      0.00000000      0.00000000      0.52052400     -0.19900200     -0.05627600      0.31737500     -0.64381100     -0.60333900      0.47061800      0.75006400     -0.61899000      0.23278600      0.15165500      0.50362300      0.85042800      0.00000000      0.00000000      0.00000000      0.00000000      0.00000000      0.00000000      0.53548600      0.02741800      0.02616900      0.00151500      0.68459900      0.58012000      0.44134300     -0.71435500      0.65438900      0.24793200     -0.14498000     -0.48501000      0.86240600     -0.00006400     -0.00059700     -0.00073100     -0.00000300      0.00002200      0.00001100     -0.17402900      0.08767300      0.03883700     -0.02118000      0.79259800     -0.18633600     -0.58057400      0.38860600      0.88809900      0.24548800      0.46986500     -0.42018800      0.77631700      0.00000200     -0.00000100      0.00000000      0.00007100      0.00000200     -0.00008700     -0.72437600
     0.17032000     -0.02361600      0.36838700     -0.75588300      0.27742800     -0.59306000     -0.49906200     -0.83045000      0.24751100     -0.42290500      0.48271400      0.76692000     -0.00001600     -0.00028000     -0.00022300      0.00000000      0.00000000      0.00000000      0.52068700     -0.19900200     -0.05628100      0.31736800     -0.64379500     -0.60334600      0.47063000      0.75007700     -0.61897800      0.23277800      0.15166100      0.50362900      0.85042300     -0.00000000     -0.00000000     -0.00000100      0.00000000      0.00000000      0.00000000      0.53545100      0.02741800      0.02616900      0.00151500      0.68459900      0.58012000      0.44134300     -0.71435500      0.65438900      0.24793200     -0.14498000     -0.48501000      0.86240600     -0.00006400     -0.00059700     -0.00073100     -0.00000300      0.00002200      0.00001100     -0.17402900      0.08767300      0.03883700     -0.02118000      0.79259800     -0.18633600     -0.58057400      0.38860600      0.88809900      0.24548800      0.46986500     -0.42018800      0.77631700      0.00000200     -0.00000100      0.00000000      0.00007100      0.00000200     -0.00008700     -0.72437600
     0.17031900     -0.02361600      0.36837500     -0.75588600      0.27742500     -0.59305800     -0.49904700     -0.83046400      0.24749400     -0.42291700      0.48269200      0.76692700     -0.00000600     -0.00010200     -0.00008100      0.00000000      0.00000000      0.00000000      0.52046300     -0.19901300     -0.05627600      0.31737600     -0.64379300     -0.60334700      0.47063200      0.75007900     -0.61897600      0.23277700      0.15166200      0.50363000      0.85042300      0.00000200      0.00001900      0.00002300      0.00000000      0.00000000      0.00000000      0.53551400      0.02741800      0.02616900      0.00151500      0.68459900      0.58012000      0.44134300     -0.71435500      0.65438900      0.24793200     -0.14498000     -0.48501000      0.86240600     -0.00006400     -0.00059700     -0.00073100     -0.00000300      0.00002200      0.00001100     -0.17402900      0.08767300      0.03883700     -0.02118000      0.79259800     -0.18633600     -0.58057400      0.38860600      0.88809900      0.24548800      0.46986500     -0.42018800      0.77631700      0.00000200     -0.00000100      0.00000000      0.00007100      0.00000200     -0.00008700     -0.72437600
     0.17030900     -0.02362300      0.36838200     -0.75591200      0.27740300     -0.59303400     -0.49903100     -0.83046100      0.24753700     -0.42288900      0.48271000      0.76693100     -0.00003600     -0.00063000     -0.00050100      0.00000000      0.00000000      0.00000000      0.52040800     -0.19901300     -0.05627600      0.31737600     -0.64379300     -0.60334700      0.47063200      0.75007900     -0.61897600      0.23277700      0.15166200      0.50363000      0.85042300      0.00000000      0.00000000      0.00000000      0.00000000      0.00000000      0.00000000      0.53568300      0.02741800      0.02616900      0.00151500      0.68459900      0.58012000      0.44134300     -0.71435500      0.65438900      0.24793200     -0.14498000     -0.48501000      0.86240600     -0.00006400     -0.00059700     -0.00073100     -0.00000300      0.00002200      0.00001100     -0.17402900      0.08767300      0.03883700     -0.02118000      0.79259800     -0.18633600     -0.58057400      0.38860600      0.88809900      0.24548800      0.46986500     -0.42018800      0.77631700      0.00000200     -0.00000100      0.00000000      0.00007100      0.00000200     -0.00008700     -0.72437600
     0.17032000     -0.02361600      0.36838700     -0.75588300      0.27742800     -0.59306000     -0.49906200     -0.83045000      0.24751100     -0.42290500      0.48271400      0.76692000      0.00006000      0.00103900      0.00082700      0.00089000     -0.01210100      0.02614100      0.52077600     -0.19901400     -0.05628900      0.31737600     -0.64376500     -0.60335900      0.47065500      0.75010400     -0.61894200      0.23278600      0.15165200      0.50365900      0.85040700     -0.00000100     -0.00000800     -0.00001000      0.00000000      0.00000000      0.00000000      0.53546200      0.02741800      0.02616900      0.00151500      0.68459900      0.58012000      0.44134300     -0.71435500      0.65438900      0.24793200     -0.14498000     -0.48501000      0.86240600     -0.00006400     -0.00059700     -0.00073100     -0.00000300      0.00002200      0.00001100     -0.17402900      0.08767300      0.03883700     -0.02118000      0.79259800     -0.18633600     -0.58057400      0.38860600      0.88809900      0.24548800      0.46986500     -0.42018800      0.77631700      0.00000200     -0.00000100      0.00000000      0.00007100      0.00000200     -0.00008700     -0.72437600
     0.17031900     -0.02362300      0.36838200     -0.75589600      0.27741600     -0.59304800     -0.49904800     -0.83045500      0.24752400     -0.42289800      0.48271200      0.76692500     -0.00000000     -0.00000000     -0.00000000      0.00000000      0.00000000      0.00000000      0.52026800     -0.19900200     -0.05628900      0.31737500     -0.64378400     -0.60335100      0.47064100      0.75009000     -0.61895600      0.23279500      0.15164600      0.50365100      0.85041300     -0.00000000     -0.00000000     -0.00000000      0.00000000      0.00000000      0.00000000      0.53547200      0.02741800      0.02616900      0.00151500      0.68459900      0.58012000      0.44134300     -0.71435500      0.65438900      0.24793200     -0.14498000     -0.48501000      0.86240600     -0.00006400     -0.00059700     -0.00073100     -0.00000300      0.00002200      0.00001100     -0.17402900      0.08767300      0.03883700     -0.02118000      0.79259800     -0.18633600     -0.58057400      0.38860600      0.88809900      0.24548800      0.46986500     -0.42018800      0.77631700      0.00000200     -0.00000100      0.00000000      0.00007100      0.00000200     -0.00008700     -0.72437600
     0.17031900     -0.02363000      0.36837600     -0.75591000      0.27740400     -0.59303700     -0.49903300     -0.83046000      0.24753600     -0.42289100      0.48271000      0.76693000     -0.00002000     -0.00034100     -0.00027200      0.00000000      0.00000000      0.00000000      0.52043700     -0.19900200     -0.05629500      0.31736800     -0.64376800     -0.60335800      0.47065300      0.75010200     -0.61894300      0.23278700      0.15165100      0.50365800      0.85040800     -0.00012200     -0.00110800     -0.00136100     -0.00179900      0.01299400     -0.02565800      0.53535000      0.02741800      0.02616900      0.00151500      0.68459900      0.58012000      0.44134300     -0.71435500      0.65438900      0.24793200     -0.14498000     -0.48501000      0.86240600     -0.00006400     -0.00059700     -0.00073100     -0.00000300      0.00002200      0.00001100     -0.17402900      0.08767300      0.03883700     -0.02118000      0.79259800     -0.18633600     -0.58057400      0.38860600      0.88809900      0.24548800      0.46986500     -0.42018800      0.77631700      0.00000200     -0.00000100      0.00000000      0.00007100      0.00000200     -0.00008700     -0.72437600
     0.17032800     -0.02365100      0.36835900     -0.75756400      0.27290100     -0.59301500     -0.49408000     -0.83341000      0.24755800     -0.42572800      0.48019400      0.76693900      0.01401400     -0.00174700     -0.00177000      3.27738700     -1.37074300     -4.23507300      0.52061300     -0.19900200     -0.05629500      0.31736800     -0.64376800     -0.60335800      0.47065300      0.75010200     -0.61894300      0.23278700      0.15165100      0.50365800      0.85040800     -0.00000000     -0.00000000     -0.00000000      0.00000000      0.00000000      0.00000000      0.53505600      0.02741800      0.02616900      0.00151500      0.68459900      0.58012000      0.44134300     -0.71435500      0.65438900      0.24793200     -0.14498000     -0.48501000      0.86240600     -0.00006400     -0.00059700     -0.00073100     -0.00000300      0.00002200      0.00001100     -0.17402900      0.08767300      0.03883700     -0.02118000      0.79259800     -0.18633600     -0.58057400      0.38860600      0.88809900      0.24548800      0.46986500     -0.42018800      0.77631700      0.00000200     -0.00000100      0.00000000      0.00007100      0.00000200     -0.00008700     -0.72437600
     0.17032800     -0.02366500      0.36836100     -0.75758900      0.27288000     -0.59299400     -0.49406500     -0.83340600      0.24760000     -0.42570200      0.48021300      0.76694300     -0.00000400     -0.00006700     -0.00005400      0.00000000     -0.00000000     -0.00000000      0.52054500     -0.19900200     -0.05628900      0.31737500     -0.64378400     -0.60335100      0.47064100      0.75009000     -0.61895600      0.23279500      0.15164600      0.50365100      0.85041300     -0.01572500      0.00022100      0.00121500     -0.00204500      0.01520500     -0.02924500      0.53516300      0.02741800      0.02616900      0.00151500      0.68459900      0.58012000      0.44134300     -0.71435500      0.65438900      0.24793200     -0.14498000     -0.48501000      0.86240600     -0.00006400     -0.00059700     -0.00073100     -0.00000300      0.00002200      0.00001100     -0.17402900      0.08767300      0.03883700     -0.02118000      0.79259800     -0.18633600     -0.58057400      0.38860600      0.88809900      0.24548800      0.46986500     -0.42018800      0.77631700      0.00000200     -0.00000100      0.00000000      0.00007100      0.00000200     -0.00008700     -0.72437600
     0.17032800     -0.02365800      0.36835400     -0.75757800      0.27288900     -0.59300300     -0.49406500     -0.83341500      0.24757100     -0.42572100      0.48019200      0.76694500     -0.00000000     -0.00000000     -0.00000000      0.00000000      0.00000000      0.00000000      0.52001700     -0.19897900     -0.05629500      0.31736600     -0.64380400     -0.60334200      0.47062400      0.75007300     -0.61897100      0.23280500      0.15163800      0.50364200      0.85042000     -0.00000000     -0.00000100     -0.00000100      0.00000000      0.00000000      0.00000000      0.53504400      0.02741800      0.02616900      0.00151500      0.68459900      0.58012000      0.44134300     -0.71435500      0.65438900      0.24793200     -0.14498000     -0.48501000      0.86240600     -0.00006400     -0.00059700     -0.00073100     -0.00000300      0.00002200      0.00001100     -0.17402900      0.08767300      0.03883700     -0.02118000      0.79259800     -0.18633600     -0.58057400      0.38860600      0.88809900      0.24548800      0.46986500     -0.42018800      0.77631700      0.00000200     -0.00000100      0.00000000      0.00007100      0.00000200     -0.00008700     -0.72437600
     0.17033900     -0.02365900      0.36836600     -0.75755900      0.27290500     -0.59301900     -0.49409600     -0.83339500      0.24757400     -0.42571800      0.48021700      0.76693100      0.00004100      0.00071800      0.00057200      0.00000000      0.00000000      0.00000000      0.52045700     -0.19897800     -0.05629000      0.31737300     -0.64382000     -0.60333500      0.47061100      0.75006100     -0.61898400      0.23281300      0.15163300      0.50363600      0.85042500      0.00008800      0.00080100      0.00098400      0.00000000      0.00000000      0.00000000      0.53523100      0.02741800      0.02616900      0.00151500      0.68459900      0.58012000      0.44134300     -0.71435500      0.65438900      0.24793200     -0.14498000     -0.48501000      0.86240600     -0.00006400     -0.00059700     -0.00073100     -0.00000300      0.00002200      0.00001100     -0.17402900      0.08767300      0.03883700     -0.02118000      0.79259800     -0.18633600     -0.58057400      0.38860600      0.88809900      0.24548800      0.46986500     -0.42018800      0.77631700      0.00000200     -0.00000100      0.00000000      0.00007100      0.00000200     -0.00008700     -0.72437600
     0.17036000     -0.02365900      0.36836500     -0.75752800      0.27293200     -0.59304700     -0.49412900     -0.83338400      0.24754700     -0.42573500      0.48022200      0.76691800      0.00000000      0.00000000      0.00000000      0.00000000      0.00000000      0.00000000      0.52035200     -0.19896600     -0.05628400      0.31737900     -0.64385400     -0.60332000      0.47058300      0.75003400     -0.61901000      0.23283000      0.15162200      0.50362100      0.85043500      0.00000400      0.00003700      0.00004500      0.00000000      0.00000000      0.00000000      0.53525000      0.02741800      0.02616900      0.00151500      0.68459900      0.58012000      0.44134300     -0.71435500      0.65438900      0.24793200     -0.14498000     -0.48501000      0.86240600     -0.00006400     -0.00059700     -0.00073100     -0.00000300      0.00002200      0.00001100     -0.17402900      0.08767300      0.03883700     -0.02118000      0.79259800     -0.18633600     -0.58057400      0.38860600      0.88809900      0.24548800      0.46986500     -0.42018800      0.77631700      0.00000200     -0.00000100      0.00000000      0.00007100      0.00000200     -0.00008700     -0.72437600
     0.17036000     -0.02366600      0.36836000     -0.75754100      0.27292000     -0.59303500     -0.49411500     -0.83338900      0.24755900     -0.42572800      0.48022000      0.76692400     -0.00000000     -0.00000100     -0.00000100      0.00000000      0.00000000      0.00000000      0.52052900     -0.19898800     -0.05627300      0.31739400     -0.64384900     -0.60332200      0.47058700      0.75003800     -0.61900700      0.23282800      0.15162400      0.50362300      0.85043400      0.00000900      0.00008300      0.00010200      0.00000000      0.00000000      0.00000000      0.53516500      0.02741800      0.02616900      0.00151500      0.68459900      0.58012000      0.44134300     -0.71435500      0.65438900      0.24793200     -0.14498000     -0.48501000      0.86240600     -0.00006400     -0.00059700     -0.00073100     -0.00000300      0.00002200      0.00001100     -0.17402900      0.08767300      0.03883700     -0.02118000      0.79259800     -0.18633600     -0.58057400      0.38860600      0.88809900      0.24548800      0.46986500     -0.42018800      0.77631700      0.00000200     -0.00000100      0.00000000      0.00007100      0.00000200     -0.00008700     -0.72437600
     0.17033900     -0.02365900      0.36836600     -0.75755900      0.27290500     -0.59301900     -0.49409600     -0.83339500      0.24757400     -0.42571800      0.48021700      0.76693100      0.00000000      0.00000600      0.00000500      0.00000000      0.00000000      0.00000000      0.52033800     -0.19898700     -0.05626200      0.31740800     -0.64388100     -0.60330800      0.47056200      0.75001200     -0.61903100      0.23284400      0.15161300      0.50361000      0.85044300      0.00000300      0.00003200      0.00003900      0.00000000      0.00000000      0.00000000      0.53527000      0.02741800      0.02616900      0.00151500      0.68459900      0.58012000      0.44134300     -0.71435500      0.65438900      0.24793200     -0.14498000     -0.48501000      0.86240600     -0.00006400     -0.00059700     -0.00073100     -0.00000300      0.00002200      0.00001100     -0.17402900      0.08767300      0.03883700     -0.02118000      0.79259800     -0.18633600     -0.58057400      0.38860600      0.88809900      0.24548800      0.46986500     -0.42018800      0.77631700      0.00000200     -0.00000100      0.00000000      0.00007100      0.00000200     -0.00008700     -0.72437600
     0.17033900     -0.02365900      0.36836600     -0.75755900      0.27290500     -0.59301900     -0.49409600     -0.83339500      0.24757400     -0.42571800      0.48021700      0.76693100      0.00000000      0.00000000      0.00000000      0.00000000      0.00000000      0.00000000      0.52022400     -0.19896400     -0.05626800      0.31739900     -0.64390200     -0.60329900      0.47054500      0.74999600     -0.61904700      0.23285400      0.15160600      0.50360100      0.85045000     -0.00000500     -0.00005000     -0.00006100      0.00000000      0.00000000      0.00000000      0.53542600      0.02741800      0.02616900      0.00151500      0.68459900      0.58012000      0.44134300     -0.71435500      0.65438900      0.24793200     -0.14498000     -0.48501000      0.86240600     -0.00006400     -0.00059700     -0.00073100     -0.00000300      0.00002200      0.00001100     -0.17402900      0.08767300      0.03883700     -0.02118000      0.79259800     -0.18633600     -0.58057400      0.38860600      0.88809900      0.24548800      0.46986500     -0.42018800      0.77631700      0.00000200     -0.00000100      0.00000000      0.00007100      0.00000200     -0.00008700     -0.72437600
     0.17035000     -0.02365900      0.36836600     -0.75754400      0.27291900     -0.59303300     -0.49411300     -0.83339000      0.24756000     -0.42572700      0.48021900      0.76692500      0.00000000      0.00000000      0.00000000      0.00000000      0.00000000      0.00000000      0.52025900     -0.19891700     -0.05627400      0.31738900     -0.64395900     -0.60327500      0.47049900      0.74995200     -0.61909100      0.23288200      0.15158700      0.50357600      0.85046800     -0.00000000     -0.00000100     -0.00000100      0.00000000      0.00000000      0.00000000      0.53525400      0.02741800      0.02616900      0.00151500      0.68459900      0.58012000      0.44134300     -0.71435500      0.65438900      0.24793200     -0.14498000     -0.48501000      0.86240600     -0.00006400     -0.00059700     -0.00073100     -0.00000300      0.00002200      0.00001100     -0.17402900      0.08767300      0.03883700     -0.02118000      0.79259800     -0.18633600     -0.58057400      0.38860600      0.88809900      0.24548800      0.46986500     -0.42018800      0.77631700      0.00000200     -0.00000100      0.00000000      0.00007100      0.00000200     -0.00008700     -0.72437600
     0.17035000     -0.02365900      0.36836600     -0.75754400      0.27291900     -0.59303300     -0.49411300     -0.83339000      0.24756000     -0.42572700      0.48021900      0.76692500      0.00000000      0.00000000      0.00000000      0.00000000      0.00000000      0.00000000      0.52028700     -0.19887000     -0.05627400      0.31738500     -0.64403100     -0.60324400      0.47043900      0.74989400     -0.61914700      0.23291800      0.15156200      0.50354500      0.85049100      0.01572500     -0.00021500     -0.00121100      0.00204500     -0.01520500      0.02924500      0.53537200      0.02741800      0.02616900      0.00151500      0.68459900      0.58012000      0.44134300     -0.71435500      0.65438900      0.24793200     -0.14498000     -0.48501000      0.86240600     -0.00006400     -0.00059700     -0.00073100     -0.00000300      0.00002200      0.00001100     -0.17402900      0.08767300      0.03883700     -0.02118000      0.79259800     -0.18633600     -0.58057400      0.38860600      0.88809900      0.24548800      0.46986500     -0.42018800      0.77631700      0.00000200     -0.00000100      0.00000000      0.00007100      0.00000200     -0.00008700     -0.72437600
     0.17033900     -0.02365900      0.36836600     -0.75755900      0.27290500     -0.59301900     -0.49409600     -0.83339500      0.24757400     -0.42571800      0.48021700      0.76693100      0.00000000      0.00000000      0.00000000      0.00000000      0.00000000      0.00000000      0.52088300     -0.19887000     -0.05627400      0.31738500     -0.64403100     -0.60324400      0.47043900      0.74989400     -0.61914700      0.23291800      0.15156200      0.50354500      0.85049100     -0.00000000     -0.00000000     -0.00000000      0.00000000      0.00000000      0.00000000      0.53541100      0.02741800      0.02616900      0.00151500      0.68459900      0.58012000      0.44134300     -0.71435500      0.65438900      0.24793200     -0.14498000     -0.48501000      0.86240600     -0.00006400     -0.00059700     -0.00073100     -0.00000300      0.00002200      0.00001100     -0.17402900      0.08767300      0.03883700     -0.02118000      0.79259800     -0.18633600     -0.58057400      0.38860600      0.88809900      0.24548800      0.46986500     -0.42018800      0.77631700      0.00000200     -0.00000100      0.00000000      0.00007100      0.00000200     -0.00008700     -0.72437600
     0.17034900     -0.02365100      0.36835900     -0.75753300      0.27292700     -0.59304300     -0.49411200     -0.83339800      0.24753100     -0.42574600      0.48019900      0.76692700      0.00000000      0.00000000      0.00000000      3.18897500     -1.33105100     -4.12400200      0.52080700     -0.19888300     -0.05628000      0.31737900     -0.64399700     -0.60325800      0.47046700      0.74992100     -0.61912000      0.23290100      0.15157300      0.50355900      0.85048100     -0.00000000     -0.00000100     -0.00000100      0.00000000      0.00000000      0.00000000      0.53534300      0.02741800      0.02616900      0.00151500      0.68459900      0.58012000      0.44134300     -0.71435500      0.65438900      0.24793200     -0.14498000     -0.48501000      0.86240600     -0.00006400     -0.00059700     -0.00073100     -0.00000300      0.00002200      0.00001100     -0.17402900      0.08767300      0.03883700     -0.02118000      0.79259800     -0.18633600     -0.58057400      0.38860600      0.88809900      0.24548800      0.46986500     -0.42018800      0.77631700      0.00000200     -0.00000100      0.00000000      0.00007100      0.00000200     -0.00008700     -0.72437600
     0.17032900     -0.02364400      0.36836500     -0.75592200      0.27739400     -0.59302700     -0.49902000     -0.83046500      0.24754600     -0.42288500      0.48270900      0.76693400      0.00000000      0.00000100      0.00000100     -0.00000000      0.00000000      0.00000000      0.52003700     -0.19893000     -0.05627900      0.31738300     -0.64392500     -0.60329000      0.47052600      0.74997800     -0.61906400      0.23286500      0.15159800      0.50359100      0.85045700     -0.00000800     -0.00006900     -0.00008400      0.00000000      0.00000000      0.00000000      0.53547300      0.02741800      0.02616900      0.00151500      0.68459900      0.58012000      0.44134300     -0.71435500      0.65438900      0.24793200     -0.14498000     -0.48501000      0.86240600     -0.00006400     -0.00059700     -0.00073100     -0.00000300      0.00002200      0.00001100     -0.17402900      0.08767300      0.03883700     -0.02118000      0.79259800     -0.18633600     -0.58057400      0.38860600      0.88809900      0.24548800      0.46986500     -0.42018800      0.77631700      0.00000200     -0.00000100      0.00000000      0.00007100      0.00000200     -0.00008700     -0.72437600
     0.17030800     -0.02364400      0.36836600     -0.75595300      0.27736700     -0.59299900     -0.49898800     -0.83047600      0.24757400     -0.42286700      0.48270400      0.76694700      0.00000000      0.00000000      0.00000000     -0.00000000      0.00000000      0.00000000      0.52033200     -0.19893000     -0.05628500      0.31737600     -0.64390900     -0.60329700      0.47053900      0.74999100     -0.61905200      0.23285700      0.15160300      0.50359700      0.85045300     -0.00003900     -0.00035600     -0.00043800      0.00000000      0.00000000      0.00000000      0.53541600      0.02741800      0.02616900      0.00151500      0.68459900      0.58012000      0.44134300     -0.71435500      0.65438900      0.24793200     -0.14498000     -0.48501000      0.86240600     -0.00006400     -0.00059700     -0.00073100     -0.00000300      0.00002200      0.00001100     -0.17402900      0.08767300      0.03883700     -0.02118000      0.79259800     -0.18633600     -0.58057400      0.38860600      0.88809900      0.24548800      0.46986500     -0.42018800      0.77631700      0.00000200     -0.00000100      0.00000000      0.00007100      0.00000200     -0.00008700     -0.72437600
     0.17029700     -0.02365000      0.36836100     -0.75598200      0.27734200     -0.59297300     -0.49895700     -0.83048700      0.24760000     -0.42285100      0.48269900      0.76695800     -0.00000200     -0.00003300     -0.00002600      0.00000000      0.00000000      0.00000000      0.52033500     -0.19894300     -0.05629000      0.31737000     -0.64387400     -0.60331200      0.47056700      0.75001800     -0.61902600      0.23284000      0.15161500      0.50361200      0.85044200     -0.00000100     -0.00001200     -0.00001400      0.00000000      0.00000000      0.00000000      0.53555100      0.02741800      0.02616900      0.00151500      0.68459900      0.58012000      0.44134300     -0.71435500      0.65438900      0.24793200     -0.14498000     -0.48501000      0.86240600     -0.00006400     -0.00059700     -0.00073100     -0.00000300      0.00002200      0.00001100     -0.17402900      0.08767300      0.03883700     -0.02118000      0.79259800     -0.18633600     -0.58057400      0.38860600      0.88809900      0.24548800      0.46986500     -0.42018800      0.77631700      0.00000200     -0.00000100      0.00000000      0.00007100      0.00000200     -0.00008700     -0.72437600
     0.17031800     -0.02364300      0.36835300     -0.75594000      0.27737700     -0.59301100     -0.49898900     -0.83048500      0.24754300     -0.42288800      0.48268400      0.76694800     -0.00000000     -0.00000000     -0.00000000      0.00000000      0.00000000      0.00000000      0.52049300     -0.19895500     -0.05629500      0.31736400     -0.64384000     -0.60332600      0.47059400      0.75004500     -0.61899900      0.23282300      0.15162600      0.50362700      0.85043100     -0.00000300     -0.00002600     -0.00003200      0.00000000      0.00000000      0.00000000      0.53528400      0.02741800      0.02616900      0.00151500      0.68459900      0.58012000      0.44134300     -0.71435500      0.65438900      0.24793200     -0.14498000     -0.48501000      0.86240600     -0.00006400     -0.00059700     -0.00073100     -0.00000300      0.00002200      0.00001100     -0.17402900      0.08767300      0.03883700     -0.02118000      0.79259800     -0.18633600     -0.58057400      0.38860600      0.88809900      0.24548800      0.46986500     -0.42018800      0.77631700      0.00000200     -0.00000100      0.00000000      0.00007100      0.00000200     -0.00008700     -0.72437600
     0.17030700     -0.02365700      0.36835500     -0.75598000      0.27734400     -0.59297500     -0.49895900     -0.83048700      0.24759800     -0.42285300      0.48270000      0.76695700     -0.00003000     -0.00051900     -0.00041300      0.00000000      0.00000000      0.00000000      0.52004600     -0.19896700     -0.05629500      0.31736500     -0.64382200     -0.60333400      0.47060900      0.75005900     -0.61898500      0.23281400      0.15163200      0.50363400      0.85042600     -0.00000000     -0.00000000     -0.00000000      0.00000000      0.00000000      0.00000000      0.53507900      0.02741800      0.02616900      0.00151500      0.68459900      0.58012000      0.44134300     -0.71435500      0.65438900      0.24793200     -0.14498000     -0.48501000      0.86240600     -0.00006400     -0.00059700     -0.00073100     -0.00000300      0.00002200      0.00001100     -0.17402900      0.08767300      0.03883700     -0.02118000      0.79259800     -0.18633600     -0.58057400      0.38860600      0.88809900      0.24548800      0.46986500     -0.42018800      0.77631700      0.00000200     -0.00000100      0.00000000      0.00007100      0.00000200     -0.00008700     -0.72437600
     0.17029600     -0.02365700      0.36835500     -0.75599600      0.27733100     -0.59296100     -0.49894200     -0.83049200      0.24761200     -0.42284400      0.48269800      0.76696400     -0.00000000     -0.00000600     -0.00000500      0.00000000      0.00000000      0.00000000      0.52047500     -0.19896600     -0.05629000      0.31737200     -0.64383800     -0.60332700      0.47059600      0.75004700     -0.61899800      0.23282200      0.15162700      0.50362800      0.85043000      0.00000800      0.00007000      0.00008600      0.00000000      0.00000000      0.00000000      0.53497100      0.02741800      0.02616900      0.00151500      0.68459900      0.58012000      0.44134300     -0.71435500      0.65438900      0.24793200     -0.14498000     -0.48501000      0.86240600     -0.00006400     -0.00059700     -0.00073100     -0.00000300      0.00002200      0.00001100     -0.17402900      0.08767300      0.03883700     -0.02118000      0.79259800     -0.18633600     -0.58057400      0.38860600      0.88809900      0.24548800      0.46986500     -0.42018800      0.77631700      0.00000200     -0.00000100      0.00000000      0.00007100      0.00000200     -0.00008700     -0.72437600
     0.17029600     -0.02365600      0.36834300     -0.75599900      0.27732700     -0.59295900     -0.49892700     -0.83050600      0.24759500     -0.42285600      0.48267500      0.76697100     -0.00000000     -0.00000400     -0.00000300      0.00000000      0.00000000      0.00000000      0.52015400     -0.19896600     -0.05629000      0.31737200     -0.64383800     -0.60332700      0.47059600      0.75004700     -0.61899800      0.23282200      0.15162700      0.50362800      0.85043000      0.00000000      0.00000000      0.00000000      0.00000000      0.00000000      0.00000000      0.53516700      0.02741800      0.02616900      0.00151500      0.68459900      0.58012000      0.44134300     -0.71435500      0.65438900      0.24793200     -0.14498000     -0.48501000      0.86240600     -0.00006400     -0.00059700     -0.00073100     -0.00000300      0.00002200      0.00001100     -0.17402900      0.08767300      0.03883700     -0.02118000      0.79259800     -0.18633600     -0.58057400      0.38860600      0.88809900      0.24548800      0.46986500     -0.42018800      0.77631700      0.00000200     -0.00000100      0.00000000      0.00007100      0.00000200     -0.00008700     -0.72437600
