     0.17601500     -0.01726900      0.37751500     -0.46868300      0.73731000     -0.48657500     -0.83176100     -0.55379900     -0.03810800     -0.29698600      0.38593300      0.87343100     -0.00031300     -0.00790200     -0.00578500      0.00562900     -0.06927700      0.15522400     -0.02501500     -0.20429100     -0.05223700      0.32426800     -0.98016500     -0.09882300      0.17176000      0.17883600     -0.81368800      0.55304900      0.08634100      0.57291800      0.81496800     -0.00217900     -0.01776100     -0.02064300     -0.07566400     -0.16381200      0.09253500     -0.04405900      0.02567700      0.01739400     -0.00780600      0.98395300      0.05704500      0.16906000     -0.14305600      0.81848800      0.55642600     -0.10663300     -0.57168300      0.81351500     -0.00110600     -0.00911200     -0.01058600     -0.26779300     -0.65163100      0.45523700     -0.11916300      0.08647800      0.03391400     -0.02938900      0.51002500     -0.71452800     -0.47887600      0.80573300      0.59175800     -0.02481400      0.30110900     -0.37319000      0.87753100     -0.00015000     -0.00388200     -0.00284600     -0.00363000      0.00097200     -0.02818500     -0.13653000
     0.17617900     -0.01766800      0.37703800     -0.44905100      0.74950100     -0.48646300     -0.84621600     -0.53147000     -0.03781600     -0.28633200      0.39373600      0.87350600      0.01311400     -0.01742500     -0.01324300     -0.00732100      0.00852300     -0.01120600     -0.46232900     -0.20450800     -0.05282400      0.32352700     -0.98211300     -0.09839400      0.16051500      0.17230100     -0.81246700      0.55690500      0.07685500      0.57472100      0.81464800     -0.01741400     -0.01482300     -0.01651800     -0.00565900      0.04105500     -0.08062900     -0.49356200      0.02556700      0.01709100     -0.00818900      0.98588000      0.05637700      0.15767500     -0.13633100      0.81698600      0.56030900     -0.09723000     -0.57389300      0.81313700     -0.00868600     -0.00733700     -0.00816800     -0.00342500      0.04738600     -0.08009800     -0.39006200      0.08655500      0.03372800     -0.02961700      0.49079500     -0.72764800     -0.47921600      0.82129700      0.56998100     -0.02432500      0.29084400     -0.38164000      0.87735900     -0.00047800     -0.00385400     -0.01127500      0.01984200     -0.07060200      0.18788900     -0.38048600
     0.17628400     -0.01789300      0.37660300     -0.44673000      0.75032400     -0.48733100     -0.84709500     -0.52994300     -0.03952100     -0.28736300      0.39422400      0.87294700     -0.00133000      0.00011400     -0.03372600      0.07585400     -0.07818400      0.16828200     -0.87757800     -0.20480800     -0.05310700      0.32311500     -0.98195700     -0.09878300      0.16122900      0.17302100     -0.81245500      0.55669900      0.07723700      0.57467200      0.81464700     -0.01777700     -0.01746100     -0.01968800     -0.00565800      0.04106400     -0.08062500     -0.95897900      0.02542400      0.01696100     -0.00838100      0.98575200      0.05666800      0.15837100     -0.13695400      0.81702700      0.56009800     -0.09765400     -0.57380700      0.81314700     -0.00916300     -0.00382000     -0.01472400      0.02970500      0.04520500     -0.08599700     -0.53196200      0.08661300      0.03360700     -0.02982800      0.48866000     -0.72852000     -0.48007200      0.82221800      0.56858200     -0.02591000      0.29183600     -0.38206300      0.87684500      0.00636500     -0.00555800     -0.01277000      0.04168300     -0.08300500      0.17745900     -0.52891700
     0.17611400     -0.01801200      0.37545200     -0.45387400      0.75110400     -0.47946500     -0.84771200     -0.52971900     -0.02747300     -0.27405900      0.39304200      0.87774500     -0.01506200      0.00284600     -0.03136000      0.05228400      0.03106400     -0.05094500     -1.58312800     -0.20533800     -0.05349100      0.32196200     -0.97957300     -0.10350700      0.17237800      0.18251900     -0.81660200      0.54752300      0.08532700      0.56792900      0.81855900     -0.00309900      0.00426300     -0.03779700      0.28977400     -0.19931200      0.03616000     -1.40082700      0.02515400      0.01675700     -0.00894800      0.98357100      0.06066200      0.17002000     -0.14601000      0.82117300      0.55168400     -0.10614900     -0.56744500      0.81653900     -0.00908200     -0.00294600     -0.01378200      0.50341600      0.00169600     -0.35979700     -0.82751800      0.08653300      0.03353300     -0.03040200      0.49574100     -0.72898100     -0.47204400      0.82267500      0.56834500     -0.01372600      0.27829000     -0.38153500      0.88146700     -0.00750100      0.00173400     -0.01544200     -0.11924400      0.16119400     -0.14105000     -0.82512600
     0.17562300     -0.01755100      0.37418200     -0.46895200      0.75114000     -0.46466900     -0.84678500     -0.53188100     -0.00531200     -0.25056300      0.39004700      0.88606300     -0.01507100      0.01969500     -0.03579700     -0.07745400      0.13564500     -0.09132200     -1.90714400     -0.20561300     -0.05334300      0.32102300     -0.97969700     -0.10650400      0.16983200      0.18300300     -0.82015600      0.54202200      0.08279700      0.56222800      0.82274400     -0.00155600      0.00213600     -0.01894000      0.18808300     -0.10607100     -0.07342600     -1.40402300      0.02501400      0.01682200     -0.00944400      0.98386300      0.06400500      0.16708300     -0.14632500      0.82523500      0.54550500     -0.10296700     -0.56115000      0.82128400     -0.00073400      0.00129700     -0.00919000      0.23201800     -0.13267400     -0.08586400     -0.99309400      0.08628100      0.03375700     -0.03106700      0.51049000     -0.72836900     -0.45703000      0.82131100      0.57041800      0.00830600      0.25464900     -0.37960500      0.88941100     -0.00750400      0.01009800     -0.01770500     -0.07979700      0.13731500     -0.09302100     -1.10925200
     0.17538600     -0.01719300      0.37357800     -0.47380900      0.75043500     -0.46086600     -0.84532700     -0.53422200     -0.00092900     -0.24632000      0.38820600      0.88806000     -0.01490400      0.02365100     -0.03283500      0.10018300      0.06756400     -0.15081100     -1.91234400     -0.20577200     -0.05322700      0.32063600     -0.97966400     -0.10662600      0.16994700      0.18309800     -0.82062000      0.54128700      0.08298100      0.56152700      0.82320400     -0.01695200      0.00405500     -0.01586300      0.03478600      0.01517800     -0.03808500     -1.40426300      0.02493400      0.01688300     -0.00964100      0.98381700      0.06455000      0.16713800     -0.14670000      0.82577100      0.54459200     -0.10286400     -0.56029800      0.82187800     -0.00842800      0.00229100     -0.00761500      0.01568600      0.02359000     -0.03654100     -0.95504800      0.08616200      0.03393400     -0.03137100      0.51522600     -0.72744100     -0.45317700      0.81967400      0.57269000      0.01262100      0.25034900     -0.37796100      0.89133000     -0.00741900      0.01210300     -0.01620300      0.10831100      0.06131500     -0.14699300     -1.14027700
     0.17501500     -0.01654800      0.37268300     -0.48831300      0.74311600     -0.45757500     -0.83606800     -0.54859900      0.00117500     -0.24955100      0.38221100      0.88975600     -0.00069600      0.01605800     -0.02194100      0.06547500      0.06336700     -0.14093300     -1.89256700     -0.20599500     -0.05301500      0.32030300     -0.97946300     -0.10873800      0.16976800      0.18447700     -0.82224000      0.53835200      0.08228500      0.55874900      0.82516200     -0.00027400      0.01209400     -0.00708400      0.03868100     -0.02492000      0.04315600     -1.40176000      0.02482300      0.01697900     -0.00981300      0.98369700      0.06663400      0.16703100     -0.14803700      0.82739000      0.54176500     -0.10210000     -0.55766000      0.82376500     -0.00770000      0.00087100      0.00144400     -0.01027100      0.01932600     -0.02792400     -0.96843700      0.08597800      0.03425500     -0.03180600      0.52922000     -0.71948000     -0.44974800      0.80976900      0.58656800      0.01450200      0.25337400     -0.37186700      0.89303600     -0.00712200      0.00284400     -0.00614900      0.03402400      0.01612700     -0.03613100     -1.11562000
     0.17477400     -0.01636500      0.37229200     -0.52756400      0.71587700     -0.45742900     -0.80515600     -0.59303800      0.00038400     -0.27034900      0.36761100      0.88983200     -0.00003500     -0.00081100     -0.00060900      0.02049200     -0.00001700     -0.03986200     -0.92803100     -0.20623400     -0.05276100      0.32058800     -0.97893700     -0.12047500      0.16480000      0.19166800     -0.81933800      0.54026200      0.07117300      0.56061900      0.82492700      0.00159200     -0.00191900      0.01919800     -0.04780400      0.08637800     -0.16882300     -1.07139100      0.02470200      0.01710900     -0.00968300      0.98369700      0.07826600      0.16190800     -0.15512100      0.82477700      0.54376400     -0.09098000     -0.56001400      0.82347100     -0.00715300      0.00508100      0.00644800     -0.00474400     -0.02826300      0.02045800     -0.90050900      0.08585700      0.03435100     -0.03201100      0.56727000     -0.69040800     -0.44893200      0.77678300      0.62962700      0.01324400      0.27351600     -0.35623600      0.89346700     -0.00691500     -0.00024400      0.00003000      0.22773500      0.01454600     -0.47598900     -0.97878300
     0.17452500     -0.01640400      0.37257700     -0.54153600      0.70635000     -0.45590900     -0.79467600     -0.60700000      0.00337300     -0.27368800      0.36324500      0.89060400     -0.01327400     -0.00328300      0.01493900     -0.03585300      0.01285500     -0.02311800     -0.16744800     -0.20620000     -0.05246000      0.32131600     -0.97836700     -0.14262900      0.14981800      0.20200900     -0.81313300      0.54584000      0.04520300      0.56447400      0.82412900      0.00222200      0.00297000      0.02492900     -0.10714900     -0.20598600      0.17388200     -0.54821800      0.02472000      0.01726500     -0.00931100      0.98396100      0.10055300      0.14733400     -0.16594100      0.81899800      0.54927700     -0.06543500     -0.56491600      0.82254800      0.00890900      0.00144400      0.01201900     -0.30391400     -0.71578300      0.55231600     -0.71223500      0.08573800      0.03432800     -0.03187800      0.58085900     -0.68015900     -0.44719700      0.76552600      0.64320300      0.01605900      0.27671600     -0.35166900      0.89429000      0.00027800     -0.00164300      0.00726600     -0.03521500     -0.00239200      0.00818900     -0.80422500
     0.17444300     -0.01648400      0.37290200     -0.54138400      0.70643800     -0.45595400     -0.79498500     -0.60659200      0.00399100     -0.27309200      0.36375500      0.89057800      0.00082900     -0.01290800      0.02429500     -0.07061800      0.00845100     -0.01323800      0.01990900     -0.20611500     -0.05231100      0.32171400     -0.97900300     -0.14206100      0.14616100      0.19952600     -0.81283000      0.54720300      0.04230300      0.56505200      0.82388700      0.00212500      0.00226200      0.02404600     -0.03460100     -0.00155800      0.00792700     -0.33812700      0.02476400      0.01734600     -0.00909600      0.98459800      0.09991700      0.14346100     -0.16331100      0.81855900      0.55071800     -0.06240500     -0.56566500      0.82227000      0.00107600      0.00129200      0.01221100     -0.03187900      0.00541600      0.00462500     -0.64267300      0.08569200      0.03429700     -0.03172100      0.58068100     -0.68027500     -0.44725200      0.76585300      0.64279900      0.01662700      0.27618200     -0.35218500      0.89425300     -0.00659000     -0.00051800      0.00830900     -0.03034700     -0.07103300      0.15842300     -0.74054200
     0.17437500     -0.01663800      0.37357800     -0.54479500      0.70361600     -0.45625400     -0.79228200     -0.61011100      0.00503100     -0.27415500      0.36334400      0.89041900      0.00061800     -0.00189500      0.01554600     -0.03470200     -0.00183500      0.00612500      0.26967700     -0.20590100     -0.05208100      0.32250600     -0.97912500     -0.14173100      0.14566100      0.19900500     -0.81244100      0.54796900      0.04191200      0.56569400      0.82346600      0.00208200      0.00201600      0.02367500     -0.03278300     -0.01452900      0.03354300     -0.05462800      0.02487200      0.01746400     -0.00869700      0.98470000      0.09953700      0.14302800     -0.16280300      0.81816300      0.55145600     -0.06213000     -0.56630500      0.82185000      0.00102800      0.00099400      0.01181900     -0.03259900     -0.01384100      0.03429500     -0.54290200      0.08565800      0.03422000     -0.03137000      0.58397100     -0.67730000     -0.44748300      0.76298900      0.64616900      0.01768500      0.27717200     -0.35175200      0.89411700     -0.00660700     -0.00088400      0.00802900     -0.02998100     -0.07083100      0.15709800     -0.64452700
     0.17425600     -0.01683000      0.37430500     -0.56873900      0.68422500     -0.45652700     -0.77107400     -0.63669300      0.00623200     -0.28570300      0.35470600      0.89027200      0.00061400     -0.00201000      0.01544800      0.03941100     -0.08596200      0.05405900      0.41562600     -0.20571900     -0.05197200      0.32323300     -0.97889600     -0.14223300      0.14670800      0.20005500     -0.81168800      0.54870300      0.04227300      0.56665000      0.82279100      0.00116300      0.00913400      0.01067000      0.00180400     -0.01298300      0.02566300      0.08073600      0.02496300      0.01752000     -0.00833200      0.98449500      0.10002300      0.14409700     -0.16387400      0.81745500      0.55218900     -0.06256200     -0.56724200      0.82117100      0.00857400     -0.00084200      0.00923700     -0.03245300     -0.01633600      0.03771200     -0.44084600      0.08559900      0.03412700     -0.03100500      0.60706200     -0.65680000     -0.44731200      0.74052900      0.67176500      0.01862700      0.28825500     -0.34255600      0.89418300     -0.00661300     -0.00103000      0.00791400      0.19244600      0.00981800     -0.46955800     -0.37967000
     0.17416400     -0.01694500      0.37462900     -0.58747400      0.66722900     -0.45795700     -0.75211400     -0.65899600      0.00457100     -0.29801800      0.34628700      0.88954900      0.00054300     -0.00359200      0.01426700      2.49789000     -0.02707900     -4.91323900      0.45795400     -0.20565500     -0.05198000      0.32357200     -0.97870300     -0.14266500      0.14757600      0.20092900     -0.81120100      0.54910300      0.04261100      0.56723800      0.82236800      0.00150400     -0.00244300      0.01838000     -0.03458500     -0.00152300      0.00789200      0.12096600      0.02499400      0.01752000     -0.00816500      0.98432600      0.10044100      0.14495300     -0.16474100      0.81702200      0.55257000     -0.06292900     -0.56778900      0.82076400      0.00073000     -0.00131200      0.00908100     -0.03452700     -0.00120200      0.00836200     -0.29257800      0.08555300      0.03407200     -0.03084100      0.62122500     -0.64254100     -0.44857300      0.72461700      0.68895000      0.01665600      0.29834300     -0.33539100      0.89359000     -0.00653000     -0.00704100      0.01191200     -0.06996600      0.03598900     -0.08023700     -0.22862600
     0.17393500     -0.01711100      0.37518600     -0.60587600      0.64963400     -0.45927700     -0.73256300     -0.68066900      0.00349200     -0.30959900      0.33775300      0.88887400     -0.01331000     -0.00451800      0.01398500     -0.03585000      0.01293900     -0.02307800      0.51716200     -0.20549600     -0.05204800      0.32409200     -0.97801800     -0.14327300      0.15147500      0.20365000     -0.81069600      0.54884700      0.04539900      0.56780800      0.82182500      0.00070400      0.00556900      0.00647600      0.00180700     -0.01294200      0.02568300      0.19055200      0.02507400      0.01748300     -0.00790100      0.98367800      0.10105000      0.14888300     -0.16748700      0.81662100      0.55233800     -0.06576700     -0.56825900      0.82021600      0.00054200     -0.00279300      0.00734900     -0.03497500     -0.00237800      0.00898800     -0.02984300      0.08544400      0.03399000     -0.03056200      0.64261600     -0.62044600     -0.44954400      0.69999900      0.71398100      0.01522500      0.31152000     -0.32446400      0.89312800     -0.00668100     -0.00267500      0.00668600     -0.03961700      0.02579900     -0.04772500      0.07950300
     0.17376800     -0.01718400      0.37544200     -0.60999300      0.64277900     -0.46345300     -0.72431000     -0.68944800     -0.00300300     -0.32070500      0.33304800      0.88671000      0.00030000     -0.00890900      0.01032100      0.14647900     -0.12993500      0.07489600      0.52062600     -0.20532300     -0.05212500      0.32450400     -0.97763700     -0.14315900      0.15402000      0.20499700     -0.81053500      0.54858300      0.04753700      0.56806700      0.82152500      0.00103400     -0.00611900      0.01407000     -0.03458600     -0.00153100      0.00788800      0.28001400      0.02516100      0.01744500     -0.00769500      0.98330500      0.10091900      0.15141400     -0.16881400      0.81652300      0.55207900     -0.06791800     -0.56842300      0.81992700      0.00049700     -0.00317000      0.00690500     -0.03514800     -0.00288800      0.00919400      0.12283300      0.08535500      0.03395900     -0.03043000      0.64654300     -0.61341000     -0.45355100      0.69148000      0.72234100      0.00877600      0.32223600     -0.31929500      0.89118600      0.00002100      0.00055600      0.00041700      0.67040100     -0.51631500      0.35020500      0.38991900
     0.17368400     -0.01718900      0.37541600     -0.60757700      0.64304100     -0.46625500     -0.72405700     -0.68967600     -0.00777100     -0.32581300      0.33207000      0.88521300     -0.00004900     -0.00104700     -0.00077500      0.00000400     -0.00000300      0.00000200      0.52112400     -0.20514900     -0.05218900      0.32478600     -0.97760100     -0.14321700      0.15419400      0.20517300     -0.81016300      0.54906700      0.04752000      0.56858300      0.82116900      0.00077800     -0.00816200      0.01169600     -0.03639600      0.01136700     -0.01781800      0.33354900      0.02524800      0.01741700     -0.00755700      0.98327800      0.10096300      0.15155700     -0.16897200      0.81617300      0.55254800     -0.06791000     -0.56891700      0.81958500      0.00015600      0.00129500      0.00149800      0.00000500      0.00007200      0.00013700      0.21656200      0.08531800      0.03395200     -0.03044000      0.64403000     -0.61385100     -0.45652000      0.69135500      0.72250400      0.00381900      0.32749400     -0.31807700      0.88970400     -0.00016400      0.00416200     -0.00537400      0.02994700     -0.00624200      0.01840200      0.49736400
     0.17365100     -0.01720900      0.37537700     -0.60633100      0.64319200     -0.46766700     -0.72393300     -0.68977500     -0.01019500     -0.32839500      0.33157400      0.88444500     -0.01390200     -0.00190400     -0.00100300     -0.00098300      0.01471400     -0.02955300      0.52077000     -0.20503700     -0.05217700      0.32485800     -0.97760900     -0.14319800      0.15416600      0.20514600     -0.81010900      0.54915700      0.04748600      0.56866500      0.82111400      0.00024900      0.00199700      0.00231300      0.00000000     -0.00000000     -0.00000000      0.35346600      0.02530400      0.01741900     -0.00751800      0.98328100      0.10094800      0.15154400     -0.16896100      0.81610100      0.55265800     -0.06788600     -0.56902300      0.81951300      0.00788400      0.00093600      0.00067100      0.00207500     -0.01513600      0.02934900      0.25134300      0.08530200      0.03394200     -0.03045900      0.64280600     -0.61407200     -0.45794600      0.69128200      0.72258200      0.00140300      0.33004200     -0.31747200      0.88897800     -0.00006200     -0.00131500     -0.00097400     -0.00567400      0.01527100     -0.02725700      0.50814100
     0.17362600     -0.01727800      0.37530100     -0.60506300      0.64335400     -0.46908500     -0.72381400     -0.68985900     -0.01262900     -0.33098100      0.33108400      0.88366400     -0.00009400     -0.00200700     -0.00148800      0.00000000     -0.00000000      0.00000000      0.52095800     -0.20474900     -0.05210400      0.32492700     -0.97751700     -0.14341400      0.15454400      0.20553900     -0.81003500      0.54911800      0.04766800      0.56871500      0.82106900      0.01571000      0.00139100      0.00078400     -0.01043900      0.07383600     -0.14814100      0.38660300      0.02544200      0.01745400     -0.00748400      0.98322400      0.10110200      0.15181600     -0.16924300      0.81606100      0.55263100     -0.06801900     -0.56905400      0.81948200      0.00012900      0.00105500      0.00121900     -0.00001000      0.00005800      0.00006000      0.30441200      0.08528400      0.03390500     -0.03049900      0.64158100     -0.61430000     -0.45935600      0.69121100      0.72265100     -0.00099300      0.33256400     -0.31687500      0.88825100     -0.00006500     -0.00139300     -0.00103200     -0.00274400      0.01312400     -0.02618500      0.51483600
     0.17364300     -0.01732700      0.37523800     -0.60883200      0.63977600     -0.46910100     -0.71971800     -0.69413000     -0.01269200     -0.33298600      0.32909300      0.88365400     -0.00029800      0.00893400     -0.01030400      0.03575300     -0.01023700      0.01970500      0.52155800     -0.20434400     -0.05202600      0.32498000     -0.97744900     -0.14358000      0.15482200      0.20583400     -0.80999500      0.54906800      0.04780200      0.56873100      0.82105000      0.01576100      0.00186100      0.00131900     -0.01043700      0.07384100     -0.14813900      0.41132600      0.02564400      0.01749100     -0.00746000      0.98316400      0.10126800      0.15209400     -0.16953700      0.81603300      0.55258100     -0.06815500     -0.56906400      0.81946300      0.00790200      0.00110500      0.00085600      0.00386000     -0.02808300      0.05499200      0.34621500      0.08529200      0.03387700     -0.03053300      0.64518300     -0.61055600     -0.45930200      0.68693100      0.72672000     -0.00110300      0.33445800     -0.31479800      0.88827800     -0.00014600      0.00448500     -0.00513900      0.03533200     -0.01025100      0.02033200      0.51712200
     0.17364200     -0.01734000      0.37520300     -0.60863700      0.63989600     -0.46918900     -0.71983300     -0.69400800     -0.01284900     -0.33309200      0.32911700      0.88360500     -0.00031600      0.00853400     -0.01060100      0.03575300     -0.01023800      0.01970500      0.52157200     -0.20408300     -0.05198600      0.32501100     -0.97747300     -0.14353000      0.15471400      0.20573100     -0.81001400      0.54907800      0.04774400      0.56871700      0.82106400      0.01578600      0.00210100      0.00159000      0.00204500     -0.01520500      0.02924500      0.41677200      0.02577400      0.01751100     -0.00744500      0.98315900      0.10128700      0.15211400     -0.16956400      0.81602900      0.55257900     -0.06816100     -0.56906600      0.81946100      0.00791900      0.00126200      0.00103100      0.00385400     -0.02809000      0.05499000      0.36009500      0.08529200      0.03386900     -0.03054500      0.64500100     -0.61068500     -0.45938700      0.68706400      0.72659500     -0.00122700      0.33453800     -0.31483700      0.88823400     -0.00694900     -0.00086900     -0.00044100     -0.00128200      0.01471700     -0.02900500      0.51728600
     0.17361800     -0.01735100      0.37513200     -0.61191900      0.63659200     -0.46941500     -0.71600900     -0.69794500     -0.01325000     -0.33530600      0.32720100      0.88348000     -0.00005500     -0.00118100     -0.00087700      0.00000000      0.00000000     -0.00000000      0.52108300     -0.20351000     -0.05186800      0.32511700     -0.97760400     -0.14324500      0.15415500      0.20517700     -0.81011700      0.54913300      0.04745600      0.56864100      0.82113200      0.01600200      0.00400200      0.00377100      0.00385200     -0.02810800      0.05494800      0.41678200      0.02605500      0.01756500     -0.00739700      0.98326700      0.10101800      0.15159400     -0.16904600      0.81610300      0.55262800     -0.06789100     -0.56900700      0.81952400      0.00801400      0.00211300      0.00200500     -0.00860700      0.06095000     -0.12241600      0.37005500      0.08528000      0.03386700     -0.03058500      0.64811500     -0.60724300     -0.45956600      0.68307200      0.73034800     -0.00171600      0.33668500     -0.31280500      0.88814100     -0.00003800     -0.00085600     -0.00063700      0.00587100     -0.08277500      0.18125400      0.51761200
     0.17355400     -0.01736200      0.37508700     -0.61161100      0.63678800     -0.46955100     -0.71619600     -0.69774900     -0.01349700     -0.33546900      0.32723900      0.88340400     -0.00006300     -0.00134900     -0.00100200      0.00000000      0.00000000      0.00000000      0.52137700     -0.20291700     -0.05168000      0.32530200     -0.97782100     -0.14275600      0.15322500      0.20424400     -0.81029100      0.54922400      0.04698400      0.56851600      0.82124600      0.01622800      0.00607500      0.00613800      0.00385200     -0.02810800      0.05494800      0.41194200      0.02635100      0.01765600     -0.00730800      0.98345700      0.10053400      0.15068000     -0.16812400      0.81623500      0.55271500     -0.06742400     -0.56890500      0.81963400      0.00809500      0.00288300      0.00288100      0.00386700     -0.02810000      0.05496000      0.36874900      0.08524800      0.03386200     -0.03060700      0.64780700     -0.60746400     -0.45970800      0.68328500      0.73014800     -0.00196100      0.33684600     -0.31284200      0.88806700     -0.00003500     -0.00074300     -0.00055100     -0.00106500      0.01199400     -0.02584600      0.51761200
     0.17349200     -0.01735400      0.37509500     -0.61123900      0.63702500     -0.46971400     -0.71645400     -0.69748000     -0.01371200     -0.33559700      0.32735100      0.88331400      0.00001100      0.00023600      0.00017500      0.00000000      0.00000000      0.00000000      0.52130000     -0.20235300     -0.05139900      0.32556200     -0.97802600     -0.14229700      0.15234500      0.20336200     -0.81048400      0.54926700      0.04654700      0.56835400      0.82138300      0.01637800      0.00759800      0.00785600      0.00385100     -0.02810900      0.05494800      0.40139100      0.02664500      0.01780200     -0.00717200      0.98365600      0.10002600      0.14971800     -0.16715200      0.81640200      0.55276300     -0.06693900     -0.56875400      0.81977800      0.00819900      0.00390600      0.00404100      0.00389900     -0.02811300      0.05495700      0.36123800      0.08521700      0.03386300     -0.03060400      0.64744200     -0.60772500     -0.45987700      0.68356700      0.72988400     -0.00217100      0.33697600     -0.31295100      0.88797900      0.00000800      0.00015000      0.00011500     -0.00011300      0.00001500      0.00023500      0.51777500
     0.17346100     -0.01735400      0.37509600     -0.61118000      0.63706300     -0.46973900     -0.71649500     -0.69743700     -0.01374600     -0.33561700      0.32736700      0.88330100      0.00000000      0.00000300      0.00000300      0.00000000      0.00000000      0.00000000      0.52131300     -0.20209000     -0.05123000      0.32572700     -0.97813900     -0.14204000      0.15185500      0.20286900     -0.81059000      0.54929200      0.04630400      0.56826700      0.82145700      0.01652300      0.00899100      0.00943200      0.00565800     -0.04101500      0.08065000      0.39414300      0.02677600      0.01788600     -0.00709100      0.98375700      0.09976500      0.14922600     -0.16665400      0.81648800      0.55278700     -0.06669300     -0.56867700      0.81985200      0.00826600      0.00456300      0.00478400      0.00567900     -0.04101100      0.08065400      0.35405300      0.08520100      0.03386400     -0.03060300      0.64738300     -0.60777000     -0.45990200      0.68361400      0.72984000     -0.00220500      0.33699500     -0.31296900      0.88796600      0.00000100      0.00000800      0.00000600     -0.00009700      0.00000200      0.00019200      0.51744900
     0.17340900     -0.01734600      0.37509200     -0.61079300      0.63730900     -0.46991000     -0.71675400     -0.69716600     -0.01399300     -0.33577000      0.32746600      0.88320600      0.00000000      0.00000000      0.00000000      0.00000000      0.00000000      0.00000000      0.52117400     -0.20162900     -0.05084600      0.32614200     -0.97837300     -0.14150300      0.15084600      0.20185200     -0.81077800      0.54939000      0.04579600      0.56813200      0.82157900      0.00123200      0.01085300      0.01239000      0.00180600     -0.01290500      0.02570200      0.37897400      0.02700700      0.01807500     -0.00688700      0.98396100      0.09923300      0.14823400     -0.16564900      0.81663000      0.55287900     -0.06618800     -0.56856600      0.81997000      0.00837100      0.00564900      0.00599700      0.00564400     -0.04100300      0.08065400      0.33609100      0.08517500      0.03386900     -0.03060600      0.64700600     -0.60803700     -0.46007900      0.68389400      0.72957700     -0.00244700      0.33715200     -0.31306200      0.88787300     -0.00000300      0.00000300      0.00000500     -0.00007000     -0.00001500      0.00013400      0.51793900
     0.17337700     -0.01732900      0.37506700     -0.61059300      0.63743400     -0.47000000     -0.71686500     -0.69704900     -0.01417700     -0.33589600      0.32747300      0.88315500     -0.00000100     -0.00002400     -0.00001800      0.00000000      0.00000000      0.00000000      0.52116400     -0.20125600     -0.05039100      0.32660900     -0.97849200     -0.14123300      0.15032600      0.20133000     -0.81090400      0.54939600      0.04554100      0.56802000      0.82167100      0.01668500      0.01105200      0.01166600      0.00385000     -0.02811100      0.05494700      0.37393100      0.02718800      0.01830500     -0.00665000      0.98406200      0.09897100      0.14773400     -0.16514400      0.81673000      0.55288200     -0.06593900     -0.56846800      0.82005800      0.00067000      0.00603600      0.00685200      0.00361900     -0.02581500      0.05141500      0.32351700      0.08515900      0.03387700     -0.03061800      0.64681100     -0.60817400     -0.46017300      0.68401700      0.72946100     -0.00263000      0.33727800     -0.31306500      0.88782500      0.00000000     -0.00000700     -0.00000300     -0.00003300      0.00001200      0.00009700      0.51793900
     0.17335600     -0.01732100      0.37506000     -0.61061900      0.63741800     -0.46998700     -0.71683800     -0.69707600     -0.01418500     -0.33590600      0.32744600      0.88316200     -0.00000000     -0.00000000     -0.00000000      0.00000000      0.00000000      0.00000000      0.52144900     -0.20109300     -0.05013800      0.32684100     -0.97852500     -0.14116300      0.15018000      0.20118600     -0.81097500      0.54934400      0.04547900      0.56793600      0.82173300      0.00119900      0.01076600      0.01220000     -0.01065500      0.07617500     -0.15166700      0.37354100      0.02726900      0.01842900     -0.00653700      0.98411400      0.09883900      0.14747800     -0.16488400      0.81681100      0.55284000     -0.06581900     -0.56837400      0.82013200      0.00065900      0.00597300      0.00676200      0.00360300     -0.02580700      0.05140100      0.32139500      0.08514900      0.03388100     -0.03062100      0.64683400     -0.60815900     -0.46016000      0.68399100      0.72948500     -0.00263900      0.33728500     -0.31303800      0.88783100     -0.00000100      0.00000500      0.00000800     -0.00003500      0.00000300      0.00006500      0.51777500
     0.17332500     -0.01729900      0.37505300     -0.61039800      0.63755700     -0.47008600     -0.71697200     -0.69693400     -0.01435900     -0.33602000      0.32747600      0.88310600      0.00000100      0.00001300      0.00000900      0.00000000      0.00000000      0.00000000      0.52112900     -0.20078500     -0.04966700      0.32723200     -0.97876400     -0.13920900      0.15044800      0.19982500     -0.81001800      0.55124800      0.04636200      0.56977700      0.82040700      0.00115500      0.01047700      0.01182000     -0.32798400      0.20560300      0.19139700      0.37319400      0.02742900      0.01866800     -0.00633700      0.98420600      0.09813100      0.14733300     -0.16425800      0.81656200      0.55339400     -0.06600200     -0.56885500      0.81978500      0.00051400      0.00472800      0.00532800     -0.59832600      0.33886800      0.18835900      0.31992500      0.08513300      0.03389200     -0.03062500      0.64662100     -0.60830800     -0.46026200      0.68413500      0.72934900     -0.00281000      0.33740100     -0.31306400      0.88777800     -0.00000100      0.00000400      0.00000400     -0.00002100     -0.00000500      0.00005800      0.51810200
     0.17331400     -0.01729100      0.37504600     -0.61028600      0.63762700     -0.47013600     -0.71704000     -0.69686200     -0.01444600     -0.33607800      0.32749300      0.88307800      0.00000000      0.00000000      0.00000000      0.00000000      0.00000000      0.00000000      0.52107500     -0.20050200     -0.04923600      0.32748400     -0.97900700     -0.13724100      0.15066900      0.19842300     -0.80915100      0.55302500      0.04725200      0.57148100      0.81917000      0.00085000      0.00779100      0.00875800     -0.28026700      0.18363700      0.14471800      0.36183700      0.02757100      0.01889000     -0.00620400      0.98438400      0.09570100      0.14774300     -0.16267400      0.81526200      0.55577300     -0.06726200     -0.57112900      0.81809900      0.00041100      0.00380300      0.00427200     -0.40064600      0.22963600      0.14456600      0.31225000      0.08512800      0.03389600     -0.03062800      0.64651300     -0.60838400     -0.46031400      0.68420800      0.72928100     -0.00289600      0.33746000     -0.31307800      0.88775100      0.00000200     -0.00000300     -0.00000000     -0.00001500      0.00001600      0.00005800      0.51793900
     0.17331400     -0.01729100      0.37504600     -0.61016800      0.63770100     -0.47018900     -0.71712100     -0.69677700     -0.01451400     -0.33612000      0.32752900      0.88304900      0.00000000      0.00000000      0.00000000      0.00000000      0.00000000      0.00000000      0.52138400     -0.20037800     -0.04903500      0.32753100     -0.97920300     -0.13537100      0.15108500      0.19722200     -0.80819700      0.55484600      0.04823100      0.57327200      0.81786000      0.00002900      0.01568900     -0.00315900     -0.11435000      0.09385700      0.08155800      0.35365700      0.02763300      0.01898700     -0.00617600      0.98450400      0.09339500      0.14841600     -0.16136200      0.81381900      0.55826500     -0.06864500     -0.57356300      0.81627900      0.00799700      0.00280700      0.00269600     -0.19756900      0.10607000      0.13176100      0.30408600      0.08512800      0.03389600     -0.03062800      0.64639900     -0.60846300     -0.46036800      0.68429400      0.72919900     -0.00296300      0.33750300     -0.31311200      0.88772200      0.00000100     -0.00000200     -0.00000000     -0.00001600      0.00001200      0.00005500      0.51810200
     0.17329400     -0.01729100      0.37504700     -0.61020700      0.63767700     -0.47017000     -0.71709500     -0.69680500     -0.01449200     -0.33610500      0.32751600      0.88306000      0.00000000      0.00000000      0.00000000      0.00000000      0.00000000      0.00000000      0.52136000     -0.20014400     -0.04869300      0.32748000     -0.97958900     -0.13163200      0.15188900      0.19481400     -0.80634600      0.55837800      0.05021000      0.57673400      0.81530300      0.01561200      0.00216600      0.00151900     -0.02397500      0.00286800      0.04021700      0.33279400      0.02775000      0.01916400     -0.00620300      0.98476100      0.08910700      0.14934700     -0.15870200      0.81164300      0.56218200     -0.07112200     -0.57731600      0.81341600      0.00779300      0.00094800      0.00060400      0.02080700     -0.01288400      0.04145700      0.28024500      0.08511700      0.03389600     -0.03062800      0.64643700     -0.60843800     -0.46034900      0.68426600      0.72922600     -0.00294100      0.33748800     -0.31310000      0.88773200      0.00000200     -0.00000200     -0.00000100     -0.00002200      0.00000800      0.00005100      0.51793900
     0.17326300     -0.01728300      0.37505400     -0.61024900      0.63765300     -0.47014900     -0.71706600     -0.69683500     -0.01446800     -0.33608900      0.32750100      0.88307100      0.00000200      0.00003400      0.00002500      0.00000000      0.00000000      0.00000000      0.52139500     -0.19998600     -0.04833500      0.32720100     -0.98002300     -0.12776300      0.15238900      0.19212200     -0.80476200      0.56158900      0.05212200      0.57980500      0.81300200      0.01480200      0.01020900     -0.01022200      0.01697100     -0.01143100      0.05625700      0.31583100      0.02782400      0.01933400     -0.00633700      0.98502500      0.08522500      0.14986800     -0.15609600      0.80992400      0.56538100     -0.07319700     -0.58030900      0.81109900     -0.00028000      0.00510900     -0.00465400      0.04677100     -0.00473300      0.03127400      0.25852800      0.08510200      0.03390000     -0.03062400      0.64647700     -0.60841200     -0.46032800      0.68423700      0.72925300     -0.00291800      0.33747100     -0.31308600      0.88774400      0.00000200      0.00001300      0.00001100     -0.00002300     -0.00000000      0.00004000      0.51810200
