     0.16745700     -0.01770000      0.35452700     -0.76660000      0.34494800     -0.54164700     -0.41914400     -0.90778000      0.01500300     -0.48557200      0.23809400      0.84116500      0.01216700      0.00851400     -0.04655000      0.10555200     -0.01001000      0.00980900      0.52009700     -0.20666300     -0.05600400      0.30131000     -0.66147400     -0.62219700      0.41870600      0.74982600     -0.55451200      0.36084700      0.00848400      0.55342800      0.83277100     -0.03603500      0.01345100     -0.04982800     -0.42609000      0.19181800     -0.29512500      0.30778600      0.02335600      0.02612200     -0.00655400      0.69428600      0.60115100      0.39570600     -0.71966600      0.58514800      0.37374100     -0.00687100     -0.54425900      0.83888800     -0.01797300      0.00679300     -0.02478600     -0.99222400     -0.24957000     -1.06446600      0.34050000      0.08620200      0.04170000     -0.02811000      0.80909900     -0.26125600     -0.52640500      0.31594800      0.94866000      0.01479800      0.49551400     -0.17828900      0.85010400      0.00609600      0.00410200     -0.02340300      0.10554400     -0.01002900      0.00986400      0.52283800
     0.16761200     -0.01755400      0.35273300     -0.76632500      0.34512500     -0.54192300     -0.41752100     -0.90857700      0.01168200     -0.48739800      0.23478200      0.84104000     -0.00217000      0.00568600     -0.04873900      0.10457300      0.00481100     -0.01969100      0.51986200     -0.20775300     -0.05558700      0.29941100     -0.61966100     -0.65782900      0.42810500      0.78403500     -0.49533200      0.37399100     -0.03319600      0.56822000      0.82212300     -0.02011500      0.01323800     -0.05118000     -2.61831100     -1.68475100     -4.34391800      0.31712400      0.02279700      0.02633300     -0.00752500      0.65485500      0.63756000      0.40580700     -0.75502500      0.52835000      0.38830500      0.03316000     -0.56067900      0.82736800     -0.01009800      0.00660000     -0.02565300     -2.63827700     -1.67117500     -4.33394400      0.33690700      0.08627500      0.04176800     -0.02897000      0.80885000     -0.26147000     -0.52668100      0.31438500      0.94922400      0.01157600      0.49691200     -0.17494400      0.84998300     -0.00105600      0.00285700     -0.02435200      0.10457500      0.00479900     -0.01961900      0.52234800
     0.16771800     -0.01745100      0.35175900     -0.76682000      0.34278200     -0.54270900     -0.41629700     -0.90910700      0.01390600     -0.48766400      0.23615900      0.84050000     -0.00248000      0.01380700     -0.05982700      0.09221300     -0.08864400     -0.07420100      0.52028200     -0.20820400     -0.05536100      0.29842400     -0.60299000     -0.66874100      0.43494800      0.79619400     -0.47169000      0.37883700     -0.04743200      0.57557500      0.81628900     -0.02020400      0.01284500     -0.05186400     -0.31153000      0.45595700      0.19982600      0.31855100      0.02257900      0.02644200     -0.00799800      0.63733700      0.65081700      0.41259800     -0.76909400      0.50395400      0.39309500      0.04790200     -0.56786100      0.82172800     -0.01005600      0.00647600     -0.02583100     -0.49187100      0.51658600      0.41535700      0.33576400      0.08633200      0.04182600     -0.02949300      0.80905800     -0.25904100     -0.52756200      0.31304100      0.94963900      0.01378600      0.49742300     -0.17630300      0.84940400     -0.00121800      0.00673900     -0.03005100      0.10098300     -0.08574900     -0.06951800      0.52251100
     0.16803800     -0.01717900      0.34950700     -0.76201200      0.34588100     -0.54749400     -0.42357600     -0.90568000      0.01727600     -0.48893600      0.24463400      0.83733100      0.01151600      0.01053700     -0.06319100     -0.08703100     -0.48601700     -0.20609500      0.51865100     -0.20876400     -0.05476100      0.29646900     -0.55107500     -0.70562900      0.44541700      0.82938800     -0.40508600      0.38464900     -0.09030200      0.58227600      0.80787600     -0.00382300      0.01529700     -0.04947100     -0.79907600     -0.47183000     -1.31164100      0.31867300      0.02229200      0.02673700     -0.00898100      0.58896700      0.68762700      0.42460000     -0.80321200      0.44003200      0.40152300      0.08926000     -0.57752800      0.81147500     -0.01011000      0.01376800     -0.02779100     -2.49546800     -1.98571400     -4.52378900      0.32809000      0.08648700      0.04195700     -0.03059600      0.80529000     -0.26385700     -0.53092900      0.32095100      0.94695700      0.01619300      0.49849400     -0.18344200      0.84726100      0.00575200      0.00461500     -0.03215400     -0.09902800     -0.51497800     -0.25590400      0.52234800
     0.16849500     -0.01685100      0.34693700     -0.75900000      0.33801000     -0.55652000     -0.42366300     -0.90537700      0.02781600     -0.49351900      0.25646300      0.83107900      0.01132900      0.00701100     -0.06654200     -0.16526600     -0.62753300     -0.31433800      0.51713300     -0.20895200     -0.05402200      0.29457600     -0.50472000     -0.72836200      0.46339900      0.85536100     -0.34989400      0.38192400     -0.11541100      0.59004800      0.79899200     -0.00339900      0.01826700     -0.04554200      1.02951700      2.01776600     -1.64633400      0.31804000      0.02219800      0.02710400     -0.00993100      0.54406000      0.71368200      0.44119800     -0.83086900      0.38502700      0.40175900      0.11685500     -0.58515900      0.80245400     -0.00165300      0.00919700     -0.02266200     -0.15626900     -0.15957900     -0.35226200      0.31910900      0.08671600      0.04212200     -0.03188000      0.80152100     -0.25648000     -0.54016700      0.32098900      0.94670300      0.02678600      0.50450800     -0.19485700      0.84113100      0.00569400      0.00331300     -0.03343800     -0.19179500     -0.70291100     -0.35534400      0.52267400
     0.16878800     -0.01666700      0.34551300     -0.75831500      0.32944000     -0.56256000     -0.41998100     -0.90684300      0.03497300     -0.49769300      0.26237000      0.82673500      0.01125900      0.00551900     -0.06803300     -0.19540800     -0.58052800     -0.51621700      0.51476400     -0.20894400     -0.05364800      0.29369200     -0.47748200     -0.73996700      0.47376300      0.86907300     -0.31884900      0.37813000     -0.12815200      0.59320900      0.79469800      0.01280900      0.01919000     -0.04504600      0.84433500      1.79956700     -1.71760700      0.31754600      0.02219600      0.02729000     -0.01037400      0.51755800      0.72642500      0.45214900     -0.84587100      0.35472200      0.39833800      0.12897500     -0.58862300      0.79805200     -0.00154600      0.00998100     -0.02162000     -0.76948800     -0.56267600     -1.24993100      0.31437300      0.08685300      0.04221200     -0.03256500      0.80010200     -0.24855000     -0.54594600      0.31728800      0.94773600      0.03352500      0.50908000     -0.20004500      0.83714800      0.00561300      0.00841100     -0.03813100      0.00660300     -0.27197700     -0.33132900      0.52300100
     0.16936900     -0.01636400      0.34277600     -0.75762900      0.30864700     -0.57513500     -0.41083500     -0.91017200      0.05265800     -0.50628200      0.27579100      0.81709500      0.01125700      0.00462500     -0.06921700     -0.14160000     -0.46250300     -0.45917600      0.50806200     -0.20877900     -0.05289900      0.29209200     -0.42352700     -0.75955700      0.49364800      0.89350800     -0.26089500      0.36539200     -0.14822100      0.59678000      0.78851000      0.01318500      0.02176900     -0.04155300     -0.39248800     -0.13183400     -1.55380300      0.31120000      0.02227800      0.02766400     -0.01117500      0.46503400      0.74719700      0.47480400     -0.87310600      0.29841100      0.38553300      0.14638300     -0.59384100      0.79115400     -0.00120800      0.00549400     -0.01608800     -1.60056200     -0.04648900     -5.96289500      0.30245300      0.08715300      0.04236300     -0.03396200      0.79674400     -0.22687700     -0.56011000      0.30721900      0.95021000      0.05212200      0.52039800     -0.21360500      0.82677500      0.00557200      0.00732700     -0.03928200     -0.20379700     -0.64521600     -0.54816900      0.52349100
     0.16999300     -0.01610200      0.33998500     -0.75774000      0.28115400     -0.58892100     -0.39841000     -0.91402400      0.07616600     -0.51593600      0.29199100      0.80534300      0.01134100      0.00505100     -0.06926600     -0.28454800     -0.72487400     -0.60241400      0.50681000     -0.20843400     -0.05227900      0.29067200     -0.35552100     -0.78150100      0.51269100      0.91685800     -0.18534800      0.35348300     -0.18078200      0.59671000      0.78174000      0.01361900      0.01096000     -0.03302600      0.77429600      1.80434400     -1.75160900      0.29594300      0.02245100      0.02798100     -0.01188300      0.39804100      0.77327500      0.49356600     -0.89937300      0.22290100      0.37608700      0.18080300     -0.59359900      0.78418700     -0.00112300      0.00601200     -0.01539900     -0.89509800     -0.54238400     -1.27265800      0.28122500      0.08746400      0.04249100     -0.03536000      0.79448500     -0.20042200     -0.57325600      0.29417600      0.95283700      0.07457100      0.53127500     -0.22788400      0.81597400      0.00570500      0.00226700     -0.03487000     -0.34133800     -0.83107600     -0.69462500      0.52185800
     0.17053800     -0.01583800      0.33727800     -0.76200600      0.25185500     -0.59662600     -0.38381900     -0.91765900      0.10274900     -0.52067800      0.30697300      0.79667400      0.02578100      0.00590500     -0.06927700     -0.26403600     -0.55178600     -0.73578400      0.51264500     -0.20791400     -0.05191000      0.28953400     -0.28543100     -0.80253600      0.52388700      0.93317400     -0.10839500      0.34259400     -0.21780600      0.58766400      0.77915000      0.01432000      0.00184800     -0.02207900      0.04998500      0.11732700     -0.23774300      0.26958200      0.02271700      0.02816900     -0.01246600      0.32768100      0.79634700      0.50838400     -0.91966600      0.14559200      0.36471300      0.21642200     -0.58705400      0.78008200      0.00719400      0.00096300     -0.01097400      0.05752300      0.12368500     -0.24382900      0.25020000      0.08773200      0.04262200     -0.03671400      0.79551400     -0.17075900     -0.58137600      0.27880900      0.95502000      0.10099900      0.53798000     -0.24243900      0.80734100      0.00581300      0.00371600     -0.03376100     -0.29248600     -0.63103100     -0.78647200      0.52136800
     0.17080700     -0.01568100      0.33592700     -0.76219500      0.24168700     -0.60057700     -0.38168700     -0.91706100      0.11526500     -0.52196400      0.31678000      0.79197900      0.01161800      0.00851000     -0.06672400     -0.27899600     -0.56291300     -0.74952100      0.51358300     -0.20767100     -0.05180800      0.28907200     -0.24504900     -0.81290100      0.52833200      0.93882100     -0.06316800      0.33846500     -0.24146400      0.57996100      0.77794800      0.01447800      0.00289700     -0.02062400     -2.87052400     -1.75246300     -4.53676700      0.24884900      0.02282700      0.02821700     -0.01268300      0.29324000      0.80679400      0.51292500     -0.92617400      0.10668400      0.36168800      0.23708700     -0.58112000      0.77851600      0.00724400      0.00128100     -0.01049000      0.16756800      1.43704300     -2.86697600      0.22848200      0.08786700      0.04269300     -0.03736900      0.79461100     -0.16109900     -0.58535400      0.27684800      0.95422200      0.11320000      0.54032200     -0.25200300      0.80283500      0.00585700      0.00432500     -0.03329500     -0.03807700     -0.14005600     -0.52977800      0.52136800
     0.17135800     -0.01536300      0.33349700     -0.76297600      0.21871500     -0.60833900     -0.36903100     -0.91998200      0.13199000     -0.52984800      0.32492400      0.78339800      0.01192400      0.01316000     -0.06274200     -0.03151200     -0.09700800     -0.49857800      0.51429600     -0.20723700     -0.05161300      0.28840700     -0.15890600     -0.83032500      0.53413600      0.94224700      0.03381900      0.33310600     -0.29445700      0.55725400      0.77629000      0.01497400      0.00628300     -0.01584400     -0.25363200     -0.19436000     -0.40034900      0.21203700      0.02304900      0.02831200     -0.01302800      0.20289100      0.82879100      0.52147800     -0.93408900      0.00403300      0.35701500      0.29378800     -0.55954200      0.77498400      0.00755500      0.00349700     -0.00741500     -0.95217100     -0.53825000     -1.54048800      0.17051400      0.08813600      0.04284900     -0.03859300      0.79223800     -0.13648600     -0.59475100      0.26320400      0.95576700      0.13126800      0.55052700     -0.26053700      0.79311900      0.00601500      0.00678500     -0.03118100     -0.07093400     -0.19141800     -0.52217500      0.52120400
     0.17185300     -0.01495600      0.33146400     -0.76371300      0.19910500     -0.61412100     -0.35918400     -0.92146800      0.14783900     -0.53551100      0.33323600      0.77602100      0.01257800      0.01014300     -0.04706700     -0.19716200     -0.43253600     -0.42415300      0.51323500     -0.20675400     -0.05145600      0.28804700     -0.07240700     -0.83212500      0.54983300      0.93828900      0.12993200      0.32041200     -0.33797900      0.54013700      0.77063900     -0.00021900     -0.00153000     -0.00218300     -3.04746500     -1.63124000     -4.50817100      0.18979100      0.02329700      0.02839400     -0.01321200      0.12148000      0.83341400      0.53913200     -0.93446100     -0.08712500      0.34523900      0.33469900     -0.54573800      0.76820900      0.00768900      0.00447700     -0.00601400      0.04269700      0.21269000     -0.38596000      0.13001800      0.08839300      0.04304900     -0.03964100      0.79180800     -0.11796100     -0.59926900      0.25279300      0.95648000      0.14573800      0.55599800     -0.26688800      0.78716900      0.00632000      0.00495000     -0.02365500     -0.20061000     -0.42562300     -0.47342600      0.52169400
     0.17206800     -0.01469700      0.33054800     -0.76353300      0.19363000     -0.61609200     -0.35591200     -0.92219700      0.15116600     -0.53794300      0.33444900      0.77381400      0.01278500      0.01376200     -0.04372400     -0.01777900     -0.12865800     -0.25066300      0.51263500     -0.20656900     -0.05148200      0.28794700     -0.03691900     -0.82670500      0.56141500      0.93500500      0.16955600      0.31136800     -0.35256000      0.53744800      0.76597300     -0.00031200     -0.00218300     -0.00311700      0.01851100      0.55062300     -1.02757500      0.18327600      0.02338400      0.02838600     -0.01325600      0.08355500      0.83133100      0.54946000     -0.93199100     -0.12997400      0.33837600      0.35271800     -0.54036600      0.76393300     -0.00011000     -0.00079200     -0.00126100     -3.12471200     -1.54360500     -4.57990700      0.11205600      0.08849600      0.04317100     -0.04008500      0.79045400     -0.11166600     -0.60225600      0.24939000      0.95672500      0.14993300      0.55945100     -0.26871200      0.78409600     -0.00077000      0.00697100     -0.02159200     -0.06687900     -0.30318100     -0.15435700      0.52153100
     0.17236800     -0.01419100      0.32924100     -0.76479100      0.18537300     -0.61707100     -0.35198700     -0.92237400      0.15907400     -0.53873500      0.33862300      0.77144400     -0.00096300      0.01125700     -0.02696300     -0.20098300     -0.47797600     -0.24962500      0.50791500     -0.20625100     -0.05163400      0.28787600      0.03967000     -0.81105200      0.58361900      0.92063500      0.25656900      0.29417100     -0.38838100      0.52663600      0.75609300      0.01569500     -0.00278700     -0.00476700     -3.33586200     -1.47183400     -4.63124800      0.18417900      0.02354300      0.02831100     -0.01328900      0.00971900      0.81748100      0.57587200     -0.92283200     -0.21444400      0.31998900      0.38507800     -0.53454400      0.75231400     -0.00011200     -0.00082100     -0.00116800     -0.31983500      0.04121800     -0.71249600      0.09621700      0.08865600      0.04342900     -0.04076200      0.79184800     -0.10472100     -0.60167100      0.24522700      0.95679800      0.15620700      0.55932000     -0.27123900      0.78331900      0.00675000      0.00571900     -0.01359500      0.09273600     -0.00316400      0.05580600      0.51973500
     0.17258300     -0.01369000      0.32849600     -0.76783600      0.18165700     -0.61438900     -0.35025900     -0.92198100      0.16504800     -0.53552200      0.34169400      0.77232600     -0.00030500      0.00894400     -0.01033600     -0.08272900     -0.21657000     -0.09654700      0.50747600     -0.20605700     -0.05193100      0.28782000      0.09771300     -0.78760200      0.60838000      0.90695500      0.32202700      0.27141300     -0.40980700      0.52622800      0.74498700     -0.00004400     -0.01445600      0.00341500      0.22963800      0.34164900     -1.00854800      0.18424500      0.02364700      0.02816700     -0.01331900     -0.05207400      0.79634500      0.60259600     -0.91045900     -0.28578000      0.29898700      0.41030700     -0.53307000      0.73992100     -0.00030400     -0.00213400     -0.00304100      0.69102800      0.65087600     -1.49709800      0.09050200      0.08876400      0.04368000     -0.04114200      0.79382400     -0.09961400     -0.59993300      0.24337300      0.95609000      0.16327800      0.55732600     -0.27562200      0.78321100      0.00707100      0.00461200     -0.00523500     -0.15725400     -0.35030100     -0.11219700      0.51451000
     0.17271000     -0.01327500      0.32829300     -0.77010800      0.18080800     -0.61179000     -0.34980200     -0.92164800      0.16785400     -0.53255200      0.34304100      0.77378200     -0.00004700      0.01385600     -0.00566800      0.03566200     -0.01225900      0.01865500      0.50937400     -0.20590100     -0.05228300      0.28774200      0.14430200     -0.76706300      0.62512500      0.89100100      0.37542000      0.25516800     -0.43060000      0.52111400      0.73680800     -0.00008900     -0.01479700      0.00291400     -0.36705600      0.16410100     -0.91166000      0.18643300      0.02372500      0.02799300     -0.01335600     -0.09850900      0.77853200      0.61982400     -0.89800200     -0.33794300      0.28175400      0.42882000     -0.52884900      0.73241400     -0.00006000     -0.00752300      0.00120900     -3.54102200     -0.98906600     -4.80387700      0.08772600      0.08882800      0.04388900     -0.04124100      0.79568500     -0.09799700     -0.59773000      0.24279700      0.95567700      0.16652500      0.55491800     -0.27762900      0.78421100      0.00727800      0.00143200      0.00116300      0.00388400     -0.01428600      0.03419900      0.51336700
     0.17273600     -0.01317400      0.32834600     -0.77113600      0.18050800     -0.61058300     -0.34994800     -0.92128800      0.16951700     -0.53096900      0.34416300      0.77437200      0.00023800      0.00452600      0.00429300      0.00079900     -0.01452800      0.02487700      0.50997700     -0.20586100     -0.05244600      0.28768600      0.16282900     -0.75778800      0.63185000      0.88471300      0.39551800      0.24654000     -0.43694200      0.51979800      0.73399900     -0.00059000     -0.00418000     -0.00600300      0.20472700      0.01285100     -0.73068000      0.19098200      0.02374500      0.02790400     -0.01338600     -0.11790700      0.76882300      0.62849700     -0.89157500     -0.36064700      0.27391000      0.43725400     -0.52805600      0.72798600     -0.00029300     -0.00208800     -0.00299700      0.32848900     -0.10947200     -0.79117300      0.08837900      0.08884100      0.04394600     -0.04121600      0.79665500     -0.09762700     -0.59649600      0.24297900      0.95534500      0.16815400      0.55344400     -0.27889800      0.78480200      0.00011800      0.00216500      0.00205100      0.00200500     -0.00255800      0.00417300      0.51369300
     0.17274800     -0.01308700      0.32864000     -0.76976800      0.18201000     -0.61186100     -0.35172400     -0.92079800      0.16850000     -0.53177900      0.34468100      0.77358500      0.00026900      0.00511300      0.00484000     -0.00000000     -0.00000000     -0.00000000      0.51303600     -0.20583100     -0.05265500      0.28751100      0.19965500     -0.73844300      0.64407400      0.86849000      0.43762000      0.23269700     -0.45394700      0.51382400      0.72786000     -0.00043800     -0.00310000     -0.00446000     -3.58131900     -1.09034100     -4.36818000      0.22085400      0.02375900      0.02779900     -0.01347300     -0.15146300      0.75268300      0.64072400     -0.88004900     -0.39783300      0.25931100      0.45008000     -0.52459200      0.72265400     -0.00021900     -0.00154900     -0.00222300     -0.04789400      0.31162400     -0.50753500      0.10797400      0.08884800      0.04399500     -0.04106400      0.79544700     -0.09935500     -0.59782200      0.24488800      0.95503900      0.16712000      0.55434000     -0.27933500      0.78401400      0.00026000     -0.00238500      0.00714000     -0.03547500     -0.00215700      0.00712900      0.51483600
     0.17275100     -0.01305600      0.32896500     -0.76813900      0.18379300     -0.61337400     -0.35387600     -0.92018300      0.16735200     -0.53270800      0.34537400      0.77263600      0.00027100      0.00516300      0.00487700      0.00080000     -0.01450400      0.02489100      0.51320900     -0.20575400     -0.05277100      0.28730200      0.21484900     -0.73130200      0.64732400      0.85932800      0.45641700      0.23059300     -0.46435600      0.50762300      0.72564200     -0.00047800     -0.00339000     -0.00488600     -0.01466900      0.09441500     -0.16809700      0.24774100      0.02379800      0.02774000     -0.01357900     -0.17134000      0.74477200      0.64494600     -0.86910200     -0.42257100      0.25708700      0.46400800     -0.51647500      0.71968700     -0.00024000     -0.00172800     -0.00248700     -0.00921500      0.10182300     -0.17216300      0.14553100      0.08884900      0.04401500     -0.04089700      0.79404600     -0.10134500     -0.59934800      0.24714800      0.95465000      0.16601000      0.55534400     -0.27994800      0.78308400      0.00013200      0.00256000      0.00242100      0.00039300     -0.01435800      0.02549000      0.51614200
     0.17275600     -0.01303000      0.32908800     -0.76736100      0.18464000     -0.61409400     -0.35485600     -0.91991600      0.16674400     -0.53317700      0.34563300      0.77219700      0.00020700      0.00395200      0.00373000     -0.00000000     -0.00000000     -0.00000000      0.51339300     -0.20569200     -0.05286900      0.28719400      0.22238900     -0.72587400      0.65087800      0.85519900      0.46570700      0.22734400     -0.46842400      0.50696600      0.72348300     -0.00056800     -0.00402900     -0.00581300     -0.01431900      0.11309300     -0.19787100      0.25699000      0.02382900      0.02769200     -0.01363200     -0.17896800      0.73961200      0.64880200     -0.86541500     -0.43203100      0.25378100      0.46800200     -0.51606500      0.71739100     -0.00028000     -0.00200600     -0.00289400     -0.01231700      0.11426800     -0.19707600      0.15843100      0.08885200      0.04403000     -0.04083400      0.79337700     -0.10228700     -0.60007300      0.24817400      0.95448700      0.16542000      0.55584200     -0.28016300      0.78265400      0.00009900      0.00197200      0.00186200     -0.00032800      0.00010800      0.00049700      0.51646900
     0.17276300     -0.01292700      0.32922700     -0.76769100      0.18509000     -0.61354500     -0.35587700     -0.91931700      0.16786600     -0.53202100      0.34698000      0.77238900      0.00012200      0.00233300      0.00219900     -0.44808000      0.51648900     -0.46811000      0.51314300     -0.20545700     -0.05302200      0.28697700      0.23887400     -0.71803000      0.65373100      0.84462600      0.48570200      0.22502200     -0.47939300      0.49929000      0.72163300     -0.00055100     -0.00392900     -0.00568000     -0.01355900      0.11335500     -0.19702300      0.28434400      0.02394100      0.02761900     -0.01373500     -0.19554700      0.73250200      0.65207500     -0.85567700     -0.45229800      0.25148000      0.47914200     -0.50879000      0.71523000     -0.00051300      0.00343600     -0.00716400      0.02396000      0.10110500     -0.17874500      0.18635300      0.08885500      0.04408100     -0.04076500      0.79230100     -0.10379000     -0.60123600      0.24969100      0.95428300      0.16430500      0.55669700     -0.28030300      0.78199600      0.00007700      0.00152200      0.00143400      0.00057600     -0.01444100      0.02522600      0.51679600
     0.17276700     -0.01284200      0.32929300     -0.76693000      0.18590800     -0.61424900     -0.35671800     -0.91912800      0.16711800     -0.53255500      0.34704500      0.77199200      0.00005900      0.00112900      0.00106400     -0.00000000     -0.00000000     -0.00000000      0.51307400     -0.20497100     -0.05318700      0.28671200      0.24916500     -0.71257000      0.65585900      0.83789400      0.49811700      0.22304100     -0.48594200      0.49484400      0.72031400      0.01552500     -0.00447200     -0.00729800      0.00204400     -0.01520500      0.02924500      0.31580000      0.02418300      0.02753400     -0.01387000     -0.20602900      0.72734200      0.65461800     -0.84943300     -0.46505300      0.24937400      0.48581300     -0.50467700      0.71364300      0.00771000     -0.00264300     -0.00424500     -0.01045600      0.09825700     -0.16664900      0.22750300      0.08885700      0.04412400     -0.04073000      0.79309000     -0.10362100     -0.60022400      0.25013500      0.95390300      0.16583000      0.55537300     -0.28165500      0.78245100      0.00003600      0.00073500      0.00069100     -0.00004800     -0.00008500      0.00034200      0.51630600
     0.17276900     -0.01280400      0.32933000     -0.76791900      0.18564300     -0.61309200     -0.35695000     -0.91872700      0.16881600     -0.53097400      0.34824400      0.77254100      0.00003600      0.00069400      0.00065300     -0.00000000      0.00000000     -0.00000000      0.51289700     -0.20420700     -0.05345600      0.28644500      0.24941300     -0.71211200      0.65626300      0.83763100      0.49862600      0.22289200     -0.48626900      0.49499100      0.71999200      0.01553700     -0.00451700     -0.00740000      0.00204500     -0.01520500      0.02924500      0.33812900      0.02456500      0.02739900     -0.01400500     -0.20624800      0.72690800      0.65503100     -0.84921600     -0.46553100      0.24922400      0.48610000     -0.50486100      0.71331700      0.01601500     -0.00827300     -0.00069900     -0.03330000     -0.00355900      0.01693300      0.25836500      0.08885800      0.04414300     -0.04071300      0.79402300     -0.10324900     -0.59905300      0.25039000      0.95353800      0.16753600      0.55392300     -0.28302500      0.78298500      0.00002000      0.00037200      0.00035100      0.00013400     -0.00022200      0.00039700      0.51532600
     0.17277000     -0.01279100      0.32934200     -0.76929800      0.18495800     -0.61156900     -0.35673400     -0.91842700      0.17089100     -0.52912100      0.34939900      0.77329100      0.00001600      0.00030400      0.00028700     -0.00000000      0.00000000     -0.00000000      0.51372800     -0.20369800     -0.05360100      0.28629800      0.25330700     -0.71100300      0.65597400      0.83475000      0.50325200      0.22330300     -0.48921000      0.49188500      0.72012900      0.03154600     -0.00570500     -0.01000500      0.00236400     -0.01607500      0.03354600      0.34970200      0.02482600      0.02732700     -0.01407900     -0.21016600      0.72595800      0.65483900     -0.84650100     -0.47023600      0.24962600      0.48914700     -0.50186000      0.71335200      0.01577300     -0.00287800     -0.00505300      0.00310800     -0.01610100      0.03423300      0.27453000      0.08885800      0.04415000     -0.04070700      0.79530500     -0.10240100     -0.59749700      0.25017400      0.95322400      0.16963000      0.55217900     -0.28438600      0.78372200      0.00000600      0.00013100      0.00012200      0.00172700     -0.00207300      0.00197600      0.51451000
     0.17277100     -0.01275900      0.32937200     -0.76889300      0.18539300     -0.61194700     -0.35719200     -0.91832100      0.17050400     -0.52940100      0.34944600      0.77307700      0.00006000      0.00113700      0.00107000     -0.00000000     -0.00000000     -0.00000000      0.51315200     -0.20238700     -0.05393500      0.28601100      0.26539900     -0.70573000      0.65688700      0.82613100      0.51762200      0.22250600     -0.49738300      0.48449100      0.71954300      0.04817700     -0.01720100     -0.00335700     -0.12995700     -0.05235400     -0.06197600      0.36501100      0.02546300      0.02716600     -0.01422000     -0.22232300      0.72114800      0.65613700     -0.83851100     -0.48480500      0.24872200      0.49746400     -0.49488200      0.71247400      0.01578600     -0.00293000     -0.00518400     -0.32769500     -0.12762300     -0.32704100      0.30000400      0.08885900      0.04416300     -0.04069400      0.79494100     -0.10289500     -0.59789600      0.25065600      0.95317000      0.16922800      0.55248400     -0.28439300      0.78350600      0.00003700      0.00071700      0.00067300     -0.00003300     -0.00002100      0.00012800      0.51369300
     0.17277300     -0.01272700      0.32940200     -0.76822900      0.18610400     -0.61256400     -0.35794000     -0.91814800      0.16987000     -0.52985900      0.34952300      0.77272900      0.00008100      0.00154700      0.00145600      0.00080100     -0.01449800      0.02489500      0.51350800     -0.20080100     -0.05427100      0.28562900      0.27371500     -0.69989700      0.65970900      0.82057200      0.52764700      0.21950700     -0.50207100      0.48211800      0.71787800      0.03165400     -0.00549800     -0.00991300      0.00236200     -0.01608900      0.03354400      0.36983800      0.02626200      0.02699200     -0.01441200     -0.23087900      0.71560000      0.65925000     -0.83331400     -0.49520100      0.24568900      0.50227600     -0.49263800      0.71065100      0.02392300     -0.00273400     -0.00542600      0.00467400     -0.04910400      0.09168600      0.31159700      0.08886000      0.04417800     -0.04068000      0.79437100     -0.10367900     -0.59851800      0.25143000      0.95307600      0.16860700      0.55295300     -0.28442200      0.78316400      0.00003800      0.00074300      0.00070000      0.00075200     -0.01446500      0.02498400      0.51271300
     0.17277400     -0.01271400      0.32941400     -0.76786100      0.18649900     -0.61290600     -0.35835500     -0.91805100      0.16951700     -0.53011300      0.34956600      0.77253500      0.00003600      0.00068600      0.00064500     -0.00000000     -0.00000000     -0.00000000      0.51321000     -0.19989100     -0.05439200      0.28543300      0.28175300     -0.69559000      0.66087900      0.81474600      0.53714200      0.21817600     -0.50710200      0.47783200      0.71720700      0.04788200     -0.00526000     -0.01058600      0.00440300     -0.03129700      0.06278700      0.37401600      0.02671100      0.02693100     -0.01451000     -0.23904900      0.71159300      0.66067300     -0.82785900     -0.50493600      0.24431200      0.50744900     -0.48854200      0.70980300      0.02396800     -0.00246500     -0.00507500      0.00541800     -0.04826500      0.09084200      0.31568000      0.08886000      0.04418600     -0.04067200      0.79405300     -0.10411500     -0.59886400      0.25185900      0.95302300      0.16826200      0.55321300     -0.28443800      0.78297400      0.00002000      0.00041200      0.00038800     -0.00004600      0.00001700      0.00009500      0.51238700
     0.17277500     -0.01268800      0.32943800     -0.76861300      0.18648400     -0.61196700     -0.35884400     -0.91758500      0.17099700     -0.52869200      0.35079400      0.77295200      0.00003300      0.00063500      0.00059700      0.00552600     -0.10005300      0.17180500      0.51386200     -0.19798800     -0.05465200      0.28498600      0.29367300     -0.68956100      0.66200700      0.80560400      0.55123300      0.21697500     -0.51490700      0.47044400      0.71653000      0.04776000     -0.00672800     -0.01293100      0.00439900     -0.03129800      0.06278700      0.37604900      0.02766300      0.02680400     -0.01472800     -0.25114000      0.70603800      0.66214700     -0.81926200     -0.51935800      0.24305300      0.51549700     -0.48143200      0.70886200      0.02415800     -0.00887000     -0.00232600     -0.03137500     -0.01991000      0.04640100      0.32172100      0.08886100      0.04419900     -0.04066000      0.79487300     -0.10389900     -0.59781300      0.25226800      0.95263200      0.16985800      0.55184900     -0.28582400      0.78343200      0.00002000      0.00038500      0.00036100      0.00188000     -0.00221300      0.00204800      0.51238700
     0.17277600     -0.01266300      0.32946200     -0.76813300      0.18699600     -0.61241300     -0.35938400     -0.91745900      0.17053900     -0.52902300      0.35085100      0.77270000      0.00005300      0.00101600      0.00095500      0.00552600     -0.10005300      0.17180500      0.51343000     -0.19609500     -0.05492800      0.28452800      0.30284900     -0.68516100      0.66244200      0.79573600      0.56422800      0.21996500     -0.52486000      0.46135500      0.71521700      0.04793400     -0.00573500     -0.01166300      0.00261000     -0.02896700      0.06418300      0.37433000      0.02860900      0.02666300     -0.01496200     -0.26031700      0.70196400      0.66293300     -0.80975700     -0.53267600      0.24606700      0.52585900     -0.47275900      0.70708500      0.02398000     -0.00280900     -0.00577300      0.01743500     -0.05719100      0.08291600      0.32270100      0.08886200      0.04421100     -0.04064900      0.79437000     -0.10457800     -0.59836300      0.25293200      0.95255400      0.16930400      0.55226800     -0.28583600      0.78313200      0.00002900      0.00054400      0.00051200      0.00553100     -0.10006800      0.17191100      0.51222400
     0.17278700     -0.01265600      0.32946800     -0.76767600      0.18748500     -0.61283700     -0.35989900     -0.91733800      0.17010300     -0.52933600      0.35090400      0.77246100      0.00000000      0.00000700      0.00000700      0.00000000      0.00000000      0.00000000      0.51301400     -0.19432200     -0.05517200      0.28406200      0.30552000     -0.68267100      0.66378300      0.78883100      0.57181400      0.22518200     -0.53367100      0.45565500      0.71234600      0.04798000     -0.00582600     -0.01198100     -0.09567300      0.10573200      0.14852000      0.37230500      0.02951300      0.02654000     -0.01519800     -0.26325400      0.69964700      0.66422100     -0.80303800     -0.54047500      0.25102900      0.53462700     -0.46731000      0.70412600      0.02400000     -0.00290000     -0.00600000     -0.11017800      0.12359700      0.15878800      0.32123100      0.08886700      0.04421600     -0.04064500      0.79397700     -0.10511800     -0.59879000      0.25346500      0.95248900      0.16887600      0.55259000     -0.28585600      0.78289800     -0.00000000     -0.00001900     -0.00001800     -0.00002100      0.00001800      0.00008000      0.51206000
     0.17279800     -0.01266300      0.32946100     -0.76732900      0.18785600     -0.61315600     -0.36028800     -0.91724700      0.16977100     -0.52957300      0.35094500      0.77228000     -0.00001100     -0.00021400     -0.00020100      0.00552600     -0.10005300      0.17180500      0.51299600     -0.19344400     -0.05525500      0.28387500      0.30902100     -0.68166700      0.66319400      0.78578700      0.57574500      0.22581100     -0.53614800      0.45218700      0.71269600      0.04820300     -0.00390200     -0.00921700      0.00466800     -0.04361400      0.08898900      0.37035800      0.02993400      0.02649700     -0.01529300     -0.26656900      0.69871100      0.66388400     -0.80009900     -0.54447300      0.25177200      0.53738400     -0.46405800      0.70417800      0.02408000     -0.00223300     -0.00505200      0.01578500     -0.04276300      0.05776800      0.31943500      0.08887200      0.04421200     -0.04064800      0.79367900     -0.10552700     -0.59911200      0.25386800      0.95243900      0.16855200      0.55283200     -0.28587200      0.78272100     -0.00000500     -0.00012800     -0.00012100      0.00550900     -0.10002800      0.17186800      0.51173400
     0.17280900     -0.01266300      0.32946100     -0.76671200      0.18851500     -0.61372700     -0.36098100     -0.91708300      0.16918200     -0.52999600      0.35101800      0.77195700     -0.00000000     -0.00000000     -0.00000000      0.00000000      0.00000000      0.00000000      0.51302000     -0.19189700     -0.05535000      0.28362000      0.31597000     -0.67971900      0.66191900      0.77968400      0.58346500      0.22714400     -0.54099800      0.44515300      0.71345800      0.04851400     -0.00102700     -0.00509300      0.00613100     -0.04561600      0.08773400      0.36477900      0.03070700      0.02644600     -0.01542400     -0.27373300      0.69703300      0.66273300     -0.79429000     -0.55239300      0.25291100      0.54237600     -0.45717200      0.70485400      0.01615900     -0.00052700     -0.00199700      0.00489500     -0.03078900      0.05884500      0.31323000      0.08887800      0.04421200     -0.04064900      0.79314700     -0.10625400     -0.59968800      0.25458500      0.95234900      0.16797400      0.55326500     -0.28590000      0.78240500      0.00000200     -0.00000200     -0.00000300      0.00552200     -0.10003300      0.17186800      0.51124400
