t,x_med,y_med,z_med,dx_med,dy_med,dz_med,ddx_med,ddy_med,ddz_med,dddx_med,dddy_med,dddz_med,x_ref,y_ref,z_ref,dx_ref,dy_ref,dz_ref,ddx_ref,ddy_ref,ddz_ref,dddx_ref,dddy_ref,dddz_ref,roll_med,pitch_med,yaw_med,roll_ref,pitch_ref,yaw_ref,roll_e,pitch_e,yaw_e,q1_med,q2_med,q3_med,q4_med,q5_med,q6_med,dq1_med,dq2_med,dq3_med,dq4_med,dq5_med,dq6_med,ddq1_med,ddq2_med,ddq3_med,ddq4_med,ddq5_med,ddq6_med,q1_ref,q2_ref,q3_ref,q4_ref,q5_ref,q6_ref,dq1_ref,dq2_ref,dq3_ref,dq4_ref,dq5_ref,dq6_ref,ddq1_ref,ddq2_ref,ddq3_ref,ddq4_ref,ddq5_ref,ddq6_ref,KP1,KP2,KP3,KP4,KP5,KP6,KD1,KD2,KD3,KD4,KD5,KD6,u1,u2,u3,u4,u5,u6,J
0.0,-0.1563409764364625,-0.5693428064817093,0.18487324266342586,4.712704792696144e-07,3.8703673249335555e-06,4.853266809306996e-06,1.4138074180150765e-05,0.00011611094674809818,0.00014559804817898834,0.0,0.0,0.0,-0.156341,-0.5693429288888867,0.18487314222222423,0.0,2.133333332151229e-06,4.266666665575514e-06,0.0,6.399999996453687e-05,0.0001279999999672654,0.0,0.0,0.0,0.7617555677455861,0.7437742153427163,2.217438913426961,0.7617550374795489,0.7437720075660708,2.21743947039098,1.3471784637956025e-06,-1.1095811305046121e-06,-4.563497215054499e-07,1.57506591511397,2.3921267801627053,1.518086670525702,-1.16141653041099,-0.9236388683154398,1.0392385678691425,1.5312941798450446e-06,2.847155284131642e-06,1.2417101829700445e-05,-6.016321465056909e-06,5.833323083186636e-06,2.8210180835675765e-05,4.593882539535134e-05,8.541465852394926e-05,0.0003725130548910134,-0.0001804896439517073,0.00017499969249559907,0.0008463054250702729,1.575065838549261,2.392126637804941,1.5180860496706106,-1.1614162295949166,-0.9236391599815941,1.0392371573601007,0.0,0.0,0.0,0.0,0.0,0.0,0.0,0.0,0.0,0.0,0.0,0.0,9.0,9.0,9.0,9.0,9.0,9.0,6.0,6.0,6.0,6.0,6.0,6.0,8.156647290391561e-05,42.657152162782346,10.822222082142774,0.4116753391577654,-0.027673167566101498,1.3576458213204745e-07,2.6613315827340305e-07
0.03333333333333333,-0.15634094223013756,-0.569342377469521,0.1848737943044736,8.412151588186402e-07,9.870377084903806e-06,1.2650565055217471e-05,1.1098351426396478e-05,0.00017999989970886977,0.00023391918726233145,0.0,0.0,0.0,-0.156341,-0.5693427180049362,0.18487351065679206,0.0,6.326518516471443e-06,1.105303703514693e-05,0.0,0.00012579555552960642,0.00020359111108714245,0.0,0.0,0.0,0.761755515792563,0.7437776061793762,2.217439188274545,0.7617543084625651,0.7437721586687336,2.217440418841379,3.2959364267901304e-06,-2.6619645846815947e-06,-1.250765241549339e-06,1.5750660920952322,2.392127022668716,1.5180882426854052,-1.1614176568656243,-0.9236378843501596,1.039240522665229,4.05005663538521e-06,5.7991719772941625e-06,3.558222801003487e-05,-2.4534533169277207e-05,2.1623746633750126e-05,4.849931534557181e-05,7.556287366620497e-05,8.856050079487561e-05,0.0006949537854100328,-0.0005555463511266089,0.0004737127065169047,0.0006086740352968814,1.575065838549261,2.392126637804941,1.5180860496706106,-1.1614162295949166,-0.9236391599815941,1.0392371573601007,0.0,0.0,0.0,0.0,0.0,0.0,0.0,0.0,0.0,0.0,0.0,0.0,9.0,9.0,9.0,9.0,9.0,9.0,6.0,6.0,6.0,6.0,6.0,6.0,0.00011814924180697517,42.65735340418041,10.822392000121454,0.41168824756367545,-0.027673130221395947,1.0162399288748958e-07,2.832914578753273e-06
0.06666666666666667,-0.1563408999045611,-0.5693421325554778,0.18487399101811783,1.1269155874439413e-06,8.188410306301419e-06,8.15112312344075e-06,8.570878952428853e-06,-5.0459585572465347e-05,-0.0001349826734120881,0.0,0.0,0.0,-0.156341,-0.5693425683699513,0.18487377176379882,0.0,4.489049544709189e-06,7.833210203337752e-06,0.0,-5.5124069152867605e-05,-9.65948049542753e-05,0.0,0.0,0.0,0.7617564205849353,0.7437815946119396,2.2174382617025787,0.7617537916333522,0.7437722659406392,2.217441091373437,5.768025916480685e-06,-4.9782463172693084e-06,-1.5141615022698723e-06,1.5750661682672762,2.3921270929719136,1.5180888611357237,-1.1614175520185022,-0.9236378851756742,1.0392432016390654,2.8734597590740137e-06,3.339121274258265e-06,2.4229749041020217e-05,-6.081235279371379e-06,7.1914052512880945e-06,6.974591517351748e-05,-3.529790628933589e-05,-7.380152109107693e-05,-0.00034057436907043964,0.0005535989366971749,-0.00043297024147386095,0.0006373979948383702,1.575065838549261,2.392126637804941,1.5180860496706106,-1.1614162295949166,-0.9236391599815941,1.0392371573601007,0.0,0.0,0.0,0.0,0.0,0.0,0.0,0.0,0.0,0.0,0.0,0.0,9.0,9.0,9.0,9.0,9.0,9.0,6.0,6.0,6.0,6.0,6.0,6.0,-6.424493653645058e-05,42.65630597612742,10.821698004432177,0.4116363491496618,-0.027672563387264315,9.387715038666755e-08,2.8794416791031153e-06
0.1,-0.15634123874597017,-0.5693419550594867,0.18487412568961034,-6.401186260137736e-06,6.279392546811588e-06,5.410469090577288e-06,-0.0002258433952404624,-5.7270796196433015e-05,-8.221959761169401e-05,0.0,0.0,0.0,-0.15634121333333334,-0.56934248408883,0.18487396729980293,-6.399999999991597e-06,2.5284336401772597e-06,5.866080123088461e-06,-0.00019199999999974793,-5.881847713595789e-05,-5.9013902407478724e-05,0.0,0.0,0.0,0.7617582548315701,0.7437859200155534,2.2174361375776512,0.7617537472600542,0.7437722393303149,2.217441136102792,8.606903978876279e-06,-7.788450870295487e-06,-1.4830752177610462e-06,1.5750655196781809,2.3921273633254523,1.5180887973627926,-1.161417079573214,-0.9236383535388075,1.0392467311438043,-1.2013961986099972e-05,6.520111195890254e-06,6.801124391968217e-06,7.421827340696736e-06,-6.970127580955567e-06,9.383873317259783e-05,-0.0004466226523552196,9.542969764895969e-05,-0.00052285873947156,0.00040509187860204344,-0.00042484598496730984,0.0007227845399724107,1.575065838549261,2.392126637804941,1.5180860496706106,-1.1614162295949166,-0.9236391599815941,1.0392371573601007,0.0,0.0,0.0,0.0,0.0,0.0,0.0,0.0,0.0,0.0,0.0,0.0,9.0,9.0,9.0,9.0,9.0,9.0,6.0,6.0,6.0,6.0,6.0,6.0,-0.000887757663277533,42.656498982376135,10.821714814901327,0.41163380731350996,-0.027671102550201443,7.569384985472993e-08,1.4248745219873017e-06
0.13333333333333333,-0.156341321225424,-0.5693414925137193,0.18487465383041016,-3.783315173004133e-06,1.1344056321949036e-05,1.2366295222108922e-05,7.853563552873102e-05,0.00015193918355020444,0.00020867528377232548,0.0,0.0,0.0,-0.1563413659851852,-0.5693422714544285,0.18487436016309833,-4.579555555543161e-06,6.379032045463381e-06,1.1785898862015642e-05,5.4613333333453085e-05,0.00011551795215858363,0.00017759456216781544,0.0,0.0,0.0,0.7617590241652678,0.7437909450482079,2.217435450074347,0.7617532075881903,0.7437723317315627,2.2174418345903,1.163640004917371e-05,-1.0360011753096198e-05,-2.3794553829538434e-06,1.5750654521745513,2.392127650351545,1.5180901916156826,-1.1614178170557083,-0.923637712091034,1.0392500635736184,-5.3547265869070014e-06,7.913892249842848e-06,3.0152099261775403e-05,-1.2275707441076865e-05,1.050557961056963e-05,9.792817400607684e-05,0.00019977706197578913,4.1813431618577814e-05,0.0007005292460942156,-0.000590926043453208,0.0005242712157457559,0.00012268322500437045,1.575065838549261,2.392126637804941,1.5180860496706106,-1.1614162295949166,-0.9236391599815941,1.0392371573601007,0.0,0.0,0.0,0.0,0.0,0.0,0.0,0.0,0.0,0.0,0.0,0.0,9.0,9.0,9.0,9.0,9.0,9.0,6.0,6.0,6.0,6.0,6.0,6.0,0.0003737238607715021,42.65725598150571,10.822320636478524,0.41168149721614594,-0.027673055107145128,3.632991096846894e-08,6.006103693006806e-06
0.16666666666666666,-0.156341349002792,-0.5693412344938726,0.18487481222100566,-1.8166512888779946e-06,8.94175158280331e-06,7.289905518293673e-06,5.8999580314867824e-05,-7.206978893654384e-05,-0.0001522910068450241,0.0,0.0,0.0,-0.15634147142347327,-0.5693421284744553,0.18487462408217098,-3.1631486419640226e-06,4.289399195182379e-06,7.917572179690542e-06,4.249220740737414e-05,-6.268898550843005e-05,-0.000116049800469753,0.0,0.0,0.0,0.7617605391799052,0.7437961033797369,2.217433806257717,0.7617528491832007,0.7437723928792961,2.2174422986472955,1.488423320049719e-05,-1.3406783145515661e-05,-2.7186624440516017e-06,1.5750653715547156,2.3921277343619187,1.5180906420411895,-1.1614173694741463,-0.9236380040598859,1.03925372752902,-3.3973055776768067e-06,4.318171556761315e-06,1.9059209889931507e-05,4.8597287601513194e-06,-2.3375171691520314e-06,0.00010592183269782144,5.872263027690584e-05,-0.00010787162079244597,-0.00033278668115531684,0.0005140630860368455,-0.00038529290339164987,0.00023980976075233787,1.575065838549261,2.392126637804941,1.5180860496706106,-1.1614162295949166,-0.9236391599815941,1.0392371573601007,0.0,0.0,0.0,0.0,0.0,0.0,0.0,0.0,0.0,0.0,0.0,0.0,9.0,9.0,9.0,9.0,9.0,9.0,6.0,6.0,6.0,6.0,6.0,6.0,0.00012929157371965871,42.65623641112971,10.821639960663562,0.4116302963048067,-0.027672423513318556,3.9899364923101643e-08,2.4566102569036976e-06
0.19999999999999998,-0.15634133663340063,-0.5693408980281989,0.18487512515315113,-3.581625338494231e-07,9.70990207109563e-06,8.688604297382837e-06,4.3754276471285916e-05,2.3043712046279163e-05,4.196184634415405e-05,0.0,0.0,0.0,-0.15634154036402276,-0.5693419680051514,0.18487493097247457,-2.0682164850368175e-06,4.814079119282629e-06,9.206709107238234e-06,3.2847964707816146e-05,1.5740397723007504e-05,3.867410782643077e-05,0.0,0.0,0.0,0.7617617603938636,0.7438014850812795,2.2174325419762204,0.7617523587855775,0.7437724778377881,2.217442927746135,1.8209705609561487e-05,-1.6397154245903436e-05,-3.32930899152683e-06,1.5750654020989316,2.392127910637239,1.5180914764476514,-1.1614173212975656,-0.9236379497814565,1.039257371888844,-5.215508701807387e-07,4.964896914800101e-06,2.304119920225629e-05,2.5834411994831452e-06,3.063961999260336e-07,0.0001081944740467881,8.627264122488205e-05,1.940176074116357e-05,0.00011945967936974341,-6.828862682004523e-05,7.931740107234195e-05,6.817924046899966e-05,1.575065838549261,2.392126637804941,1.5180860496706106,-1.1614162295949166,-0.9236391599815941,1.0392371573601007,0.0,0.0,0.0,0.0,0.0,0.0,0.0,0.0,0.0,0.0,0.0,0.0,9.0,9.0,9.0,9.0,9.0,9.0,6.0,6.0,6.0,6.0,6.0,6.0,0.00017758899213271562,42.65681245204386,10.821959863150164,0.41165214066098604,-0.027672384997792232,1.810989647132999e-08,1.4874248692725003e-06
0.2333333333333333,-0.15634129539586267,-0.5693403930786177,0.18487567933215973,7.053613892398624e-07,1.3335639122194013e-05,1.3979766077217353e-05,3.190531406206365e-05,0.00010877086812295543,0.00015873604584750264,0.0,0.0,0.0,-0.1563415813139542,-0.5693417086742368,0.18487538836363096,-1.2284979435654233e-06,7.779927434844088e-06,1.3721734692184739e-05,2.5191556244141822e-05,8.897544946684377e-05,0.00013545076754839513,0.0,0.0,0.0,0.7617624604492593,0.743807080094414,2.2174319804745295,0.7617515167130483,0.7437726478149507,2.2174440229202026,2.1564437840198775e-05,-1.930201804799001e-05,-4.200201843003294e-06,1.5750655600885692,2.392128144874597,1.5180930932505063,-1.16141805862421,-0.9236372423258463,1.039260919750067,2.9859424630670736e-06,6.33971279875042e-06,4.001645683195635e-05,-1.388538581857032e-05,1.4251244272213186e-05,0.00010702204914451884,0.00010522479999743437,4.1244476518509595e-05,0.0005092577288910019,-0.000494064810541604,0.0004183454421686146,-3.51727470680777e-05,1.575065838549261,2.392126637804941,1.5180860496706106,-1.1614162295949166,-0.9236391599815941,1.0392371573601007,0.0,0.0,0.0,0.0,0.0,0.0,0.0,0.0,0.0,0.0,0.0,0.0,9.0,9.0,9.0,9.0,9.0,9.0,6.0,6.0,6.0,6.0,6.0,6.0,0.00018925352793441874,42.6570956347738,10.822178912799995,0.4116686282306425,-0.027672380339651692,4.0939625023384e-09,1.0157849195235309e-06
0.26666666666666666,-0.15634123398433064,-0.569339993621146,0.1848760894605091,1.4633489008357943e-06,1.2434372809519558e-05,1.286247645872842e-05,2.2739244149572362e-05,-2.7039340738357197e-05,-3.351734003903594e-05,0.0,0.0,0.0,-0.15634160100943365,-0.5693414703440243,0.18487582354623666,-5.908643830506328e-07,7.149906378482266e-06,1.3055478171090466e-05,1.9129006815443717e-05,-1.8900631690854652e-05,-1.9987695632828206e-05,0.0,0.0,0.0,0.7617634408254861,0.7438126061347843,2.2174310364636574,0.761750695314143,0.7437728080487127,2.217445084184757,2.4948200574832773e-05,-2.238209091196533e-05,-4.743036761137038e-06,1.5750657070647416,2.3921283435038285,1.518094247478028,-1.1614182972209361,-0.9236369306514545,1.0392645168572505,3.934837602966849e-06,6.085822236741217e-06,3.6423369371818986e-05,-9.400396462083247e-06,1.0983902595257464e-05,0.00010761616005174891,2.846685419699326e-05,-7.6167168602760845e-06,-0.00010779262380412091,0.00013454968069461214,-9.802025030867164e-05,1.7823327216902122e-05,1.575065838549261,2.392126637804941,1.5180860496706106,-1.1614162295949166,-0.9236391599815941,1.0392371573601007,0.0,0.0,0.0,0.0,0.0,0.0,0.0,0.0,0.0,0.0,0.0,0.0,9.0,9.0,9.0,9.0,9.0,9.0,6.0,6.0,6.0,6.0,6.0,6.0,6.831586813049739e-05,42.6565778978058,10.82178646356179,0.41163835390323955,-0.027671984689525253,5.0279465035885096e-09,1.2109164712815923e-06
0.3,-0.15634154625803534,-0.5693396540174556,0.1848764636057038,-5.757686046973433e-06,1.0936873040185598e-05,1.1770388465193289e-05,-0.00021663166663538682,-4.492591900787111e-05,-3.276199646775017e-05,0.0,0.0,0.0,-0.1563418181015064,-0.5693412694290857,0.18487623470599218,-6.512762182960447e-06,6.027448157179075e-06,1.2334792665906018e-05,-0.00017765693399729443,-3.3673746639095725e-05,-2.1620565155533455e-05,0.0,0.0,0.0,0.7617650331976098,0.7438179258991289,2.217429302771783,0.761750219036984,0.7437728797078546,2.2174456992322584,2.832243999663175e-05,-2.562352510810351e-05,-4.937229548297993e-06,1.5750651696308373,2.392128723118677,1.5180948576154412,-1.1614184051832341,-0.9236368514539106,1.0392685233904182,-9.437065549656368e-06,9.620904379581787e-06,2.4343871389392582e-05,-5.2927114490511655e-06,5.2452517425259965e-06,0.00011600271670344577,-0.0004011570945786965,0.00010605246428521708,-0.0003623849394727921,0.00012323055039096246,-0.00017215952558194403,0.0002515966995509058,1.575065838549261,2.392126637804941,1.5180860496706106,-1.1614162295949166,-0.9236391599815941,1.0392371573601007,0.0,0.0,0.0,0.0,0.0,0.0,0.0,0.0,0.0,0.0,0.0,0.0,9.0,9.0,9.0,9.0,9.0,9.0,6.0,6.0,6.0,6.0,6.0,6.0,-0.0008007774571385795,42.6565884396113,10.821725628358022,0.4116313229246338,-0.027670448207893994,6.453286793828283e-09,9.357631336152165e-07
0.3333333333333333,-0.1563415980318077,-0.569339157996034,0.1848770294840699,-2.9547022556212107e-06,1.3566067340639885e-05,1.5241014586629261e-05,8.40889460995875e-05,7.88745928690278e-05,0.00010411976203467977,0.0,0.0,0.0,-0.15634196275833298,-0.5693409928571692,0.1848767453839286,-4.339704797429177e-06,8.297157494278431e-06,1.532033809249119e-05,6.519172156593811e-05,6.809128011298071e-05,8.956636279755514e-05,0.0,0.0,0.0,0.761765800893067,0.7438233581371664,2.2174286481577967,0.7617494253592937,0.7437730327867548,2.217446734831507,3.1600340516065413e-05,-2.849566080608749e-05,-5.716868289461621e-06,1.575065165381046,2.3921290158407778,1.5180963868731807,-1.1614191923699606,-0.9236361319907284,1.039272074221954,-3.230684343818408e-06,9.061410145720916e-06,3.869977858828605e-05,-1.7507971680791886e-05,1.6137680891804048e-05,0.00010968420294553364,0.0001861914361751388,-1.6784827015826126e-05,0.000430677215966804,-0.0003664578069522216,0.00032677287447834154,-0.0001895554127373636,1.575065838549261,2.392126637804941,1.5180860496706106,-1.1614162295949166,-0.9236391599815941,1.0392371573601007,0.0,0.0,0.0,0.0,0.0,0.0,0.0,0.0,0.0,0.0,0.0,0.0,9.0,9.0,9.0,9.0,9.0,9.0,6.0,6.0,6.0,6.0,6.0,6.0,0.0003562880607712593,42.656905270552436,10.822046238911964,0.41165857185313587,-0.02767239604522942,-1.3753193806032016e-08,2.815892251891767e-06
0.36666666666666664,-0.15634159336964165,-0.5693387869617594,0.1848774163529107,-8.916574606191207e-07,1.1942717240041182e-05,1.2817704009825164e-05,6.189088722149811e-05,-4.870171331458214e-05,-7.26982218058817e-05,0.0,0.0,0.0,-0.1563420517243021,-0.5693407546091919,0.18487719551870102,-2.668979073868389e-06,7.147439319391915e-06,1.3504043172574144e-05,5.012177170682364e-05,-3.449154524659548e-05,-5.448884759751138e-05,0.0,0.0,0.0,0.7617668180708842,0.7438285898075703,2.2174276418322876,0.7617486766295258,0.7437731737841831,2.217447704196221,3.482328333023496e-05,-3.1460061991379356e-05,-6.168251378476571e-06,1.5750652074139515,2.39212923422166,1.5180974066443969,-1.1614194033915965,-0.923635863075207,1.0392755564833687,-2.362366691931378e-07,7.388087694397016e-06,3.3295350518076985e-05,-1.0056423282198522e-05,1.0757537392543597e-05,0.00010620662928097225,8.983343023875812e-05,-5.019967353971697e-05,-0.0001621328421062719,0.00022354645195780091,-0.0001614043049778135,-0.00010432720993684168,1.575065838549261,2.392126637804941,1.5180860496706106,-1.1614162295949166,-0.9236391599815941,1.0392371573601007,0.0,0.0,0.0,0.0,0.0,0.0,0.0,0.0,0.0,0.0,0.0,0.0,9.0,9.0,9.0,9.0,9.0,9.0,6.0,6.0,6.0,6.0,6.0,6.0,0.00019479099573382896,42.656436845008926,10.82167884737754,0.4116301616056526,-0.027671958496714666,-9.265808453839952e-09,1.253712202633897e-06
0.39999999999999997,-0.15634154851523935,-0.5693384570081094,0.18487774333394413,5.998678730980981e-07,1.0579985514604858e-05,1.0812179921215141e-05,4.474538082189445e-05,-4.088299786033953e-05,-6.016467901782779e-05,0.0,0.0,0.0,-0.15634209826869186,-0.5693405487009562,0.1848775932527572,-1.3963316930561585e-06,6.177247069890274e-06,1.193202168600453e-05,3.817942142436692e-05,-2.9105767485049228e-05,-4.7160644597088464e-05,0.0,0.0,0.0,0.7617678468225065,0.7438336565881329,2.2174266055784613,0.761747974172311,0.7437733034151793,2.2174486077558138,3.795304876381781e-05,-3.434893237453762e-05,-6.585426674068149e-06,1.5750653055540744,2.392129412426841,1.518098289230835,-1.1614194483953921,-0.9236357176810318,1.0392789137287022,1.884056900864715e-06,6.026799511585026e-06,2.8750178937218677e-05,-4.252217002285138e-06,6.493729300368683e-06,0.00010254711643480568,6.360880710173559e-05,-4.0838645484359706e-05,-0.00013635514742574924,0.00017412618839740153,-0.0001279142427652474,-0.00010978538538499709,1.575065838549261,2.392126637804941,1.5180860496706106,-1.1614162295949166,-0.9236391599815941,1.0392371573601007,0.0,0.0,0.0,0.0,0.0,0.0,0.0,0.0,0.0,0.0,0.0,0.0,9.0,9.0,9.0,9.0,9.0,9.0,6.0,6.0,6.0,6.0,6.0,6.0,0.0001387491492006454,42.65646114943756,10.82168679066922,0.4116304089994982,-0.027671802802020196,-1.2182598041476922e-08,7.058207237781823e-07
0.4333333333333333,-0.1563414758971458,-0.5693380005572432,0.18487824646862294,1.6523150532908581e-06,1.2655691870549865e-05,1.3666739106622164e-05,3.1573119422033214e-05,6.226997193695514e-05,8.563792955530051e-05,0.0,0.0,0.0,-0.15634211287646763,-0.5693402812802331,0.1848780699332383,-4.3823327258903464e-07,8.022621694555217e-06,1.4300414432547964e-05,2.8742952614013717e-05,5.536123873994825e-05,7.105178239630305e-05,0.0,0.0,0.0,0.7617683985783927,0.7438386668086108,2.217426199807422,0.7617470545377586,0.7437734914729243,2.2174498032239507,4.095682508907338e-05,-3.700618560102967e-05,-7.247750838944401e-06,1.5750655141515362,2.392129610769832,1.5180997895185055,-1.161420131979215,-0.92363504669519,1.039282033926128,4.799968200449772e-06,5.975792996818974e-06,3.958914638778598e-05,-1.5089082124099083e-05,1.5584293270227298e-05,9.658632066297163e-05,8.74773389875517e-05,-1.5301954429815646e-06,0.00032516902351701894,-0.00032510595365441836,0.0002727169190957584,-0.00017882387315502164,1.575065838549261,2.392126637804941,1.5180860496706106,-1.1614162295949166,-0.9236391599815941,1.0392371573601007,0.0,0.0,0.0,0.0,0.0,0.0,0.0,0.0,0.0,0.0,0.0,0.0,9.0,9.0,9.0,9.0,9.0,9.0,6.0,6.0,6.0,6.0,6.0,6.0,0.00015841977745134628,42.65683029381916,10.821956646589449,0.41165085763699233,-0.027671855942453583,-2.021334888357984e-08,1.077545793567356e-06
0.4666666666666666,-0.1563413849561185,-0.5693376788663455,0.18487856122399093,2.3695896905462725e-06,1.0652389242593412e-05,1.0850678000924597e-05,2.1517985692454376e-05,-6.010014510387198e-05,-8.448073040390978e-05,0.0,0.0,0.0,-0.15634210380436597,-0.5693400623933875,0.1848784715890002,2.7216304950468946e-07,6.566605366960705e-06,1.2049672856765763e-05,2.1311889662811723e-05,-4.3680489827835345e-05,-6.752224727346601e-05,0.0,0.0,0.0,0.7617692546893907,0.7438434018059004,2.2174253687762087,0.7617462555874889,0.7437736499665806,2.2174508352768267,4.386916972292675e-05,-3.97216409304889e-05,-7.578003314201321e-06,1.5750656985088498,2.392129748084578,1.5181007140950804,-1.16142022100023,-0.9236348559515166,1.0392850928582331,5.287135673318379e-06,4.738225912103924e-06,3.168791362333544e-05,-6.810114341325558e-06,9.009637892514953e-06,9.337408232481842e-05,1.4615024186058228e-05,-3.71270125414515e-05,-0.0002370369829335161,0.00024836903348320576,-0.00019723966133137038,-9.636715014459613e-05,1.575065838549261,2.392126637804941,1.5180860496706106,-1.1614162295949166,-0.9236391599815941,1.0392371573601007,0.0,0.0,0.0,0.0,0.0,0.0,0.0,0.0,0.0,0.0,0.0,0.0,9.0,9.0,9.0,9.0,9.0,9.0,6.0,6.0,6.0,6.0,6.0,6.0,4.3864607441435055e-05,42.656379031967624,10.821605037753216,0.4116237005590163,-0.027671507982089505,-1.4196832487378686e-08,1.2027116796493016e-06
0.49999999999999994,-0.1563412828013531,-0.5693374043218578,0.18487881129367767,2.832956243048934e-06,9.041691011905486e-06,8.618279853106964e-06,1.3900777037188288e-05,-4.832178694363499e-05,-6.697099103116686e-05,0.0,0.0,0.0,-0.1563420775283027,-0.5693398829893739,0.1848788110860878,7.882818981563853e-07,5.382120409080925e-06,1.0184912628178705e-05,1.5483565459550874e-05,-3.553454873639339e-05,-5.594280685761177e-05,0.0,0.0,0.0,0.7617701605951983,0.7438479190862776,2.217424456607433,0.7617455593425982,0.743773783962307,2.2174517291442113,4.6662203640271524e-05,-4.2335130452941276e-05,-7.875537221510465e-06,1.575065885971518,2.392129856635913,1.5181014571027167,-1.1614201363964671,-0.923634806035242,1.039288033249256,5.511631925652226e-06,3.750435339579537e-06,2.5422790600886456e-05,-5.779628546401625e-07,4.001538125338863e-06,8.993251456661518e-05,6.734887570015392e-06,-2.963371717573161e-05,-0.00018795369067346962,0.00018696454460056185,-0.0001502429930152827,-0.0001032470327460974,1.575065838549261,2.392126637804941,1.5180860496706106,-1.1614162295949166,-0.9236391599815941,1.0392371573601007,0.0,0.0,0.0,0.0,0.0,0.0,0.0,0.0,0.0,0.0,0.0,0.0,9.0,9.0,9.0,9.0,9.0,9.0,6.0,6.0,6.0,6.0,6.0,6.0,2.44849703467942e-05,42.656416630828126,10.821625737207373,0.4116249445834703,-0.027671423865215594,-1.5808298448050095e-08,7.318556441055078e-07
0.5333333333333333,-0.15634156192698573,-0.5693370388364938,0.18487926829822596,-4.63819013631909e-06,1.0323613310254756e-05,1.201284274099471e-05,-0.00022413477933477596,3.845697998731714e-05,0.00010183739066043478,0.0,0.0,0.0,-0.15634225243646427,-0.5693396646177306,0.18487924118686605,-5.247244846569761e-06,6.551149299364548e-06,1.290302334716979e-05,-0.00018106580234178438,3.5070866708508674e-05,8.154332156973254e-05,0.0,0.0,0.0,0.7617711682741569,0.7438521773225659,2.2174234131246195,0.7617449917691825,0.7437738745421213,2.2174524613861633,4.932576837313874e-05,-4.485869634435474e-05,-8.107507639977868e-06,1.575065446891154,2.392130243420284,1.5181023533467985,-1.1614207216054016,-0.9236343815183266,1.0392911567222787,-6.944396639401553e-06,8.985832527041905e-06,2.6399145170066126e-05,-1.1896832972317277e-05,9.824184348903336e-06,9.244696530724214e-05,-0.0003736808569516134,0.00015706191562387103,2.9290637075390057e-05,-0.0003395661035303134,0.00017467938670693423,7.543352221880874e-05,1.575065838549261,2.392126637804941,1.5180860496706106,-1.1614162295949166,-0.9236391599815941,1.0392371573601007,0.0,0.0,0.0,0.0,0.0,0.0,0.0,0.0,0.0,0.0,0.0,0.0,9.0,9.0,9.0,9.0,9.0,9.0,6.0,6.0,6.0,6.0,6.0,6.0,-0.0007643172103892759,42.65689863349422,10.821876610069149,0.4116412111581488,-0.027670174362583122,-1.731418475259261e-08,8.595169365445623e-07
0.5666666666666667,-0.15634158697380449,-0.569336788345537,0.18487951678417797,-2.0469988794191105e-06,8.451027698049335e-06,8.973994921456558e-06,7.773539731932244e-05,-5.617821768982834e-05,-9.116490171922558e-05,0.0,0.0,0.0,-0.15634235843691227,-0.5693394926630991,0.18487958786189249,-3.180013439877763e-06,5.158638942504012e-06,1.040025079269332e-05,6.201694220075993e-05,-4.177531070581608e-05,-7.508317663429409e-05,0.0,0.0,0.0,0.7617721374559928,0.7438562480407584,2.2174223951515866,0.7617444876685621,0.7437739547420251,2.2174531064835556,5.187175101563407e-05,-4.724899041936351e-05,-8.361998792827506e-06,1.5750654087849605,2.392130415924596,1.5181029422232701,-1.161420696910817,-0.9236343463731284,1.0392939565155068,-3.0769227522705005e-06,6.445363748737447e-06,2.0577244485683702e-05,-3.471719296738411e-06,3.977632079748232e-06,8.68115196629653e-05,0.00011602421661393158,-7.621406334913373e-05,-0.00017465702053147273,0.000252753410267366,-0.00017539656807465313,-0.00016906336932830563,1.575065838549261,2.392126637804941,1.5180860496706106,-1.1614162295949166,-0.9236391599815941,1.0392371573601007,0.0,0.0,0.0,0.0,0.0,0.0,0.0,0.0,0.0,0.0,0.0,0.0,9.0,9.0,9.0,9.0,9.0,9.0,6.0,6.0,6.0,6.0,6.0,6.0,0.00024612543631485906,42.65632959825847,10.821574144601335,0.4116215123043856,-0.027671673877954106,-1.7505327742917132e-08,9.761522062874596e-07
0.6,-0.15634156099890778,-0.5693365804302045,0.1848796987490921,-1.628350806370698e-07,6.9753181121773446e-06,6.63062631898465e-06,5.652468005029552e-05,-4.427177627879268e-05,-7.030055099240889e-05,0.0,0.0,0.0,-0.15634241202058458,-0.569339357804581,0.18487986719492266,-1.6075101693768793e-06,4.04575554403171e-06,8.37999090531246e-06,4.7175098115026515e-05,-3.3386501954169034e-05,-6.060779662142579e-05,0.0,0.0,0.0,0.7617730930967653,0.7438601134725408,2.217421379473599,0.7617440390764466,0.7437740259042305,2.2174536762065338,5.4293163073158184e-05,-4.952427371439329e-05,-8.600398286721773e-06,1.5750654462998193,2.392130533636883,1.51810340106821,-1.1614205027163493,-0.923634430579936,1.039296590049019,-2.7534373913498326e-07,4.502700320454068e-06,1.603598029095184e-05,2.7266495873709444e-06,-3.5825879215365944e-07,8.160784346593088e-05,8.404737039406552e-05,-5.827990284850137e-05,-0.00013623792584195588,0.00018595106652328065,-0.00013007672615705676,-0.00015611028591103245,1.575065838549261,2.392126637804941,1.5180860496706106,-1.1614162295949166,-0.9236391599815941,1.0392371573601007,0.0,0.0,0.0,0.0,0.0,0.0,0.0,0.0,0.0,0.0,0.0,0.0,9.0,9.0,9.0,9.0,9.0,9.0,6.0,6.0,6.0,6.0,6.0,6.0,0.00017857076083815926,42.65638456255333,10.821600110051158,0.41162297291519273,-0.027671524224871735,-1.791644432813655e-08,7.377506541441762e-07
0.6333333333333333,-0.15634149938322547,-0.5693362447927466,0.18488005572942906,1.178033877440909e-06,9.037861298561393e-06,9.349808363949015e-06,4.022587462450491e-05,6.18756747157128e-05,8.15760807378808e-05,0.0,0.0,0.0,-0.15634242621268943,-0.5693391636584751,0.18488021662234616,-4.257631457763951e-07,5.824383175460449e-06,1.0482822705126794e-05,3.5452410708014526e-05,5.3358828942862147e-05,6.308495399443004e-05,0.0,0.0,0.0,0.7617735490059074,0.7438639026029371,2.2174210240274514,0.7617433755667092,0.7437741582393503,2.2174545367558007,5.657056603137563e-05,-5.154198775376237e-05,-9.101154675150776e-06,1.5750656094141164,2.392130662817121,1.5181044924875275,-1.1614209541799232,-0.9236339781016513,1.0392989604413394,3.17050469902044e-06,4.084504866046226e-06,2.7173713114906507e-05,-8.120388281999204e-06,8.930146096924395e-06,7.4610460894345e-05,0.0001033754531446627,-1.2545863632235248e-05,0.00033413198471864006,-0.00032541113608110445,0.00027865214667234165,-0.00020992147714757632,1.575065838549261,2.392126637804941,1.5180860496706106,-1.1614162295949166,-0.9236391599815941,1.0392371573601007,0.0,0.0,0.0,0.0,0.0,0.0,0.0,0.0,0.0,0.0,0.0,0.0,9.0,9.0,9.0,9.0,9.0,9.0,6.0,6.0,6.0,6.0,6.0,6.0,0.00018917342058832887,42.656776850438774,10.821884512286324,0.41164438701553413,-0.027671584499267876,-2.386837227863481e-08,1.0652291920229442e-06
0.6666666666666666,-0.1563417662585629,-0.5693360088879762,0.1848802157628557,-4.944825438701871e-06,7.730718693687745e-06,6.317268542384919e-06,-0.0001836860460116629,-3.921459772170265e-05,-9.097595945685338e-05,0.0,0.0,0.0,-0.15634255319516635,-0.569338897464511,0.18488046425586788,-2.5829945132302375e-06,1.0031895385174132e-05,7.009582244379447e-06,-0.00016577449180266157,-5.9976529801275547e-05,-7.132853917957149e-05,0.0,0.0,0.0,0.7617747935842921,0.743867078579574,2.21741939630642,0.7617430009778657,0.7437737667165035,2.2174545205245924,5.880084498994735e-05,-5.389922174781926e-05,-9.218100019547082e-06,1.575065102513075,2.3921308185097865,1.5181047632507139,-1.1614207612963274,-0.923634319111713,1.0393014558408706,-9.081185928567386e-06,4.4753549325419105e-06,1.4473168097580987e-05,1.1508758189840028e-06,-3.843485867972044e-06,7.477814425493074e-05,-0.0003675507188276348,1.1725501994870533e-05,-0.0003810163505197656,0.00027813792302949623,-0.0003832089589468932,5.030500817571927e-06,1.575065838549261,2.392126637804941,1.5180860496706106,-1.1614162295949166,-0.9236391599815941,1.0392371573601007,0.0,0.0,0.0,0.0,0.0,0.0,0.0,0.0,0.0,0.0,0.0,0.0,9.0,9.0,9.0,9.0,9.0,9.0,6.0,6.0,6.0,6.0,6.0,6.0,-0.000748887175192614,42.65629202103288,10.821521895613207,0.4116165955759137,-0.027670462090566783,-2.1424650276102852e-08,2.5566914544569033e-06
0.7,-0.15634180183892082,-0.5693358224746519,0.18488032407736535,-2.359881147260809e-06,6.30517371082072e-06,4.272044076051807e-06,7.754815187045078e-05,-4.2766598204147245e-05,-6.135646489640589e-05,0.0,0.0,0.0,-0.15634259590927221,-0.5693386054673137,0.18488065148578448,-7.178361132039574e-07,1.1701849696343317e-05,4.902165236635135e-06,4.551507876726646e-05,-8.189573090433555e-05,-4.750475184112091e-05,0.0,0.0,0.0,0.7617757529702496,0.7438702176980408,2.217418217802685,0.7617425896873454,0.7437732176692435,2.217454360296918,6.0929939404916844e-05,-5.610409529470427e-05,-9.899711834079174e-06,1.5750650079287893,2.392130873565621,1.5181050702029018,-1.1614204525590108,-0.9236346085219821,1.0393036695410802,-4.918747690930922e-06,2.5929016712512207e-06,1.0963433121761861e-05,6.5583716032526125e-06,-7.069367337319125e-06,6.920005227608364e-05,0.0001248731471290939,-5.647359783872069e-05,-0.0001052920492745738,0.0001622248735280583,-9.677644408041241e-05,-0.00016734275936541285,1.575065838549261,2.392126637804941,1.5180860496706106,-1.1614162295949166,-0.9236391599815941,1.0392371573601007,0.0,0.0,0.0,0.0,0.0,0.0,0.0,0.0,0.0,0.0,0.0,0.0,9.0,9.0,9.0,9.0,9.0,9.0,6.0,6.0,6.0,6.0,6.0,6.0,0.00026347071747023776,42.65640336807635,10.821590097447572,0.4116213112003516,-0.02767147407666881,-1.703443464062815e-08,2.2194678529907223e-06
0.7333333333333333,-0.1563417845650411,-0.5693356849626421,0.18488038998580725,-4.411491323023679e-07,4.851965028975638e-06,2.7421818141353703e-06,5.756186662824029e-05,-4.3596417980973876e-05,-4.5895601669568626e-05,0.0,0.0,0.0,-0.15634258803997572,-0.5693382729578264,0.18488077977472087,8.43849225105015e-07,1.2924107477666593e-05,3.093206768972617e-06,3.127723726104037e-05,-9.992732055152942e-05,-3.3641094444814e-05,0.0,0.0,0.0,0.7617766688601482,0.7438732376324424,2.217417150704719,0.7617421793447218,0.743772448912393,2.2174539505584776,6.297826959626702e-05,-5.8301995760061696e-05,-1.0935287772559206e-05,1.575065004291666,2.3921309097433516,1.5181052622054552,-1.161420048260501,-0.9236349120458297,1.0393057772038814,-1.7123250294183637e-06,1.5878551693428618e-06,7.49452877436432e-06,1.0272094063348032e-05,-8.426932730559484e-06,6.521994011815527e-05,9.619267984537676e-05,-3.0151395057250768e-05,-0.00010406713042192623,0.00011141167380286258,-4.072696179721077e-05,-0.000119403364737851,1.575065838549261,2.392126637804941,1.5180860496706106,-1.1614162295949166,-0.9236391599815941,1.0392371573601007,0.0,0.0,0.0,0.0,0.0,0.0,0.0,0.0,0.0,0.0,0.0,0.0,9.0,9.0,9.0,9.0,9.0,9.0,6.0,6.0,6.0,6.0,6.0,6.0,0.0002082106168437292,42.656456730594456,10.821602697447616,0.41162107092824807,-0.02767120117720623,-1.3711208723954371e-08,9.761776082386432e-07
0.7666666666666666,-0.1563420926950982,-0.569335625065424,0.1848804257004661,-6.309649613437872e-06,2.815267750114835e-06,1.6283532093938292e-06,-0.00017605514620363353,-6.110094265420271e-05,-3.341505387521371e-05,0.0,0.0,0.0,-0.15634269414566818,-0.5693379254842625,0.1848808579218126,-1.8853994411924236e-06,1.3421512278923309e-05,1.555336965016325e-06,-0.0001733421541891822,-0.0001310255345998712,-2.1222049685576394e-05,0.0,0.0,0.0,0.7617780809446193,0.7438760273293956,2.217415526359201,0.7617420055804458,0.7437714551247026,2.217453050193186,6.496690865302643e-05,-6.068672893137867e-05,-1.1908532719147634e-05,1.5750644151046218,2.392131126715738,1.5181049363250978,-1.1614195732995756,-0.9236353259638442,1.039308226886469,-1.2354515896958661e-05,4.868732779636602e-06,-4.0194308890986875e-06,1.2923249864247617e-05,-1.1087337868601934e-05,7.073363179187719e-05,-0.0003192657260262089,9.842632830881222e-05,-0.00034541878990389024,7.953467402698755e-05,-7.981215414127349e-05,0.00016541075021165745,1.575065838549261,2.392126637804941,1.5180860496706106,-1.1614162295949166,-0.9236391599815941,1.0392371573601007,0.0,0.0,0.0,0.0,0.0,0.0,0.0,0.0,0.0,0.0,0.0,0.0,9.0,9.0,9.0,9.0,9.0,9.0,6.0,6.0,6.0,6.0,6.0,6.0,-0.0006284983406263933,42.656521082101044,10.821568867153879,0.41161546308542335,-0.027669666428339124,-4.365828809582695e-09,1.2060956405173987e-06
0.7999999999999999,-0.15634215693151976,-0.5693355917665625,0.1848804409231334,-3.38794463424888e-06,1.6044001213446835e-06,8.472371205938562e-07,8.765111083826328e-05,-3.632605898237015e-05,-2.343357406084093e-05,0.0,0.0,0.0,-0.1563427167576847,-0.5693375567869403,0.18488089387467826,-1.529541355708153e-07,1.3973966065999036e-05,2.6253165534296934e-07,4.218952622014882e-05,-0.0001245643500311644,-1.0169444721874754e-05,0.0,0.0,0.0,0.7617791319902019,0.74387881686805,2.217414450389807,0.7617417693156978,0.743770357468479,2.217452093020876,6.685579878614711e-05,-6.287728227680069e-05,-1.3450049915069533e-05,1.5750642700114703,2.3921312466564397,1.5181047566218475,-1.1614190809224734,-0.9236356064350202,1.0393103765688472,-7.020034994196903e-06,4.02172496560545e-06,-4.933875300204449e-06,1.415529199827033e-05,-9.305202809807818e-06,6.65715248261831e-05,0.00016003442708285273,-2.5410234420934567e-05,-2.7433332333172856e-05,3.6961264020681376e-05,5.3464051763823454e-05,-0.00012486320897082221,1.575065838549261,2.392126637804941,1.5180860496706106,-1.1614162295949166,-0.9236391599815941,1.0392371573601007,0.0,0.0,0.0,0.0,0.0,0.0,0.0,0.0,0.0,0.0,0.0,0.0,9.0,9.0,9.0,9.0,9.0,9.0,6.0,6.0,6.0,6.0,6.0,6.0,0.0003390034276367082,42.656532878527386,10.821640327145543,0.41162257224356164,-0.027671197147050464,-1.1305367864089533e-08,2.071472365192386e-06
0.8333333333333333,-0.15634215972159152,-0.5693355961687027,0.18488044325983466,-1.1851162738411693e-06,4.4675729464346636e-07,3.2914588960017194e-07,6.608484062059794e-05,-3.4729286828789336e-05,-1.5542772005360102e-05,0.0,0.0,0.0,-0.15634269261302505,-0.5693371786299724,0.1848808947766995,1.291418300036327e-06,1.4231739105080354e-05,-8.09824092531603e-07,2.8691756039922467e-05,-0.00013488313748410974,-4.0224809527700245e-07,0.0,0.0,0.0,0.7617800793539216,0.7438815530271787,2.2174135993268216,0.7617415181457741,0.7437691845250435,2.2174510635188613,6.865986957494839e-05,-6.500474796871128e-05,-1.525767642753934e-05,1.575064242749915,2.392131364747226,1.518104537486216,-1.1614185875820975,-0.9236357997647408,1.0393124397330884,-2.885242768191559e-06,3.7023907133322106e-06,-6.0273377261901984e-06,1.4585238185925214e-05,-6.968328682330643e-06,6.34537930993082e-05,0.0001240437667801603,-9.580027568197172e-06,-3.280387277957248e-05,1.2898385629646536e-05,7.010622382431527e-05,-9.353195180624722e-05,1.575065838549261,2.392126637804941,1.5180860496706106,-1.1614162295949166,-0.9236391599815941,1.0392371573601007,0.0,0.0,0.0,0.0,0.0,0.0,0.0,0.0,0.0,0.0,0.0,0.0,9.0,9.0,9.0,9.0,9.0,9.0,6.0,6.0,6.0,6.0,6.0,6.0,0.00026623187601249043,42.65656266940742,10.821649131587288,0.4116223941423989,-0.027671015850800007,-9.701549230634043e-09,1.1766573318301226e-06
0.8666666666666666,-0.1563421181741834,-0.5693356352698946,0.18488043857945904,4.359094272240807e-07,-6.331046096210331e-07,1.6107416812190035e-08,4.863076441123875e-05,-3.239586070421158e-05,-9.391163578719348e-06,0.0,0.0,0.0,-0.15634263007313173,-0.5693367990583071,0.18488086701541043,2.47744626979401e-06,1.4239159783659225e-05,-1.6848956238539613e-06,1.675046200055874e-05,-0.00014299583328281074,8.162165547886957e-06,0.0,0.0,0.0,0.761780938709628,0.7438842384555658,2.2174129529621034,0.7617412581813325,0.7437679695429004,2.217449992805493,7.038006561127664e-05,-6.706716887433714e-05,-1.7274087738650164e-05,1.5750643040675028,2.3921314911924725,1.5181042780876874,-1.1614181101951533,-0.9236358989302532,1.0393144371190566,2.6460416815106224e-07,3.7630351687259817e-06,-7.1970831489802445e-06,1.4409484944094184e-05,-4.3060864773028415e-06,6.109898372940656e-05,9.449540809027865e-05,1.8193336618131274e-06,-3.5092362683701386e-05,-5.272597254930889e-06,7.986726615083404e-05,-7.064428109704909e-05,1.575065838549261,2.392126637804941,1.5180860496706106,-1.1614162295949166,-0.9236391599815941,1.0392371573601007,0.0,0.0,0.0,0.0,0.0,0.0,0.0,0.0,0.0,0.0,0.0,0.0,9.0,9.0,9.0,9.0,9.0,9.0,6.0,6.0,6.0,6.0,6.0,6.0,0.00020592048604806124,42.65658575660665,10.821657271880595,0.4116223074301172,-0.027670882480700154,-8.591476530206421e-09,1.2581789572367727e-06
0.8999999999999999,-0.15634240850520068,-0.5693357358291649,0.18488043131680565,-5.661318777196204e-06,-2.2222178987944686e-06,-1.3988411903131644e-07,-0.00018291690806143378,-4.767327584361461e-05,-4.680142143587278e-06,0.0,0.0,0.0,-0.15634269240236925,-0.569336437802593,0.18488081627135522,-5.889431559251823e-07,1.3701217132223024e-05,-2.384378588097715e-06,-0.0001857384000505391,-0.00016512834535475918,1.5606918423838323e-05,0.0,0.0,0.0,0.7617822589070633,0.7438867395776623,2.217411806745176,0.7617412249736001,0.74376668343915,2.2174486134269706,7.203922547174985e-05,-6.926561275285339e-05,-1.907519250309283e-05,1.575063776811004,2.392131813999584,1.5181035708900241,-1.1614176466660897,-0.9236360371275707,1.039316797672607,-1.0456928582812913e-05,7.710487295128462e-06,-1.654298098196098e-05,1.4073742918747499e-05,-4.1993085082945164e-06,6.757739891739354e-05,-0.0003216459825289193,0.00011842356379207443,-0.000280376934989422,-1.007226076040055e-05,3.2033390702497586e-06,0.00019435245563960958,1.575065838549261,2.392126637804941,1.5180860496706106,-1.1614162295949166,-0.9236391599815941,1.0392371573601007,0.0,0.0,0.0,0.0,0.0,0.0,0.0,0.0,0.0,0.0,0.0,0.0,9.0,9.0,9.0,9.0,9.0,9.0,6.0,6.0,6.0,6.0,6.0,6.0,-0.0006347141593141536,42.65662630026271,10.821619198989818,0.41161685594955844,-0.027669466930047015,-1.0019536311745014e-09,1.4049946975131156e-06
0.9333333333333332,-0.15634245965860405,-0.5693358456333639,0.18488042473204425,-2.9101750261189793e-06,-2.9368223097227426e-06,-1.783234000109722e-07,8.253429059192394e-05,-2.1438086778881136e-05,-1.1534430549248877e-06,0.0,0.0,0.0,-0.15634268079308666,-0.5693360833222159,0.18488074756686027,8.481596332809017e-07,1.3381594847650196e-05,-2.928496370834965e-06,3.1789983155228185e-05,-0.00015060489556972811,2.201468702089926e-05,0.0,0.0,0.0,0.7617831903218902,0.7438892687988937,2.2174112379460422,0.7617411192923002,0.7437654257058316,2.217447335252661,7.359895212081028e-05,-7.122604534637792e-05,-2.128942237418388e-05,1.5750636903260609,2.392132046127782,1.518103075221156,-1.161417228053341,-0.9236359999552773,1.0393188645538751,-5.215341724024238e-06,7.2127263847764535e-06,-1.542770435748972e-05,1.3063502609676768e-05,-6.563236342146131e-07,6.386342499851813e-05,0.00015724760576366027,-1.4932827310560259e-05,3.345829873413783e-05,-3.0307209272121892e-05,0.0001062895462223971,-0.00011141921756626204,1.575065838549261,2.392126637804941,1.5180860496706106,-1.1614162295949166,-0.9236391599815941,1.0392371573601007,0.0,0.0,0.0,0.0,0.0,0.0,0.0,0.0,0.0,0.0,0.0,0.0,9.0,9.0,9.0,9.0,9.0,9.0,6.0,6.0,6.0,6.0,6.0,6.0,0.00033005056330326354,42.65661954396278,10.821686639231114,0.4116241158355862,-0.027671098879861855,-9.31498789213947e-09,2.499790069573979e-06
0.9666666666666666,-0.15634281528687266,-0.5693360054303274,0.18488042112691153,-8.08262739422296e-06,-4.174875383750655e-06,-1.3154396906173875e-07,-0.00015517364811222257,-3.7141455327603694e-05,1.4027945795958054e-06,0.0,0.0,0.0,-0.15634278665743445,-0.5693357556130644,0.18488066531424788,-1.9896121521542057e-06,1.2579206801867988e-05,-3.336012587129395e-06,-0.0001718925876796895,-0.00016971960332767821,2.74669012023665e-05,0.0,0.0,0.0,0.7617845328338789,0.7438916256341701,2.2174102167673424,0.7617412191820314,0.7437641477766894,2.217445826691844,7.509744462474791e-05,-7.328991335540716e-05,-2.324550624110928e-05,1.5750630646852999,2.3921324569869005,1.51810219156958,-1.1614168384781707,-0.9236359919175322,1.0393212550176896,-1.4251262460428451e-05,1.0621424494469285e-05,-2.2815599638883057e-05,1.214600427284976e-05,-5.801964085454476e-08,6.90970846190618e-05,-0.0002710776220921264,0.00010226094329078496,-0.0002216368584418001,-2.75249501048103e-05,1.794911980080205e-05,0.00015700978861631022,1.575065838549261,2.392126637804941,1.5180860496706106,-1.1614162295949166,-0.9236391599815941,1.0392371573601007,0.0,0.0,0.0,0.0,0.0,0.0,0.0,0.0,0.0,0.0,0.0,0.0,9.0,9.0,9.0,9.0,9.0,9.0,6.0,6.0,6.0,6.0,6.0,6.0,-0.0005356264627236484,42.656657632692976,10.821646032120224,0.4116186236438482,-0.027669679505992306,-1.8940977675185877e-09,1.5197198291137486e-06
0.9999999999999999,-0.15634290952343236,-0.5693361636598521,0.18488042203346722,-4.578941871558586e-06,-4.556213776142913e-06,-2.5716930823529082e-08,0.00010511051423525993,-1.1440088289391306e-05,3.174423161110171e-06,0.0,0.0,0.0,-0.15634281182122972,-0.5693354413329244,0.1848805733630917,-3.4298179141183716e-07,1.2051083119214411e-05,-3.62425636801416e-06,4.450341616824005e-05,-0.0001525438453864325,3.204307273074747e-05,0.0,0.0,0.0,0.7617854473821979,0.7438940167665725,2.2174098036594736,0.7617412272068499,0.7437629406941986,2.217444486409903,7.649741329536505e-05,-7.509050318081781e-05,-2.5568110235458928e-05,1.5750629190977754,2.392132760460837,1.5181015704364966,-1.1614165030193042,-0.9236358073201928,1.039323315994214,-7.662171311528272e-06,9.609953564326664e-06,-2.002786154982036e-05,1.0757845419220275e-05,3.6726069089636506e-06,6.425189202473387e-05,0.00019767273446700536,-3.034412790427864e-05,8.36321426718809e-05,-4.1644765608884514e-05,0.00011191879649454586,-0.0001453557778298382,1.575065838549261,2.392126637804941,1.5180860496706106,-1.1614162295949166,-0.9236391599815941,1.0392371573601007,0.0,0.0,0.0,0.0,0.0,0.0,0.0,0.0,0.0,0.0,0.0,0.0,9.0,9.0,9.0,9.0,9.0,9.0,6.0,6.0,6.0,6.0,6.0,6.0,0.0004083883960954715,42.65664900332814,10.82171106616388,0.4116258385840671,-0.027671307044766724,-1.0301755448693939e-08,2.6049707451054333e-06
1.0333333333333332,-0.15634253487775984,-0.5693363012144315,0.18488039552723437,5.969847447827133e-06,-4.263986330655547e-06,-5.936899590323503e-07,0.0003165816563956278,8.993505317754918e-06,-1.9220923118796148e-05,0.0,0.0,0.0,-0.15634262362036186,-0.5693351329103804,0.18488046205650036,5.3932551564679815e-06,1.1760336499587537e-05,-4.144559025232966e-06,0.00023973299400692483,-0.0001373473381640622,1.982024147739736e-05,0.0,0.0,0.0,0.7618800392784557,0.7438556980669754,2.2175706739960814,0.7617815389513216,0.7437443145880364,2.2175124934700463,7.710006709048172e-06,-0.00010587811981031773,-9.651540516451962e-05,1.5750731131389901,2.3920824663509963,1.5181963469643336,-1.1616513097271322,-0.9235532123620612,1.0394365985309446,0.0002013267671909149,-0.0010026788789661428,0.0018888546028902507,-0.004692548208088496,0.0016531233649347058,0.00228706803195622,0.006269668155073295,-0.030368664975914086,0.05726647393320213,-0.14109918160523147,0.049483522740772265,0.06668448419794458,1.575065838549261,2.392126637804941,1.5180860496706106,-1.1614162295949166,-0.9236391599815941,1.0392371573601007,0.0,0.0,0.0,0.0,0.0,0.0,0.0,0.0,0.0,0.0,0.0,0.0,9.0,9.0,9.0,9.0,9.0,9.0,6.0,6.0,6.0,6.0,6.0,6.0,0.0031550254892223073,42.61533666940856,10.828548834907773,0.4113770162153431,-0.027559749878228512,-3.378235802209417e-08,0.017459502758555342
1.0666666666666667,-0.15634194866982867,-0.5693362829469367,0.18488060322830366,1.3722837745584846e-05,-1.0386609885010474e-06,3.798800683342341e-06,0.00023268097185984241,9.694037520689419e-05,0.000129855196427671,0.0,0.0,0.0,-0.15634228362152405,-0.5693347719025117,0.18488044231264958,1.0144772279430758e-05,1.3015129063761397e-05,-1.8354256294396914e-06,0.00019083188453805633,-5.9956125909366165e-05,0.00015376356819585268,0.0,0.0,0.0,0.7620143320563515,0.7438005578984385,2.2177917793532034,0.7618505118368395,0.7437135418504602,2.217626285750928,-7.35605342758841e-05,-0.0001428015568118513,-0.00017779499739316095,1.5750870389546145,2.3920125509937655,1.5183286847977087,-1.1619794968091182,-0.9234415205090307,1.0395944879214443,0.00034562523488471315,-0.001732533437606953,0.0032763748684651473,-0.008127924375749966,0.0027848781822545276,0.003920143820643414,0.004328954030813948,-0.0218956367592243,0.04162560796724691,-0.10306128502984409,0.03395264451959466,0.04899227366061584,1.575065838549261,2.392126637804941,1.5180860496706106,-1.1614162295949166,-0.9236391599815941,1.0392371573601007,0.0,0.0,0.0,0.0,0.0,0.0,0.0,0.0,0.0,0.0,0.0,0.0,9.0,9.0,9.0,9.0,9.0,9.0,6.0,6.0,6.0,6.0,6.0,6.0,0.0018532952098850863,42.62528823921145,10.826586798678985,0.411690022748177,-0.02761152600791572,8.22541357248241e-09,0.0016776919835017798
1.1,-0.15634121739911602,-0.5693364437741137,0.1848810867545176,1.9213619381108462e-05,-3.5349980246829403e-06,1.068210087134489e-05,0.0001647593884514955,-7.47701456245289e-05,0.00020505153884360207,0.0,0.0,0.0,-0.1563418203105233,-0.5693344862712593,0.18488056311714676,1.4014310933666748e-05,1.1195409777921846e-05,2.156975951875147e-06,0.0001473797661493137,-0.00020377059232323802,0.0002316064026417486,0.0,0.0,0.0,0.7621745421650389,0.7437349644485979,2.218053636940524,0.7619426105160196,0.7436732628704831,2.2177771645792985,-0.00015784852643875932,-0.0001813512956910747,-0.0002618061984304296,1.5751035416543802,2.3919302420743738,1.5184851453907904,-1.162369477312915,-0.9233096946021926,1.039782338149371,0.0004452624069377456,-0.0022236895337036594,0.004221336817789855,-0.010508918201185656,0.003564810864180655,0.0050637191654162505,0.0029891151615909725,-0.014734682882901194,0.02834885847974123,-0.07142981476307071,0.02339798045778381,0.034307260343185084,1.575065838549261,2.392126637804941,1.5180860496706106,-1.1614162295949166,-0.9236391599815941,1.0392371573601007,0.0,0.0,0.0,0.0,0.0,0.0,0.0,0.0,0.0,0.0,0.0,0.0,9.0,9.0,9.0,9.0,9.0,9.0,6.0,6.0,6.0,6.0,6.0,6.0,0.0014015205241784123,42.63276872594808,10.824703354973732,0.41206851150737267,-0.027656135848939556,4.496573524637171e-08,0.0005817658693691464
1.1333333333333335,-0.15634039392865948,-0.5693368089661757,0.18488149825059505,2.289177894745795e-05,-8.446723276016289e-06,1.1461910986625251e-05,0.00011031683941773123,-0.0001473091735264157,2.247101639116249e-05,0.0,0.0,0.0,-0.15634125903545618,-0.5693343188066434,0.18488069903633933,1.7098222498687383e-05,7.816718389200569e-06,3.15820844410991e-06,0.00010901048090339316,-0.0002737829380752288,8.57343180369341e-05,0.0,0.0,0.0,0.7623513270551505,0.7436626125253796,2.218340122863036,0.7620533639651619,0.7436253584490304,2.21795733959018,-0.00023895268539198949,-0.00021877940143440568,-0.0003422033304926415,1.575121565347744,2.3918400519127565,1.5186560939575415,-1.1627972251221776,-0.9231660697931224,1.0399888608411736,0.0005088946695894978,-0.0025450330769094505,0.004826083607619126,-0.012057928918980183,0.004060766469463709,0.0058183602245244735,0.001908967879552564,-0.009640306296173734,0.01814240369487814,-0.0464703215338358,0.014878668158491613,0.022639231773246685,1.575065838549261,2.392126637804941,1.5180860496706106,-1.1614162295949166,-0.9236391599815941,1.0392371573601007,0.0,0.0,0.0,0.0,0.0,0.0,0.0,0.0,0.0,0.0,0.0,0.0,9.0,9.0,9.0,9.0,9.0,9.0,6.0,6.0,6.0,6.0,6.0,6.0,0.0008508596441405558,42.63657288681677,10.822917417286755,0.41249710102208703,-0.02770020567906073,3.957032279622297e-08,0.00020225830169386263
1.166666666666667,-0.15633915723592678,-0.5693371508526339,0.18488146698161792,3.2384556486767034e-05,-9.612273761916255e-06,2.8207124995190233e-06,0.0002847432570980111,-3.508213148322832e-05,-0.0002596890614147571,0.0,0.0,0.0,-0.15634046629292744,-0.5693341929752174,0.18488066539626674,2.3513485276828436e-05,6.185553243223012e-06,-1.0539074932714247e-06,0.00026735878730921314,-0.00018543284081928846,-0.00016445024898192884,0.0,0.0,0.0,0.7625365884671383,0.7435861004837522,2.2186400806992546,0.7621785409260596,0.7435712923335006,2.218160587427081,-0.0003128459390445686,-0.00025277042054707897,-0.0004152650579059231,1.5751409995879104,2.3917446698574403,1.5188354367354375,-1.1632447069248557,-0.9230165058127388,1.0402046137162384,0.0005583163598566892,-0.0027559854653013277,0.005195550093792531,-0.01296894569321902,0.00434486843082761,0.006254510909472528,0.0014826507080157407,-0.006328571651756314,0.01108399458520215,-0.02733050322716513,0.008523058840917034,0.013084520548441645,1.575065838549261,2.392126637804941,1.5180860496706106,-1.1614162295949166,-0.9236391599815941,1.0392371573601007,0.0,0.0,0.0,0.0,0.0,0.0,0.0,0.0,0.0,0.0,0.0,0.0,9.0,9.0,9.0,9.0,9.0,9.0,6.0,6.0,6.0,6.0,6.0,6.0,0.0010845062779853976,42.63771909987322,10.821503821367017,0.4129780741801078,-0.02774427641938715,-1.4487678057228948e-08,0.0001198578397403521
1.2000000000000004,-0.1563381215438445,-0.5693376310811981,0.18488171079613475,3.153069358298178e-05,-1.276562584157895e-05,5.4197994358539514e-06,-2.56948827133051e-05,-9.474536317339639e-05,7.7858928015111e-05,0.0,0.0,0.0,-0.15633966729783577,-0.5693341651369106,0.18488071391034505,2.4604721304813564e-05,3.3592780408590584e-06,4.6308064226585795e-07,1.1352804624387147e-05,-0.00023839682246773464,0.00010978491967827964,0.0,0.0,0.0,0.7627210529773383,0.7435099160576815,2.218946521028741,0.7623130890272825,0.7435133685889492,2.218382265693008,-0.00037587862442905735,-0.0002810394659240846,-0.0004799444751477657,1.575160682941122,2.391648881056307,1.5190167323638302,-1.1636972787696331,-0.9228616946200207,1.0404223939105421,0.0005797725175163804,-0.0028344378444299396,0.005357762599119976,-0.013374418793286148,0.004544513331305217,0.0064404408558963325,0.000643684729790739,-0.0023535713738583523,0.0048663751598233395,-0.012164193002013834,0.005989347014328222,0.005577898392714135,1.575065838549261,2.392126637804941,1.5180860496706106,-1.1614162295949166,-0.9236391599815941,1.0392371573601007,0.0,0.0,0.0,0.0,0.0,0.0,0.0,0.0,0.0,0.0,0.0,0.0,9.0,9.0,9.0,9.0,9.0,9.0,6.0,6.0,6.0,6.0,6.0,6.0,0.0005428001017606654,42.64058804758738,10.820808999459835,0.41349237293879765,-0.02777842224782079,-1.0763225977150626e-08,0.00016091992153810985
1.2333333333333338,-0.15633713874032007,-0.5693380755598387,0.18488158328659,3.018860059758572e-05,-1.3101550284368564e-05,-1.1396643536953514e-06,-4.034289666015147e-05,-1.0283986428863588e-05,-0.00019662720204665512,0.0,0.0,0.0,-0.1563388494974502,-0.5693341752015156,0.184880620850041,2.5231366358147066e-05,1.9097977917693465e-06,-2.950318906063326e-06,-1.0161005066233741e-05,-0.00016823203375793128,-0.00012712721065932797,0.0,0.0,0.0,0.7629025530396842,0.7434342807393306,2.2192503919082927,0.7624544577400035,0.7434523968963014,2.2186168696427098,-0.0004270094501942376,-0.000303746370492939,-0.0005329312312467389,1.5751801643765595,2.3915535123390366,1.5191961913999192,-1.1641442845354892,-0.9227078122201712,1.040637241065887,0.0005828862145859419,-0.0028521869602186147,0.005375101588156597,-0.013398254914882026,0.0045924857740907545,0.006443756725528716,9.341091208684434e-05,-0.0005324734736602495,0.0005201696710986397,-0.0007150836478763781,0.0014391732835661224,9.947608897150614e-05,1.575065838549261,2.392126637804941,1.5180860496706106,-1.1614162295949166,-0.9236391599815941,1.0392371573601007,0.0,0.0,0.0,0.0,0.0,0.0,0.0,0.0,0.0,0.0,0.0,0.0,9.0,9.0,9.0,9.0,9.0,9.0,6.0,6.0,6.0,6.0,6.0,6.0,3.244657768775028e-05,42.6393341536264,10.819641465608388,0.4139730664360617,-0.027818749259072018,-4.573857959044858e-08,0.00018213928658587208
1.2666666666666673,-0.15633621760930913,-0.569338364032407,0.18488153388273856,2.850708428372463e-05,-1.0094744915514325e-05,-1.7472934929809174e-06,-5.051427372381043e-05,8.999037818047717e-05,-1.791689851158745e-05,0.0,0.0,0.0,-0.15633802563880786,-0.5693341596072208,0.18488052826487772,2.5460244340168677e-05,2.3077603544603566e-06,-3.4250344014135706e-06,-2.8258971661809795e-05,-7.647515808351102e-05,1.3668950592737872e-05,0.0,0.0,0.0,0.7630772271713852,0.743361132446214,2.2195461826114085,0.7625997400089172,0.7433896666962629,2.2188599265195963,-0.00046510984099187684,-0.00032043511881528193,-0.0005736150480731655,1.5751991389778475,2.3914609509299414,1.5193708297008433,-1.1645779258190352,-0.922557376037158,1.0408450886250424,0.0005737874306231366,-0.0028019571686473785,0.0052844665478661975,-0.013138910642543973,0.004539552251627869,0.006304870091616933,-0.00027296351888415714,0.0015068937471370896,-0.002719051208711999,0.00778032817014158,-0.0015880056738865516,-0.004166599017353493,1.575065838549261,2.392126637804941,1.5180860496706106,-1.1614162295949166,-0.9236391599815941,1.0392371573601007,0.0,0.0,0.0,0.0,0.0,0.0,0.0,0.0,0.0,0.0,0.0,0.0,9.0,9.0,9.0,9.0,9.0,9.0,6.0,6.0,6.0,6.0,6.0,6.0,-0.00010844052959368966,42.639256764870716,10.819109938907346,0.414471376678621,-0.027856706312022528,-4.242902928996983e-08,0.00019945770539151023
1.3000000000000007,-0.15633500076643495,-0.5693385503848878,0.18488147457743176,3.38593252698368e-05,-7.0525365467544404e-06,-2.119181115916899e-06,0.00016051246204493302,9.100914011501057e-05,-1.0727850139259717e-05,0.0,0.0,0.0,-0.15633705053712663,-0.5693341209354518,0.18488042426928328,2.9380936504588457e-05,2.914032049864996e-06,-3.7714929257252117e-06,0.00014872826620404567,-6.390836730219007e-05,1.8948037168176057e-05,0.0,0.0,0.0,0.7632426444590625,0.7432915685448696,2.2198299304405182,0.7627465053411793,0.7433262289533434,2.219107606903365,-0.000490098954037543,-0.00033112315040382666,-0.0006018976192262728,1.575217946442533,2.3913723161220077,1.519538230732589,-1.164991912924019,-0.9224128870326239,1.041042848413156,0.0005674117705885465,-0.0027066818815576063,0.005109509484208338,-0.012659378980518915,0.004402964174557667,0.006056819126145423,-0.00019126980103770233,0.002858258612693168,-0.005248711909735779,0.014385949860751765,-0.004097642312106084,-0.007441528964145315,1.575065838549261,2.392126637804941,1.5180860496706106,-1.1614162295949166,-0.9236391599815941,1.0392371573601007,0.0,0.0,0.0,0.0,0.0,0.0,0.0,0.0,0.0,0.0,0.0,0.0,9.0,9.0,9.0,9.0,9.0,9.0,6.0,6.0,6.0,6.0,6.0,6.0,0.0005176313406103361,42.63807528328768,10.818422662955765,0.4149314279125317,-0.027892840206569236,-3.8609272889900126e-08,0.00019692148264232397
1.3333333333333341,-0.15633446547546176,-0.5693387271476388,0.18488143997489548,2.2010531986002275e-05,-5.850861216930269e-06,-1.7140179375098124e-06,-0.00035551406133318015,3.586411163257969e-05,1.2604671223234538e-05,0.0,0.0,0.0,-0.1563363077082142,-0.5693340928623928,0.18488032545826333,2.3941391410996374e-05,2.6823193922358688e-06,-3.670629759302081e-06,-0.00029823889801061654,-0.00010137728917136712,3.9383634873324525e-05,0.0,0.0,0.0,0.7633986636453763,0.7432259139538401,2.22009680169907,0.762893332896333,0.743262795708002,2.219355739654847,-0.000502341160142427,-0.00033662095253486694,-0.0006170277022853141,1.5752346423735692,2.3912890730636516,1.5196955351108654,-1.1653820227296183,-0.9222762986277371,1.041229637808045,0.0005230558775858964,-0.00256708846097338,0.004849257393594652,-0.012021989105497064,0.004199422822589359,0.005754727606496212,-0.0013306767900795034,0.004187802617526782,-0.007807562718410601,0.019121696250655528,-0.006106240559049224,-0.009062745589476326,1.575065838549261,2.392126637804941,1.5180860496706106,-1.1614162295949166,-0.9236391599815941,1.0392371573601007,0.0,0.0,0.0,0.0,0.0,0.0,0.0,0.0,0.0,0.0,0.0,0.0,9.0,9.0,9.0,9.0,9.0,9.0,6.0,6.0,6.0,6.0,6.0,6.0,-0.0014414878504425133,42.63661225204031,10.817714329437685,0.41535126785955867,-0.02792156167625448,-1.879255506764821e-08,0.0001586065250598355
1.3666666666666676,-0.15633453413522383,-0.5693392659920741,0.18488138492384176,5.979825814731625e-06,-1.269760106206426e-05,-1.9482709433476213e-06,-0.00048101092534777456,-0.0002055006388555251,-6.542219109000369e-06,0.0,0.0,0.0,-0.15633586409369019,-0.5693342407794713,0.18488021780363442,1.538649414229418e-05,-1.9450053729406526e-06,-3.866325437266873e-06,-0.00044260779986071697,-0.00030797275685223724,2.4157705861505008e-05,0.0,0.0,0.0,0.7635447695287761,0.7431652263908662,2.2203434241112956,0.7630388840295248,0.743200318365799,2.2196006022273633,-0.0005021958547739505,-0.0003375486931883771,-0.0006193411150147006,1.5752491110752933,2.3912125642866724,1.5198398464084504,-1.1657438256688029,-0.9221497741221286,1.0414043741899859,0.00046372599367962617,-0.00238587169323657,0.004502645082895763,-0.011243388485524463,0.003930297719697251,0.005412970174318755,-0.0017798965171881079,0.0054365030321043,-0.010398369320966676,0.023358018599178076,-0.00807375308676326,-0.010252722965323707,1.575065838549261,2.392126637804941,1.5180860496706106,-1.1614162295949166,-0.9236391599815941,1.0392371573601007,0.0,0.0,0.0,0.0,0.0,0.0,0.0,0.0,0.0,0.0,0.0,0.0,9.0,9.0,9.0,9.0,9.0,9.0,6.0,6.0,6.0,6.0,6.0,6.0,-0.001931494451151483,42.635242540962615,10.816855059866732,0.4157220667934207,-0.02794970951130038,3.7279116460453565e-08,0.00011870241503925091
1.400000000000001,-0.1563345210909065,-0.5693407800669561,0.18488168874048938,2.268167708573441e-06,-3.44914614476201e-05,5.1931844950600875e-06,-0.00011156650149477586,-0.000653862177931849,0.0002148479218756754,0.0,0.0,0.0,-0.15633547465821174,-0.5693348756851323,0.18488026242345643,1.2702520495739507e-05,-1.5256240533137795e-05,5.5972829440676073e-08,-0.00015726645409541717,-0.0007165874854759835,0.0002194457453468246,0.0,0.0,0.0,0.7636796074961162,0.7431116459020936,2.2205675926149073,0.7631815303356696,0.7431402722017874,2.2198389905096008,-0.0004897940824841068,-0.00033429732803166905,-0.000609975844063834,1.575262354687006,2.3911450346073906,1.5199679478942456,-1.1660729747434395,-0.9220350399630731,1.0415658224209245,0.00041944756547827194,-0.002145884150048634,0.004062911410201694,-0.010330777654573986,0.003604782421010359,0.005033288010213543,-0.001328352846040627,0.007199626295638087,-0.013192010180822084,0.027378324928514275,-0.009765458960606755,-0.011390464923156375,1.575065838549261,2.392126637804941,1.5180860496706106,-1.1614162295949166,-0.9236391599815941,1.0392371573601007,0.0,0.0,0.0,0.0,0.0,0.0,0.0,0.0,0.0,0.0,0.0,0.0,9.0,9.0,9.0,9.0,9.0,9.0,6.0,6.0,6.0,6.0,6.0,6.0,-0.0003636837767158063,42.63540551455073,10.81612751693916,0.41605556504223584,-0.027977801353457288,1.4459739372529867e-07,7.897949021249846e-05
1.4333333333333345,-0.1563341951502361,-0.5693425284345105,0.18488233592974299,7.303167709637689e-06,-4.64176781956926e-05,1.4200453831752187e-05,0.00015087414940430022,-0.0003573879419562136,0.0002671256423656498,0.0,0.0,0.0,-0.1563349936564482,-0.5693357829639243,0.18488050317224866,1.4655591490579936e-05,-2.430617298833516e-05,5.720507308802463e-06,6.597436742206142e-05,-0.0005039391136190119,0.0002993534420618893,0.0,0.0,0.0,0.7638962895559265,0.7430229463322672,2.220932642646553,0.7633602333687,0.74306521670497,2.2201390226876403,-0.0005377843179969624,-0.00035586918351364566,-0.0006597987036143637,1.5752844490922984,2.3910345007706075,1.52017854255613,-1.1666082608026582,-0.9218482977414204,1.0418253566508164,0.0005817039610076227,-0.0029259714523393694,0.005566197041091974,-0.014149313735901559,0.004936438573392081,0.006868447267909622,0.004867691865880521,-0.023402619068722062,0.04509856892670842,-0.11455608243982719,0.039949684571451656,0.05505477773088237,1.575065838549261,2.392126637804941,1.5180860496706106,-1.1614162295949166,-0.9236391599815941,1.0392371573601007,0.0,0.0,0.0,0.0,0.0,0.0,0.0,0.0,0.0,0.0,0.0,0.0,9.0,9.0,9.0,9.0,9.0,9.0,6.0,6.0,6.0,6.0,6.0,6.0,0.002463562676968678,42.5918460225486,10.82317469797944,0.4161894037402985,-0.027890106570822137,5.613683984329043e-08,0.019410467653285492
1.466666666666668,-0.15633455907083754,-0.5693441435547638,0.18488322677893979,-4.806565661633522e-06,-4.7710375956152835e-05,2.1903682588640894e-05,-0.0003636471799443141,-3.829031036868188e-05,0.00022901330600033287,0.0,0.0,0.0,-0.1563348044760878,-0.5693367793394875,0.18488091937790327,7.391047997093595e-06,-2.7985703848591217e-05,1.1107494798870652e-05,-0.00037334622875295764,-0.00024102319330410182,0.0002821851855512314,0.0,0.0,0.0,0.7641425021984507,0.7429217822827533,2.221337250353816,0.7635630164227328,0.7429802598309663,2.220475449183653,-0.0005903786534256557,-0.000380472277167206,-0.0007112145510587749,1.575307515426031,2.3909107971802874,1.5204145890094722,-1.1672092040841815,-0.9216425858324199,1.0421172231530984,0.0006552279949876151,-0.0034493956238506552,0.006576328080541083,-0.016735303542435114,0.005759717704473973,0.008126812468276132,0.0022057210193997694,-0.01570272514533857,0.03030393118347327,-0.0775796941960067,0.02469837393245677,0.0377509560109953,1.575065838549261,2.392126637804941,1.5180860496706106,-1.1614162295949166,-0.9236391599815941,1.0392371573601007,0.0,0.0,0.0,0.0,0.0,0.0,0.0,0.0,0.0,0.0,0.0,0.0,9.0,9.0,9.0,9.0,9.0,9.0,6.0,6.0,6.0,6.0,6.0,6.0,-0.0006083812877113459,42.59823554049346,10.821000783551936,0.41682757131160253,-0.02795979156346018,4.339256687302395e-08,0.0013003903564427436
1.5000000000000013,-0.15633517088625834,-0.5693458857808946,0.18488405296018698,-1.3793933190847088e-05,-5.067147230641291e-05,2.3061068082620516e-05,-0.00027009121255170716,-8.831946362837024e-05,3.3566275781246564e-05,0.0,0.0,0.0,-0.15633481339253438,-0.5693379270936137,0.18488138426470888,1.1831936177000727e-06,-3.247599460450978e-05,1.3176100155345515e-05,-0.00031825676657160074,-0.0002756449374121672,0.00012042999515626818,0.0,0.0,0.0,0.7644015906168949,0.7428147774835375,2.221767613588265,0.7637824082728801,0.7428883630619855,2.220840490295032,-0.0006398832648957506,-0.0004027999550121314,-0.0007606890074917806,1.5753317797544184,2.390779664832237,1.5206646987636825,-1.167845651792231,-0.9214226589466247,1.0424260341187779,0.000703695899408301,-0.0037724455022942476,0.007194304444388979,-0.01830738867514033,0.006318443617394373,0.008885156803013779,0.0014540371326205793,-0.009691496353307768,0.0185392909154369,-0.04716255398115644,0.016761777387611986,0.022750330042129414,1.575065838549261,2.392126637804941,1.5180860496706106,-1.1614162295949166,-0.9236391599815941,1.0392371573601007,0.0,0.0,0.0,0.0,0.0,0.0,0.0,0.0,0.0,0.0,0.0,0.0,9.0,9.0,9.0,9.0,9.0,9.0,6.0,6.0,6.0,6.0,6.0,6.0,-0.00018311309377416762,42.60215865568296,10.81896534845216,0.41750677652745616,-0.02801790074659971,-2.619951255944386e-09,0.00038522611813942496
1.5333333333333348,-0.15633556280052108,-0.5693476044255081,0.1848848555339676,-1.2386903613268384e-05,-5.117973792489463e-05,2.2912859525554315e-05,4.167621319946572e-05,-1.4801241421539887e-05,-4.816710409254226e-06,0.0,0.0,0.0,-0.15633482035198962,-0.5693391680543592,0.18488188587887608,3.028941256210601e-07,-3.55814501581146e-05,1.4442795786857898e-05,-6.045126839149262e-05,-0.00020535854534387,8.044296341536139e-05,0.0,0.0,0.0,0.7646619937808738,0.7427064405070153,2.22221162257134,0.7640119306086564,0.742792041430824,2.221227363528491,-0.0006812130062724018,-0.00041994637897938133,-0.0008045316512415041,1.575357444093782,2.390645411515663,1.5209211828967804,-1.1684955373342847,-0.9211939054180852,1.0427400351170493,0.0007478520870743664,-0.003942548165572111,0.007527784143422208,-0.01910017373278382,0.006681218443253452,0.009241738899765133,0.001324685629981961,-0.005103079898335912,0.010004390970996879,-0.02378355172930473,0.010883244775772391,0.01069746290254064,1.575065838549261,2.392126637804941,1.5180860496706106,-1.1614162295949166,-0.9236391599815941,1.0392371573601007,0.0,0.0,0.0,0.0,0.0,0.0,0.0,0.0,0.0,0.0,0.0,0.0,9.0,9.0,9.0,9.0,9.0,9.0,6.0,6.0,6.0,6.0,6.0,6.0,0.0010441308607087585,42.60430069869114,10.817507381148454,0.4182339327120842,-0.02807644361029693,-5.0170978482810824e-08,0.00014106165529812837
1.5666666666666682,-0.15633588216934252,-0.569349488772443,0.18488648089982967,-1.046535873676168e-05,-5.466269515397223e-05,3.930822012880079e-05,5.6961152185217986e-05,-0.0001039720920678818,0.0004921607645252887,0.0,0.0,0.0,-0.15633483799556736,-0.5693405677335204,0.18488277920445034,-1.1326761557419981e-07,-4.017251176783406e-05,2.4762020556524423e-05,-3.729752117109797e-05,-0.0002726595289885836,0.0005102835716872534,0.0,0.0,0.0,0.764917940537203,0.7426008670693944,2.2226540020416197,0.7642471998882613,0.7426937755696332,2.2216276817059697,-0.0007100468471153846,-0.0004315780808968097,-0.0008375107941355578,1.575383282458855,2.390514012927684,1.5211752116312356,-1.1691405232161953,-0.9209646977291907,1.0430514529338397,0.0007660513304860689,-0.0039421544814390716,0.0075898360702450545,-0.019266442215807297,0.006811226592309294,0.00930893596906485,0.0005459773023510731,1.1810523991204283e-05,0.0018615578046853969,-0.004988054490704315,0.0039002444716752325,0.0020159120789915207,1.575065838549261,2.392126637804941,1.5180860496706106,-1.1614162295949166,-0.9236391599815941,1.0392371573601007,0.0,0.0,0.0,0.0,0.0,0.0,0.0,0.0,0.0,0.0,0.0,0.0,9.0,9.0,9.0,9.0,9.0,9.0,6.0,6.0,6.0,6.0,6.0,6.0,0.0010295692507771292,42.60753180835856,10.816386636796684,0.4189479769416481,-0.028137069901767564,2.978533342190559e-08,9.860550408795148e-05
1.6000000000000016,-0.15633614995222217,-0.5693512337987813,0.18488864870409977,-8.795411174907137e-06,-5.303999705432469e-05,5.5652079709840455e-05,4.93291258751362e-05,4.929254184154333e-05,0.0004910691917555652,0.0,0.0,0.0,-0.1563348666900766,-0.5693420080098032,0.18488404274099482,-4.696801062856274e-07,-4.192980068703079e-05,3.5865521320815804e-05,-3.368592999786202e-05,-0.00013353616953182268,0.0005414365643421348,0.0,0.0,0.0,0.7651680529426076,0.7424983910350331,2.2230821298946215,0.7644858996955829,0.7425945841123497,2.2220332832386958,-0.0007251941606317443,-0.0004382443313318402,-0.0008554822827842911,1.5754082603894766,2.390387298219459,1.5214221194733653,-1.169768474165766,-0.9207437154178083,1.043354878506166,0.0007549090559255208,-0.003848345658308655,0.007468102199342773,-0.018981166396679225,0.006690055091751341,0.00917149010287987,-0.00033426823681644073,0.002814264693912504,-0.0036520161270684414,0.008558274573842128,-0.003635145016738582,-0.00412337598554938,1.575065838549261,2.392126637804941,1.5180860496706106,-1.1614162295949166,-0.9236391599815941,1.0392371573601007,0.0,0.0,0.0,0.0,0.0,0.0,0.0,0.0,0.0,0.0,0.0,0.0,9.0,9.0,9.0,9.0,9.0,9.0,6.0,6.0,6.0,6.0,6.0,6.0,0.00012140889060718862,42.606691657957604,10.815108086711541,0.4196359052638813,-0.02819871850352973,4.8538545405207856e-08,8.285108935013158e-05
1.633333333333335,-0.15633594963802333,-0.5693536108386681,0.18489103582368507,1.1194209236027228e-06,-6.514762025715368e-05,6.55478076486784e-05,0.0002965303915750233,-0.00036269619550125914,0.0002980991955504898,0.0,0.0,0.0,-0.15633472264353251,-0.569343789144801,0.18488556272964415,3.932180719305195e-06,-5.102400875000242e-05,4.4142717617957176e-05,0.00019362448207616012,-0.00048043343765336033,0.00040039197351626754,0.0,0.0,0.0,0.7654077376538087,0.7424020494517405,2.223489130467735,0.7647247545161561,0.7424963680077448,2.2224379825112495,-0.0007252759681199494,-0.00043937582406395557,-0.0008583432695883419,1.57543268375154,2.390268224965274,1.5216550392073718,-1.1703663048365758,-0.920534611419908,1.043645402616,0.0007401035932454685,-0.0036642469698102906,0.007147762079909434,-0.018283668881754995,0.006412098321924479,0.008867645564305122,-0.0004441638804015722,0.005522960654950928,-0.009610203583000174,0.020924925447726922,-0.008338703094805864,-0.00911533615724245,1.575065838549261,2.392126637804941,1.5180860496706106,-1.1614162295949166,-0.9236391599815941,1.0392371573601007,0.0,0.0,0.0,0.0,0.0,0.0,0.0,0.0,0.0,0.0,0.0,0.0,9.0,9.0,9.0,9.0,9.0,9.0,6.0,6.0,6.0,6.0,6.0,6.0,0.000893788860487188,42.60559436802706,10.813329265942876,0.42023750947823985,-0.028249816412543094,1.1405254940477505e-07,6.57997010872135e-05
1.6666666666666685,-0.15632980065047902,-0.5693567104876134,0.18489479463923478,0.000123392210253151,-8.364168175165211e-05,9.636661860105336e-05,0.003667009108670127,-0.0005551203801139864,0.0009266267974650479,0.0,0.0,0.0,-0.1563319915049026,-0.5693460261436354,0.18488781886955713,7.142546189260241e-05,-6.417518431877403e-05,6.439359800512773e-05,0.003196104850765824,-0.0006671816131849084,0.0009658545847499589,0.0,0.0,0.0,0.7656283188595425,0.7423171692690536,2.223875285419652,0.7649584617307362,0.7424022458364506,2.2228388301872486,-0.0007092904996363279,-0.000433183872028781,-0.0008498393356265568,1.5754656993084386,2.3901591147165826,1.5218737796875763,-1.1709251901389526,-0.9203416512861763,1.0439145503386476,0.0009070123357200775,-0.003403620630425131,0.006757396964057601,-0.017272262341455107,0.005996568781942939,0.008338836307719671,0.00500726227423827,0.007818790181554784,-0.011710953475555006,0.030342196208996648,-0.012465886199446207,-0.015864277697563534,1.575065838549261,2.392126637804941,1.5180860496706106,-1.1614162295949166,-0.9236391599815941,1.0392371573601007,0.0,0.0,0.0,0.0,0.0,0.0,0.0,0.0,0.0,0.0,0.0,0.0,9.0,9.0,9.0,9.0,9.0,9.0,6.0,6.0,6.0,6.0,6.0,6.0,0.013103265724625945,42.60730090789241,10.813015718530357,0.4209062974097145,-0.028321268722995008,2.1560630436567862e-07,0.0001116496303020683
1.700000000000002,-0.15631893839197505,-0.5693599190311527,0.1848996297983034,0.00025840972446082816,-9.198730948816684e-05,0.00012825403597201037,0.004049224535950809,-0.0002515497037343535,0.0009591603905528388,0.0,0.0,0.0,-0.1563264912684865,-0.5693485101584534,0.18489082474913077,0.00015296389908779756,-7.252727534609562e-05,8.676643274425886e-05,0.003828460383300758,-0.00043018022728347205,0.0010557493030449727,0.0,0.0,0.0,0.7658276710612627,0.7422427980939806,2.2242408588415232,0.7651838262989908,0.7423130842566733,2.2232336461021425,-0.0006796895195427281,-0.0004198006309119083,-0.000831283686733398,1.575505409273618,2.390059019469266,1.522079492162315,-1.1714444936709074,-0.9201624995984504,1.0441609978277955,0.0010965367488263746,-0.0031364451564722517,0.006366715149460924,-0.016143491419582212,0.005581890015163917,0.00770856188553377,0.0056857323931889135,0.008015264218586384,-0.011720454437900301,0.033863127656186855,-0.012440363003370663,-0.018908232665577056,1.575065838549261,2.392126637804941,1.5180860496706106,-1.1614162295949166,-0.9236391599815941,1.0392371573601007,0.0,0.0,0.0,0.0,0.0,0.0,0.0,0.0,0.0,0.0,0.0,0.0,9.0,9.0,9.0,9.0,9.0,9.0,6.0,6.0,6.0,6.0,6.0,6.0,0.01454084091698471,42.60428863871752,10.812759721218725,0.42153832879940034,-0.028363022187980924,1.3997091918849236e-07,6.382468024307703e-05
1.7333333333333354,-0.15630517604256242,-0.5693630764011642,0.18490456170477854,0.0003614128368209961,-9.374863166120031e-05,0.00014090022271667714,0.003088826469152193,-5.476038221866442e-05,0.00038205975871492874,0.0,0.0,0.0,-0.15631871233157846,-0.5693511347853779,0.18489421156139152,0.0002238919700134039,-7.74149025985661e-05,9.991770858235722e-05,0.003280149103081609,-0.0002596192619765958,0.0006046725519537333,0.0,0.0,0.0,0.7660050197971197,0.7421774638240073,2.2245866888750965,0.7653985551913226,0.7422290574717847,2.223620856325146,-0.0006389560494079413,-0.0003997385439921412,-0.0008040330023223875,1.5755489864626644,2.389966410236653,1.5222720169987112,-1.171923589803151,-0.9199940345697525,1.044384927604729,0.0012370560305361325,-0.002897666371082733,0.0059727351110749555,-0.01496308645140294,0.00522993057901171,0.007048116167184887,0.004215578451292736,0.007163363561685566,-0.011819401151579064,0.035412149045378184,-0.0105587830845662,-0.019813371550466485,1.575065838549261,2.392126637804941,1.5180860496706106,-1.1614162295949166,-0.9236391599815941,1.0392371573601007,0.0,0.0,0.0,0.0,0.0,0.0,0.0,0.0,0.0,0.0,0.0,0.0,9.0,9.0,9.0,9.0,9.0,9.0,6.0,6.0,6.0,6.0,6.0,6.0,0.011202703108665446,42.598399687643024,10.811850353149927,0.42206985106962314,-0.028386635320944098,1.0029364894137416e-08,3.889927531889601e-05
1.7666666666666688,-0.1562915583058409,-0.5693662853792709,0.18490965959650194,0.000392851682602919,-9.537503361497682e-05,0.00014850902740375674,0.000941969760109045,-5.087802961749128e-05,0.00023077238230087677,0.0,0.0,0.0,-0.15630994538217896,-0.5693539089615394,0.1848979341773029,0.0002598741724238212,-8.201761660129382e-05,0.00011053115259721583,0.0015802615451483426,-0.0002425242131636196,0.00047727334907676777,0.0,0.0,0.0,0.7661625128802896,0.7421203946603622,2.224909196150475,0.7656018819097999,0.7421503502668657,2.2239972745639838,-0.0005884309238020312,-0.00037479757309810295,-0.000767313851631473,1.5755912061572954,2.389882638569145,1.5224487235287576,-1.1723623094490816,-0.9198351256274906,1.044588791711366,0.0012567459027968163,-0.002641322140513239,0.0055250423046218945,-0.013762088402412538,0.00492148903824154,0.00642665418847314,0.0005906961678205132,0.007690326917084818,-0.01343078419359183,0.03602994146971208,-0.009253246223105091,-0.018643859361352405,1.575065838549261,2.392126637804941,1.5180860496706106,-1.1614162295949166,-0.9236391599815941,1.0392371573601007,0.0,0.0,0.0,0.0,0.0,0.0,0.0,0.0,0.0,0.0,0.0,0.0,9.0,9.0,9.0,9.0,9.0,9.0,6.0,6.0,6.0,6.0,6.0,6.0,0.0037308879667197203,42.594613404616794,10.811037193086214,0.4225318537729048,-0.02840124828723045,-1.987017916871281e-08,9.710178280723003e-06
1.8000000000000023,-0.1562799738946387,-0.5693693302695415,0.1849146292390587,0.0003626614658760728,-9.264493206845686e-05,0.00014854670072276675,-0.0009067843566965868,8.01472858351839e-05,3.2981997286907155e-06,0.0,0.0,0.0,-0.15630129999929857,-0.5693567320283222,0.18490184187279143,0.00026198948767462195,-8.39751721456403e-05,0.0001168704852606135,-4.786726452721268e-05,-0.00011331568255990021,0.0002688039423754951,0.0,0.0,0.0,0.7663050892720036,0.7420691423478154,2.225203671227788,0.7657947361936391,0.7420763313030492,2.2243588922994544,-0.0005301783788578807,-0.00034729743861265335,-0.0007197141130573628,1.5756284592052157,2.389807327840424,1.5226089530020748,-1.172762193576406,-0.9196882894652514,1.0447751395340739,0.001163976259338644,-0.002386655287933179,0.005046270234552795,-0.012585045347292783,0.004577219590865141,0.005869174516978635,-0.0027830893037451686,0.007640005577401796,-0.014363162102072984,0.03531129165359263,-0.010328083421291975,-0.016724390144835167,1.575065838549261,2.392126637804941,1.5180860496706106,-1.1614162295949166,-0.9236391599815941,1.0392371573601007,0.0,0.0,0.0,0.0,0.0,0.0,0.0,0.0,0.0,0.0,0.0,0.0,9.0,9.0,9.0,9.0,9.0,9.0,6.0,6.0,6.0,6.0,6.0,6.0,-0.003368019667820743,42.59016033158123,10.810208595317611,0.422945338593596,-0.02842126255357691,-3.975134998945862e-08,2.0651935159685765e-05
1.8333333333333357,-0.15627052803890984,-0.5693724258141258,0.18491925252410324,0.0003098238386210133,-9.2757855463572e-05,0.00014169256851740921,-0.0015860952354188414,-4.6936041174171144e-06,-0.00020378601213562079,0.0,0.0,0.0,-0.15629319197446406,-0.569359662190548,0.18490579117837255,0.00024833625305231276,-8.704346042213745e-05,0.00011886675325013568,-0.000795115912620048,-0.00016448616968212093,5.956615325208858e-05,0.0,0.0,0.0,0.7664343339411315,0.742023330198394,2.225469179642705,0.7659772594761302,0.742006965558703,2.224703030386089,-0.0004656105579774654,-0.0003181314735469921,-0.000662577549221688,1.5756604420180493,2.38974040615389,1.5227519242721441,-1.173123242576527,-0.9195545434281437,1.044944822215909,0.0010276483431201206,-0.0021339854933237895,0.004541515479573424,-0.011415995118183302,0.004200660605775494,0.0053500451423622985,-0.004089837486555706,0.0075800938382816945,-0.015142642649381146,0.035071506873284426,-0.01129676955268942,-0.01557388123849009,1.575065838549261,2.392126637804941,1.5180860496706106,-1.1614162295949166,-0.9236391599815941,1.0392371573601007,0.0,0.0,0.0,0.0,0.0,0.0,0.0,0.0,0.0,0.0,0.0,0.0,9.0,9.0,9.0,9.0,9.0,9.0,6.0,6.0,6.0,6.0,6.0,6.0,-0.006080744067780142,42.586537103896376,10.809336565107998,0.42330776251592345,-0.02844452515800766,-2.683927646796036e-08,1.8899306905416035e-05
1.8666666666666691,-0.1562640309315872,-0.5693758124144314,0.18492318143406594,0.00023323345629658684,-9.862669169367146e-05,0.0001255740767274835,-0.0022985864309332275,-0.00017686576143055742,-0.0004820321828747467,0.0,0.0,0.0,-0.15628620775153024,-0.5693628059702917,0.18490957362150828,0.0002171942653622483,-9.30281741551253e-05,0.00011483110028370602,-0.0016156184329934042,-0.00030105726785478737,-0.0002275928799617688,0.0,0.0,0.0,0.7665531629376807,0.7419819252503542,2.225704165429804,0.7661502026540501,0.7419419841045369,2.2250270337636007,-0.0003963436177107125,-0.00028859167261895667,-0.0005965073685151431,1.5756856195976365,2.3896816781981736,1.5228765613393473,-1.1734462463317241,-0.9194348298511932,1.0450997715045147,0.0008461010394503166,-0.0018858876121017212,0.004006579837256879,-0.010265406810004074,0.003794491740935741,0.004882334152900295,-0.00544641911009412,0.007442936436662046,-0.01604806926949634,0.03451764924537684,-0.012185065945192596,-0.0140313296838601,1.575065838549261,2.392126637804941,1.5180860496706106,-1.1614162295949166,-0.9236391599815941,1.0392371573601007,0.0,0.0,0.0,0.0,0.0,0.0,0.0,0.0,0.0,0.0,0.0,0.0,9.0,9.0,9.0,9.0,9.0,9.0,6.0,6.0,6.0,6.0,6.0,6.0,-0.0088987336906583,42.58292269515842,10.808370805052812,0.4236156418728562,-0.02846410027596269,-5.797719970779269e-09,4.428224163828522e-05
1.9000000000000026,-0.15625902303304293,-0.569379029370572,0.18492684466360154,0.00017791497927352402,-9.719676883916963e-05,0.00011493624741124667,-0.0016603142718169376,4.246551777710018e-05,-0.0003178712147496436,0.0,0.0,0.0,-0.1562799970269663,-0.5693659919736331,0.1849132891346747,0.0001925211145311323,-9.501436245524352e-05,0.0001124846257892142,-0.0012862300984144426,-0.00010687908209305874,-0.0001438267464024534,0.0,0.0,0.0,0.76666598344247,0.7419435574033716,2.225905516034697,0.7663152363281046,0.7418808769982105,2.225327659320262,-0.00032382146871577606,-0.00026037241712836384,-0.0005212288723070692,1.57570588782917,2.389630531529984,1.5229851474424418,-1.1737341896667892,-0.9193350161518874,1.0452406513017705,0.0006873983104878452,-0.001651562567821925,0.003507248674310985,-0.009180668971303728,0.0032611045664272765,0.004445040662750185,-0.004761081868874145,0.007029751328393888,-0.014979934888376819,0.032542135161010385,-0.01600161523525393,-0.0131188047045033,1.575065838549261,2.392126637804941,1.5180860496706106,-1.1614162295949166,-0.9236391599815941,1.0392371573601007,0.0,0.0,0.0,0.0,0.0,0.0,0.0,0.0,0.0,0.0,0.0,0.0,9.0,9.0,9.0,9.0,9.0,9.0,6.0,6.0,6.0,6.0,6.0,6.0,-0.007590533749239015,42.58060078558581,10.808260244809722,0.4239509204131309,-0.02850051523576891,3.79380296067211e-08,9.545651724537826e-05
1.933333333333336,-0.15625533516917867,-0.5693823492853974,0.1849303675726698,0.00013307233840768255,-9.878463575123265e-05,0.0001086224974015944,-0.0013459431683507876,-4.7828745167827566e-05,-0.00018839424652468452,0.0,0.0,0.0,-0.15627451860536645,-0.5693692940950309,0.18491698406466758,0.00016988169525285307,-9.831603420531215e-05,0.00011158780281697903,-0.0011722164847882688,-0.00016801352222906019,-7.250316110862798e-05,0.0,0.0,0.0,0.7667669080866087,0.7419103067509258,2.226083057991523,0.7664700209033104,0.7418244926600733,2.225607105403004,-0.00024942420565921805,-0.00023114903048039077,-0.00044385994222762265,1.575722568338673,2.3895866883655703,1.5230792564929045,-1.173989153850119,-0.9192461881985046,1.04536702903918,0.0005627429602207992,-0.0014273841442114196,0.0030512639006938843,-0.008159506657030486,0.0028635939231311577,0.004009234969109137,-0.003739660508011378,0.006725352708315162,-0.013679543208513022,0.030634869428197247,-0.011925319298883567,-0.013074170809231457,1.575065838549261,2.392126637804941,1.5180860496706106,-1.1614162295949166,-0.9236391599815941,1.0392371573601007,0.0,0.0,0.0,0.0,0.0,0.0,0.0,0.0,0.0,0.0,0.0,0.0,9.0,9.0,9.0,9.0,9.0,9.0,6.0,6.0,6.0,6.0,6.0,6.0,-0.005587655230109068,42.57902327530517,10.808362211059523,0.4242623078627756,-0.028512086029372607,1.3644993468453492e-08,0.00010746721154443478
1.9666666666666694,-0.15625273123377198,-0.5693855914394695,0.18493363586282507,9.644457398263933e-05,-9.776238904188423e-05,0.00010145583114991338,-0.0010994031620781745,3.06204135204069e-05,-0.00021419693482934907,0.0,0.0,0.0,-0.15626972115625765,-0.5693726421773666,0.18492060666584315,0.00014887894028550668,-9.99986717434707e-05,0.0001095695988310651,-0.0010787558761595761,-8.876620586306672e-05,-0.0001244474572170695,0.0,0.0,0.0,0.7668547850564728,0.7418818489666987,2.226242119019144,0.7666133036339283,0.7417729706072904,2.2258671759201265,-0.00017495496262930554,-0.00020077001063617257,-0.0003672345532972209,1.5757365084394332,2.389548705912998,1.523161570812584,-1.1742147861771746,-0.9191646073470068,1.0454794466320065,0.0004663830019460976,-0.0012354437661837186,0.0026633743604867178,-0.007232482093455711,0.0025861483376661866,0.0035847635129004386,-0.002890798748241049,0.005758211340831026,-0.011636686206215,0.027810736907243234,-0.008323367563949125,-0.01273414368626096,1.575065838549261,2.392126637804941,1.5180860496706106,-1.1614162295949166,-0.9236391599815941,1.0392371573601007,0.0,0.0,0.0,0.0,0.0,0.0,0.0,0.0,0.0,0.0,0.0,0.0,9.0,9.0,9.0,9.0,9.0,9.0,6.0,6.0,6.0,6.0,6.0,6.0,-0.004155147087561595,42.576501281674844,10.808509377102103,0.4245476415776708,-0.028522883244574526,-4.5956922822831814e-08,0.00012586373827005358
2.0000000000000027,-0.15625136291893077,-0.5693888839565686,0.1849364285405299,5.952131523910312e-05,-9.843196717086909e-05,8.957998368033316e-05,-0.0011081881168254915,-2.0034086869867167e-05,-0.0003556354858495408,0.0,0.0,0.0,-0.1562657077731677,-0.5693760700740094,0.18492403666577414,0.00012546235097603435,-0.00010231527702208745,0.00010427776291560576,-0.0011794930221613598,-0.00011773578818718988,-0.0002782634441391707,0.0,0.0,0.0,0.7669331004524844,0.7418569838896585,2.226381384111365,0.766745911770194,0.7417259487540232,2.2261072063254415,-0.00010148631319980028,-0.00017089732476865255,-0.00029041613437863137,1.5757472188642103,2.3895160974835115,1.5232319885070833,-1.1744129265548389,-0.9190921988933612,1.0455798013631172,0.00036966949618929857,-0.0010639831784606884,0.002296145343478498,-0.006373634917771907,0.0023102185187990356,0.0032020157931785275,-0.002901405172703971,0.005143817631690907,-0.011016870510246586,0.02576541527051415,-0.008277894566014531,-0.011482431591657329,1.575065838549261,2.392126637804941,1.5180860496706106,-1.1614162295949166,-0.9236391599815941,1.0392371573601007,0.0,0.0,0.0,0.0,0.0,0.0,0.0,0.0,0.0,0.0,0.0,0.0,9.0,9.0,9.0,9.0,9.0,9.0,6.0,6.0,6.0,6.0,6.0,6.0,-0.004340171277144922,42.57398075533053,10.808159058777482,0.42475506331642154,-0.028537141359596507,-4.4019612066570346e-08,0.00019339161630106786
2.033333333333336,-0.1562504703544374,-0.5693922010061705,0.18493863054157664,3.7697193442327235e-05,-9.914787233714733e-05,7.382853561748221e-05,-0.0006551371081412085,-2.1402938202220387e-05,-0.0004720227332086432,0.0,0.0,0.0,-0.15626222101652446,-0.5693795677916069,0.18492717546950985,0.00010834889247955127,-0.00010446688373849017,9.595401823233786e-05,-0.0008643744371252815,-0.00010835659967334266,-0.00041880875571154164,0.0,0.0,0.0,0.7670022972752932,0.741835376856373,2.226503525900984,0.7668679568908691,0.7416832634944984,2.2263278047969717,-3.010399222920641e-05,-0.0001416707907375945,-0.0002151065729899695,1.5757561088948113,2.3894878161110618,1.5232921934966017,-1.1745860105077626,-0.9190283326973596,1.0456686229443615,0.000301023777419682,-0.0009202885084799888,0.0019694815715283302,-0.005586224031061177,0.0020473967596324077,0.002843770222613595,-0.002059371563088497,0.0043108400994209895,-0.009799913158505032,0.023622326601321898,-0.007884652774998831,-0.010747367116947973,1.575065838549261,2.392126637804941,1.5180860496706106,-1.1614162295949166,-0.9236391599815941,1.0392371573601007,0.0,0.0,0.0,0.0,0.0,0.0,0.0,0.0,0.0,0.0,0.0,0.0,9.0,9.0,9.0,9.0,9.0,9.0,6.0,6.0,6.0,6.0,6.0,6.0,-0.0028137433549906277,42.571690891928206,10.807993975202878,0.4249510739273385,-0.028552197726079864,-5.278709125366987e-08,0.0002117229088226419
2.066666666666669,-0.1562504396520888,-0.5693953011113415,0.18494066211183433,1.31840748539534e-05,-9.50489749261996e-05,6.518526734603388e-05,-0.0007357356602699824,0.0001230808842865118,-0.00025889887363793123,0.0,0.0,0.0,-0.15625939647772957,-0.5693830259261046,0.1849301533809018,8.86726737551325e-05,-0.00010376578794608093,9.05507792494795e-05,-0.0009752548754451418,2.881973561841278e-05,-0.0002744396580163233,0.0,0.0,0.0,0.7670634169119614,0.7418165824302995,2.2266103358088767,0.7669797825986284,0.7416447005241876,2.226529547096293,3.831411786334872e-05,-0.00011349329667359992,-0.00014224903274703238,1.575762672421328,2.3894636804161133,1.5233439712764758,-1.174737949536499,-0.9189715256366708,1.0457474692186073,0.00023161178947336944,-0.00078947673512723,0.001692049454657677,-0.004900855251748547,0.0018186068003200177,0.0025248488924504865,-0.0020823596383893767,0.003924353200582764,-0.008322963506119599,0.020561063379378883,-0.006863698779371702,-0.009567639904893246,1.575065838549261,2.392126637804941,1.5180860496706106,-1.1614162295949166,-0.9236391599815941,1.0392371573601007,0.0,0.0,0.0,0.0,0.0,0.0,0.0,0.0,0.0,0.0,0.0,0.0,9.0,9.0,9.0,9.0,9.0,9.0,6.0,6.0,6.0,6.0,6.0,6.0,-0.0030503716563772265,42.57058557859355,10.80833994591358,0.42515371307221256,-0.0285627932087249,-5.54898385018987e-08,0.0002414222963063149
2.1000000000000023,-0.15625172208625496,-0.5693980282275677,0.1849422581897301,-2.12507456655052e-05,-8.622375579676333e-05,5.36063472173705e-05,-0.0010333112081124375,0.0002649168507795096,-0.0003470873311587134,0.0,0.0,0.0,-0.156257476551205,-0.5693863421991838,0.18493286902921047,6.235814364493132e-05,-9.999809527291327e-05,8.296306098997896e-05,-0.0012790377463676172,0.00017454112124148935,-0.00037486032842481976,0.0,0.0,0.0,0.7671184420403798,0.7417991744659396,2.2267031459303044,0.7670822398452439,0.7416095901985594,2.2267129567109416,0.00010261753443791299,-8.692131242406233e-05,-7.220905368333272e-05,1.5757662052067145,2.3894424414587987,1.523388805671808,-1.1748720427626356,-0.9189210138487761,1.045818022048987,0.00014785963755240076,-0.0006879380579943162,0.0014607043915305508,-0.004315482939982696,0.0016164380246685467,0.002252672905080449,-0.0025125645576290607,0.003046160313987416,-0.006940351893813787,0.01756116935297554,-0.006065063269544127,-0.008165279621101137,1.575065838549261,2.392126637804941,1.5180860496706106,-1.1614162295949166,-0.9236391599815941,1.0392371573601007,0.0,0.0,0.0,0.0,0.0,0.0,0.0,0.0,0.0,0.0,0.0,0.0,9.0,9.0,9.0,9.0,9.0,9.0,6.0,6.0,6.0,6.0,6.0,6.0,-0.00425142088709185,42.56829158970253,10.808378201127447,0.4253155168642921,-0.028570235730927873,-8.771101911442258e-08,0.0002609765437782965
2.1333333333333355,-0.1562536999998763,-0.5694004749911086,0.18494355222848824,-4.663942218235903e-05,-7.76754734455982e-05,4.371546230383612e-05,-0.0007618656344661432,0.00025662341411231756,-0.00029653000455967353,0.0,0.0,0.0,-0.15625628990542156,-0.5693895139645514,0.1849353450895665,3.9494787751245337e-05,-9.570791453780174e-05,7.563968572625105e-05,-0.0010992403298790698,0.00019745994912412357,-0.00035760895528769154,0.0,0.0,0.0,0.767167530527016,0.7417834298358494,2.226783954291958,0.7671755994958549,0.7415778425226554,2.226878933609262,0.0001625891098818038,-6.196722842570214e-05,-6.089712820861733e-06,1.57576785843332,2.3894239029250923,1.5234275350434627,-1.174989986722471,-0.9188762268637495,1.0458807959601242,8.235107795788258e-05,-0.0006000833601235114,0.0012614888969401104,-0.0037973735100308124,0.0014345523754231808,0.002006369191102878,-0.0019652567878355454,0.0026356409361241446,-0.005976464837713212,0.015543282898556502,-0.00545656947736098,-0.007389111419327125,1.575065838549261,2.392126637804941,1.5180860496706106,-1.1614162295949166,-0.9236391599815941,1.0392371573601007,0.0,0.0,0.0,0.0,0.0,0.0,0.0,0.0,0.0,0.0,0.0,0.0,9.0,9.0,9.0,9.0,9.0,9.0,6.0,6.0,6.0,6.0,6.0,6.0,-0.003240653661916948,42.567219940664124,10.808440685164738,0.42545596819890946,-0.028579937074306283,-7.979541960523306e-08,0.0002737519903863631
2.1666666666666687,-0.15625615611176935,-0.5694026566057812,0.18494459074628328,-6.466690592872479e-05,-6.952336879955093e-05,3.531553177940343e-05,-0.0005409816009454392,0.0002447346831118819,-0.00025186241726862134,0.0,0.0,0.0,-0.15625573405109194,-0.5693925290491163,0.18493759181380606,1.9799667163445052e-05,-9.102676167198155e-05,6.86228935180145e-05,-0.0009353198152646236,0.0002138867491243701,-0.0003386389188744232,0.0,0.0,0.0,0.7672113226813491,0.741769166880923,2.2268543790879187,0.7672602656419836,0.7415492769514141,2.2270284013119115,0.00021785631285670788,-3.87860231689664e-05,5.551270529636471e-05,1.5757680882479381,2.389407670547894,1.5234610732195675,-1.1750938147909324,-0.918836520862083,1.045936630333233,3.2046651683364523e-05,-0.0005246753306739539,0.0010912598210746363,-0.0033423525392415666,0.001272304158471101,0.0017854771925416518,-0.0015091327882355418,0.002262240883486724,-0.005106872275964225,0.013650629123677373,-0.004867446508562392,-0.006626759956836783,1.575065838549261,2.392126637804941,1.5180860496706106,-1.1614162295949166,-0.9236391599815941,1.0392371573601007,0.0,0.0,0.0,0.0,0.0,0.0,0.0,0.0,0.0,0.0,0.0,0.0,9.0,9.0,9.0,9.0,9.0,9.0,6.0,6.0,6.0,6.0,6.0,6.0,-0.002408850157240572,42.56626163304945,10.808502678602947,0.42557930418109974,-0.028588254364217303,-7.204461283105701e-08,0.00027807257911008744
2.200000000000002,-0.1562585533549341,-0.569404560214382,0.18494541463567885,-6.949959872472168e-05,-6.12461062725442e-05,2.8229925020195238e-05,-0.0001450942634681294,0.00024845289695272094,-0.00021247184726663114,0.0,0.0,0.0,-0.15625555937798172,-0.5693953659720553,0.18493962045593107,7.031998645229498e-06,-8.5733681039838e-05,6.194469719635947e-05,-0.0005946525198363695,0.0002406788792370662,-0.0003184521690413611,0.0,0.0,0.0,0.7672562125802005,0.7417547196151572,2.226908210613762,0.7673391665964214,0.741523062726362,2.227159021131678,0.00026846107442520434,-1.969375185980944e-05,0.00011630907118181191,1.575766993396411,2.389393756206624,1.5234889027327754,-1.17518452956495,-0.9188092487405138,1.0459873266020634,-1.1214813316001947e-05,-0.0004531786022859877,0.000920343537849079,-0.002928412993429849,0.0009695438175397143,0.0016090844407895175,-0.0012978439499809942,0.0021449018516389866,-0.005127488496766717,0.01241818637435153,-0.009082810227941602,-0.005291782552564031,1.575065838549261,2.392126637804941,1.5180860496706106,-1.1614162295949166,-0.9236391599815941,1.0392371573601007,0.0,0.0,0.0,0.0,0.0,0.0,0.0,0.0,0.0,0.0,0.0,0.0,9.0,9.0,9.0,9.0,9.0,9.0,6.0,6.0,6.0,6.0,6.0,6.0,-0.0019526105987601738,42.56542136871153,10.808262577169005,0.4256602776705377,-0.028607818506897864,3.31662830532764e-09,0.00038996538883942825
2.233333333333335,-0.15626133530438707,-0.5694062529448486,0.18494605956926638,-7.880497278361356e-05,-5.42695823191957e-05,2.229334254632005e-05,-0.0002792434183923394,0.00020941434393221363,-0.0001780427689884871,0.0,0.0,0.0,-0.1562558866039767,-0.5693980366063545,0.18494144298374846,-7.82370486108858e-06,-8.065806112996979e-05,5.5628132862101356e-05,-0.0006873059414540528,0.00022772500120282757,-0.0002974848724681678,0.0,0.0,0.0,0.7672966312970569,0.7417415188048736,2.226954914716888,0.7674108391129487,0.741499508969949,2.2272743392866805,0.00031386394295725416,-1.960783369456124e-06,0.00017069752527974853,1.5757648635843322,2.3893815350914442,1.5235130075799774,-1.1752647736790118,-0.9187851075292909,1.0460327275727692,-4.633451267717933e-05,-0.00039548183769748147,0.0007888781233236342,-0.0025810199457160453,0.0008060054969720411,0.001444380894379284,-0.0010535909808353215,0.0017309029376551869,-0.003943962435763344,0.010421791431414102,-0.004906149617030195,-0.004941106392307,1.575065838549261,2.392126637804941,1.5180860496706106,-1.1614162295949166,-0.9236391599815941,1.0392371573601007,0.0,0.0,0.0,0.0,0.0,0.0,0.0,0.0,0.0,0.0,0.0,0.0,9.0,9.0,9.0,9.0,9.0,9.0,6.0,6.0,6.0,6.0,6.0,6.0,-0.0016203325200954133,42.5646815352748,10.80853624038338,0.42577384242829286,-0.028603409015138137,-3.849410534773057e-08,0.00022663499208170756
2.2666666666666684,-0.15626422080937868,-0.5694077396941106,0.18494655671249996,-8.397795402106523e-05,-4.782447264996152e-05,1.7361630900861154e-05,-0.00015525114503835434,0.00019345999924242615,-0.00014792054293456466,0.0,0.0,0.0,-0.15625660928179794,-0.5694005359724772,0.18494307182794484,-2.023393413231557e-05,-7.548734372880881e-05,4.968841581285201e-05,-0.0005632246974838218,0.00022985019070986823,-0.0002761128028723192,0.0,0.0,0.0,0.7673308240890022,0.7417299877674356,2.2269987153061837,0.7674744573323561,0.7414787532995899,2.2273770925518526,0.0003538982864794976,1.5024081958801396e-05,0.00021726984491127785,1.5757625622732687,2.3893704613283817,1.5235347875684375,-1.1753364088470097,-0.918760889365277,1.0460728797526417,-6.147105883180821e-05,-0.00035330254048279757,0.0006985591436440903,-0.002293043341864517,0.0007530317792695877,0.0012845038955751212,-0.00045409638463886635,0.0012653789164405163,-0.002709569390386318,0.008639298115545854,-0.0015892115310736032,-0.004796309964124884,1.575065838549261,2.392126637804941,1.5180860496706106,-1.1614162295949166,-0.9236391599815941,1.0392371573601007,0.0,0.0,0.0,0.0,0.0,0.0,0.0,0.0,0.0,0.0,0.0,0.0,9.0,9.0,9.0,9.0,9.0,9.0,6.0,6.0,6.0,6.0,6.0,6.0,-0.0005479996009523092,42.56399682566474,10.808800298034324,0.4258772289335404,-0.02860206560162304,-7.580344874025258e-08,0.00022119017270177656
2.3000000000000016,-0.15626675413305946,-0.5694090087970863,0.18494693309532229,-7.865869413071374e-05,-4.132321175834786e-05,1.3304897820518753e-05,0.00015953066381563903,0.00019512587810349233,-0.00012167958371209553,0.0,0.0,0.0,-0.15625750033445565,-0.5694028507428943,0.18494451966556072,-2.6408869164076573e-05,-6.995936605265204e-05,4.413400360382642e-05,-0.00026038001817463297,0.0002444743094649482,-0.00025465657362078176,0.0,0.0,0.0,0.7673604040710195,0.7417197390893483,2.227039168150857,0.7675305763305486,0.7414606016974593,2.227468191329231,0.00038868634406867694,3.053078869339288e-05,0.00025728130251930913,1.5757607181374529,2.389360247639474,1.5235547607684068,-1.1754006070683993,-0.918738097079329,1.0461084046550235,-5.737306926411486e-05,-0.0003220412916509632,0.0006323170472662275,-0.0020483122084145084,0.0007068563120497327,0.0011386660128279093,0.0001229396870308005,0.000937837464955031,-0.0019872628913358854,0.007341934003500258,-0.0013852640165956498,-0.004375136482416354,1.575065838549261,2.392126637804941,1.5180860496706106,-1.1614162295949166,-0.9236391599815941,1.0392371573601007,0.0,0.0,0.0,0.0,0.0,0.0,0.0,0.0,0.0,0.0,0.0,0.0,9.0,9.0,9.0,9.0,9.0,9.0,6.0,6.0,6.0,6.0,6.0,6.0,0.0005579868274940836,42.5633768953251,10.808874930551472,0.4259553019740755,-0.028608665577755765,-6.86526487880812e-08,0.00024206115933216686
2.333333333333335,-0.15626944651075636,-0.5694101270758746,0.184947212013127,-8.006676297975428e-05,-3.6139661969730016e-05,1.0005155773063695e-05,-4.2278812192760615e-05,0.0001555847243311304,-9.897969491185152e-05,0.0,0.0,0.0,-0.15625870190643504,-0.5694049997290724,0.18494579923491333,-3.533075069280077e-05,-6.48659399197688e-05,3.896756872918768e-05,-0.00038872369539699747,0.0002212868147299929,-0.00023338667780237188,0.0,0.0,0.0,0.7673868569566021,0.7417103216611888,2.2270757803252974,0.7675800301517928,0.7414447546972089,2.2275481503719203,0.0004183586102072597,4.411615309687484e-05,0.000291667869001272,1.5757584193938863,2.389350998552389,1.5235726779258607,-1.1754585031158247,-0.9187168362433817,1.046140523555421,-6.509922775565796e-05,-0.00029232883892575407,0.0005691154981685362,-0.0018406916846443412,0.0006608354896271752,0.0010219333455590849,-0.0002317847547462928,0.0008913735817562751,-0.0018960464729307388,0.006228615713105012,-0.0013806246726767255,-0.0035019800180647346,1.575065838549261,2.392126637804941,1.5180860496706106,-1.1614162295949166,-0.9236391599815941,1.0392371573601007,0.0,0.0,0.0,0.0,0.0,0.0,0.0,0.0,0.0,0.0,0.0,0.0,9.0,9.0,9.0,9.0,9.0,9.0,6.0,6.0,6.0,6.0,6.0,6.0,-0.00020090119795579398,42.56286753166559,10.808836551215837,0.4260130724432191,-0.02861166744130017,-5.3565861191096076e-08,0.00023429781854533612
2.366666666666668,-0.1562720727567658,-0.5694110979198631,0.18494741347714677,-7.921367074161968e-05,-3.146315700102347e-05,7.357874593875491e-06,2.5565601263480397e-05,0.00014035714813821648,-7.941343775783654e-05,0.0,0.0,0.0,-0.15626012778859255,-0.5694069837866788,0.18494692317912323,-4.2430098610810766e-05,-5.9860345209728715e-05,3.418688404416635e-05,-0.00029812349149693773,0.00021492318451699077,-0.0002125283084470908,0.0,0.0,0.0,0.7674136423579245,0.7417008617460529,2.2271052764041968,0.7676246574649228,0.7414306843815409,2.227616124843357,0.0004432255016200656,5.466877317099381e-05,0.00032267922928284697,1.5757556231448644,2.3893427346148526,1.5235882271812826,-1.1755107006189507,-0.9187009220699275,1.0461703084355451,-7.76247230205756e-05,-0.0002627216970339226,0.0005006902744921478,-0.0016575139573980534,0.0005385619656278458,0.0009363420509996576,-0.00037576485794752905,0.0008882142567549434,-0.0020527567102916534,0.005495331817388635,-0.003668205719979883,-0.002567738836782818,1.575065838549261,2.392126637804941,1.5180860496706106,-1.1614162295949166,-0.9236391599815941,1.0392371573601007,0.0,0.0,0.0,0.0,0.0,0.0,0.0,0.0,0.0,0.0,0.0,0.0,9.0,9.0,9.0,9.0,9.0,9.0,6.0,6.0,6.0,6.0,6.0,6.0,-0.00047623752142955666,42.56240339386813,10.808684487536233,0.42605547694833634,-0.028621371584134803,-7.65838292782206e-09,0.00024753749493774735
2.4000000000000012,-0.15627458583901985,-0.5694119374923328,0.18494755452526038,-7.66661240335079e-05,-2.7278927520354682e-05,5.268345557913492e-06,7.64070602986164e-05,0.00012557591160161288,-6.268800959498909e-05,0.0,0.0,0.0,-0.15626172599652094,-0.5694088074348682,0.18494790391552127,-4.791380631354327e-05,-5.4985738472534374e-05,2.9785624548987133e-05,-0.00021851459363242398,0.00020662334853760456,-0.00019226593832533112,0.0,0.0,0.0,0.7674393396884053,0.7416917142529611,2.227130696439902,0.7676645432128836,0.7414183110455824,2.2276735576427984,0.0004633468758711611,6.317004042660855e-05,0.00034874494211048295,1.5757527098197421,2.3893351422548648,1.523602255678068,-1.1755583889065986,-0.9186877654748503,1.0461978111847656,-8.414141011655745e-05,-0.00023942109876692476,0.00044746669386911883,-0.0015062704054246887,0.0004426525567512101,0.0008621690014103191,-0.0001955006128794558,0.0006990179480099353,-0.0015967074186908682,0.004537306559200945,-0.002877282266299071,-0.0022251914876801546,1.575065838549261,2.392126637804941,1.5180860496706106,-1.1614162295949166,-0.9236391599815941,1.0392371573601007,0.0,0.0,0.0,0.0,0.0,0.0,0.0,0.0,0.0,0.0,0.0,0.0,9.0,9.0,9.0,9.0,9.0,9.0,6.0,6.0,6.0,6.0,6.0,6.0,-0.0001661685772345045,42.56197265725004,10.808752737963395,0.4261132041382847,-0.02862343377793275,-1.0339947120741044e-08,0.000159020832480328
2.4333333333333345,-0.15627658984758241,-0.5694126308978501,0.18494764958385626,-6.56353908338985e-05,-2.2960855110005784e-05,3.652706591134839e-06,0.0003309073562963804,0.00012958367569537846,-4.8471214998253146e-05,0.0,0.0,0.0,-0.15626329470702108,-0.5694104632875772,0.1849487535283452,-4.7940372926114094e-05,-4.994074804666235e-05,2.5754089537669093e-05,4.2926394843156856e-05,0.00021280486567221146,-0.00017274764473240722,0.0,0.0,0.0,0.7674602968417319,0.7416838423371654,2.227157902396174,0.7676984378664445,0.7414079155053411,2.227723616620261,0.00047874904192247997,7.119355199372107e-05,0.00036723916277608195,1.5757509338761067,2.3893276006643984,1.5236164356633508,-1.175602907623567,-0.9186725150398941,1.0462222821562397,-6.356600941478939e-05,-0.00023063884225712155,0.00043275527027953383,-0.0013924644745092582,0.0004525595513739158,0.0007768090966183243,0.0006172620210530417,0.000263467695294096,-0.00044134270768754957,0.003414177927462912,0.00029720983868117116,-0.0025607971437598435,1.575065838549261,2.392126637804941,1.5180860496706106,-1.1614162295949166,-0.9236391599815941,1.0392371573601007,0.0,0.0,0.0,0.0,0.0,0.0,0.0,0.0,0.0,0.0,0.0,0.0,9.0,9.0,9.0,9.0,9.0,9.0,6.0,6.0,6.0,6.0,6.0,6.0,0.0013655917449697519,42.56154139246102,10.809028575769856,0.42618742947369864,-0.02862110912637439,-5.342526621099353e-08,0.0001187122281905816
2.4666666666666677,-0.15627864480234727,-0.5694132409959314,0.1849477107665443,-6.297727783664988e-05,-1.985534437440061e-05,2.436919951431378e-06,7.973099969243706e-05,9.320803791261693e-05,-3.647593200586926e-05,0.0,0.0,0.0,-0.15626499960955892,-0.5694119749657924,0.18494948368227723,-5.1440079831534845e-05,-4.5482073344425594e-05,2.207984939301675e-05,-0.00012376170425376642,0.0001829385856080279,-0.00015408916982462273,0.0,0.0,0.0,0.7674761222602267,0.7416773276829047,2.22718823330003,0.7677260309856043,0.7413995249183015,2.2277681402952263,0.0004897027046894788,7.877002214416018e-05,0.00037856785563898643,1.5757495297061024,2.3893201722755064,1.523630748659055,-1.1756450815282817,-0.9186532600110268,1.0462443568731203,-4.927206989011352e-05,-0.0002254473919284356,0.0004305116708427863,-0.0013076329191332038,0.0005359537611378017,0.0007004307031537385,0.00042881818574027616,0.00015574350986057866,-6.730798310242652e-05,0.0025449466612816316,0.002501826292916577,-0.0022913518039375715,1.575065838549261,2.392126637804941,1.5180860496706106,-1.1614162295949166,-0.9236391599815941,1.0392371573601007,0.0,0.0,0.0,0.0,0.0,0.0,0.0,0.0,0.0,0.0,0.0,0.0,9.0,9.0,9.0,9.0,9.0,9.0,6.0,6.0,6.0,6.0,6.0,6.0,0.0009105378237026507,42.561195718113154,10.809132634625,0.4262404785432767,-0.028617367675000338,-7.39375703995293e-08,0.00010998255767823007
2.500000000000001,-0.15628056495510348,-0.5694137666952765,0.18494774817825882,-5.939523307564336e-05,-1.7132214448673955e-05,1.5567578039097943e-06,0.000107449929848492,8.173218369881608e-05,-2.6405359232298228e-05,0.0,0.0,0.0,-0.15626677631938254,-0.5694133471256216,0.18495010555452138,-5.379091815404843e-05,-4.123165675739579e-05,1.874832149554991e-05,-6.848560840477802e-05,0.0001714560394336928,-0.000136377711580149,0.0,0.0,0.0,0.7674920873524488,0.7416707692828823,2.227215423546038,0.7677495612625402,0.7413924983110535,2.2278055272879436,0.0004967724347657162,8.385353895770127e-05,0.0003870890680687452,1.575748073611003,2.389313137684882,1.523644132829743,-1.1756847650131999,-0.9186365233785869,1.0462652980169211,-4.554592528280187e-05,-0.00021584094312634793,0.0004111873040416211,-0.0012295473380735823,0.000513383902508119,0.0006522997770658812,0.00011178433821934954,0.0002881934640626304,-0.0005797310040349544,0.0023425674317886485,-0.0006770957588904806,-0.0014439277826357182,1.575065838549261,2.392126637804941,1.5180860496706106,-1.1614162295949166,-0.9236391599815941,1.0392371573601007,0.0,0.0,0.0,0.0,0.0,0.0,0.0,0.0,0.0,0.0,0.0,0.0,9.0,9.0,9.0,9.0,9.0,9.0,6.0,6.0,6.0,6.0,6.0,6.0,0.00032548707038371205,42.56087328308586,10.808897233099795,0.42626088733921413,-0.028627846382745403,-2.1763787994011352e-08,0.00016664276773462565
2.533333333333334,-0.15628233482721066,-0.5694142193716372,0.18494777011916627,-5.519571915437306e-05,-1.4764061004252556e-05,9.545513451961433e-07,0.0001259766134698386,7.107372313694806e-05,-1.8068072103252873e-05,0.0,0.0,0.0,-0.1562685929809265,-0.5694145871938872,0.18495062978326932,-5.5147891614174886e-05,-3.72048987576174e-05,1.5743279821028227e-05,-2.1251544646716525e-05,0.00015940726400387462,-0.00011967544430691035,0.0,0.0,0.0,0.7675101897917801,0.741663679827081,2.2272374078726553,0.7677705818068009,0.7413864001298739,2.22783500349516,0.0005003350194860293,8.611148314757336e-05,0.00039393850542275474,1.5757463445702369,2.3893065830420666,1.5236562485144545,-1.17572215992402,-0.9186244624489919,1.046285762153361,-4.9762790414851005e-05,-0.0002030398373518073,0.000379376128913636,-0.0011577473290938023,0.0004123465594036392,0.0006267159878182937,-0.00012650595396147411,0.0003840331732362191,-0.0009543352538395537,0.002154000269393398,-0.003031120293134393,-0.0007675136774276253,1.575065838549261,2.392126637804941,1.5180860496706106,-1.1614162295949166,-0.9236391599815941,1.0392371573601007,0.0,0.0,0.0,0.0,0.0,0.0,0.0,0.0,0.0,0.0,0.0,0.0,9.0,9.0,9.0,9.0,9.0,9.0,6.0,6.0,6.0,6.0,6.0,6.0,-0.00011564453392853835,42.56058071268645,10.808718843088567,0.4262846523311344,-0.028636155829441012,2.0297900804600033e-08,0.00011723628096307674
2.5666666666666673,-0.15628358342955595,-0.5694143373999523,0.1849475717597609,-4.337050765475563e-05,-7.281684313848334e-06,-3.6518412914833486e-06,0.00035475368039511213,0.0002244898258532785,-0.0001381966236791156,0.0,0.0,0.0,-0.15627026623590273,-0.5694155858457153,0.18495097537705524,-5.161849651365569e-05,-3.0386364574949823e-05,1.0693884616242594e-05,0.00021067082773695844,0.0002910342922550768,-0.0002160227708771778,0.0,0.0,0.0,0.7675283002018713,0.7416558848164954,2.2272584796112915,0.7677888868380768,0.7413809341727161,2.227858475182256,0.0005000666124369533,8.694406694236452e-05,0.00039699732943703956,1.57574535142533,2.3892991322745463,1.5236694087911717,-1.1757590384862684,-0.9186139985316747,1.0463050936993894,-3.6450494945233424e-05,-0.00021669529618735964,0.0003896642439847116,-0.001123487021332805,0.00034672719947782815,0.0005955362498441722,0.0003993688640885275,-0.00040966376506657015,0.00030864345213226863,0.001027809232829923,-0.0019685807977743316,-0.0009353921392236452,1.575065838549261,2.392126637804941,1.5180860496706106,-1.1614162295949166,-0.9236391599815941,1.0392371573601007,0.0,0.0,0.0,0.0,0.0,0.0,0.0,0.0,0.0,0.0,0.0,0.0,9.0,9.0,9.0,9.0,9.0,9.0,6.0,6.0,6.0,6.0,6.0,6.0,0.0007225362943348301,42.55932381947694,10.808866173074314,0.4263447561343462,-0.028638458326939897,-3.281642979580113e-08,4.9660052495585226e-05
2.6000000000000005,-0.15628492038889763,-0.5694143249267113,0.1849473166759641,-4.119586808418052e-05,-2.177477321818416e-06,-6.321750106491743e-06,6.524015947172866e-05,0.00015314336555999374,-8.010611525192752e-05,0.0,0.0,0.0,-0.15627199164183336,-0.5694164011710902,0.18495119370731172,-5.2420098556361886e-05,-2.465637105420362e-05,6.669940009524984e-06,1.207746552989164e-06,0.00023646444804370503,-0.0001651571098140181,0.0,0.0,0.0,0.7675438585700743,0.7416485067603602,2.227281877708983,0.7678036350420008,0.741376391698525,2.2278780750513514,0.0004965353262277787,8.734955703465662e-05,0.0003949470827952066,1.575744500792511,2.3892913723479,1.5236832555492068,-1.1757955927116623,-0.9186009546266004,1.0463234116876874,-2.9162821357441983e-05,-0.00022743029831959687,0.00040682324202792754,-0.001105580181654144,0.0003764538346442977,0.0005648718492442741,0.00021863020763374325,-0.0003220500639671166,0.0005147699412964771,0.0005372051903598238,0.0008917990549940872,-0.0009199320179969419,1.575065838549261,2.392126637804941,1.5180860496706106,-1.1614162295949166,-0.9236391599815941,1.0392371573601007,0.0,0.0,0.0,0.0,0.0,0.0,0.0,0.0,0.0,0.0,0.0,0.0,9.0,9.0,9.0,9.0,9.0,9.0,6.0,6.0,6.0,6.0,6.0,6.0,0.0003353660351637089,42.55936212841228,10.809011258036016,0.42639277529920605,-0.028632241104055822,-5.401515501546328e-08,4.2763709962478235e-05
2.6333333333333337,-0.1562865191098165,-0.5694144489039538,0.18494722961513102,-4.570621833620278e-05,-3.205115371741475e-06,-3.851133596330511e-06,-0.0001353110685160772,-3.0809043253243803e-05,7.411013573524593e-05,0.0,0.0,0.0,-0.15627387208515847,-0.56941715591699,0.1849513920828346,-5.6524376036703745e-05,-2.2261740181372245e-05,5.572604119195833e-06,-0.00015677294221516647,7.566970587546962e-05,-2.445883706370111e-05,0.0,0.0,0.0,0.7675587297979333,0.7416418721288485,2.2273042771571734,0.7678155933102747,0.7413728916816384,2.2278933439496806,0.0004907280958458572,8.64074236087217e-05,0.00039017210485697135,1.5757431908281054,2.389284528144766,1.5236958785463082,-1.1758305724072455,-0.9185878916083301,1.0463414251931695,-3.592022856640598e-05,-0.00021269416211653014,0.0003880676893723312,-0.0010681206388818043,0.0003867449769528426,0.0005485607260544774,-0.0002027222162689198,0.00044208408609200216,-0.00056266657966789,0.001123786283170193,0.00030873426925634575,-0.0004893336956939007,1.575065838549261,2.392126637804941,1.5180860496706106,-1.1614162295949166,-0.9236391599815941,1.0392371573601007,0.0,0.0,0.0,0.0,0.0,0.0,0.0,0.0,0.0,0.0,0.0,0.0,9.0,9.0,9.0,9.0,9.0,9.0,6.0,6.0,6.0,6.0,6.0,6.0,-0.0002982621746889791,42.56020107803045,10.80887679321357,0.42641061696647153,-0.028634020884100497,7.379281963260098e-09,5.5216712232102195e-05
2.666666666666667,-0.15628778907846302,-0.5694144736359645,0.1849467502507019,-4.06346858736205e-05,-1.5627612111291773e-06,-1.0873357236596832e-05,0.0001521478996709427,4.928151728613637e-05,-0.00021067404249012426,0.0,0.0,0.0,-0.1562756822478699,-0.5694177845494129,0.1849513633595738,-5.529459354405159e-05,-1.8668480187383086e-05,-4.444278280043716e-07,9.814837082933181e-05,0.00013258859329035033,-0.00025885415830684266,0.0,0.0,0.0,0.7675760744694875,0.7416340379399518,2.2273232254595814,0.76782643318934,0.7413695801420639,2.2279035536618275,0.000482264940178528,8.335380367675912e-05,0.0003846310352592263,1.5757420095045125,2.3892770222537054,1.523708226707037,-1.1758645959793188,-0.9185787437912314,1.0463593488863403,-3.559988137954448e-05,-0.00022101587526011655,0.00037631911103308844,-0.0010365116544267354,0.00031187133429046203,0.000541327438768624,9.610415605845e-06,-0.000249651394307592,-0.0003524573501772825,0.0009482695336520711,-0.002246209279871416,-0.00021699861857560427,1.575065838549261,2.392126637804941,1.5180860496706106,-1.1614162295949166,-0.9236391599815941,1.0392371573601007,0.0,0.0,0.0,0.0,0.0,0.0,0.0,0.0,0.0,0.0,0.0,0.0,9.0,9.0,9.0,9.0,9.0,9.0,6.0,6.0,6.0,6.0,6.0,6.0,-5.878556947447322e-06,42.55848297315075,10.808521548223377,0.42642785602305616,-0.028643845898125964,-5.532688751586079e-10,4.755040911594334e-05
2.7,-0.15628889936102738,-0.5694143455927851,0.18494638365085952,-3.575047147010795e-05,2.0402012175735676e-06,-1.0958665806451177e-05,0.00014653014536597766,0.0001080965157327076,-2.568907192852324e-06,0.0,0.0,0.0,-0.156277435582056,-0.5694182564516259,0.18495127727118013,-5.362174611979511e-05,-1.410637955989032e-05,-2.8033147943966414e-06,0.00011727271427064423,0.00017790063210476603,-8.225833055730547e-05,0.0,0.0,0.0,0.7675936485121774,0.7416260143358784,2.2273413256861088,0.7678358345094616,0.7413666106746941,2.2279099008782874,0.000471667304748678,7.933311201543396e-05,0.00037673494315681024,1.5757410005684787,2.3892695297082858,1.5237209127927083,-1.1758985858981323,-0.9185705501596292,1.0463769292130292,-3.204534780019265e-05,-0.00022352286681862087,0.00037916141710223717,-0.0010253022610771838,0.0002678297434746429,0.0005320490133651487,0.00010663600738055487,-7.520974675512953e-05,8.526918207446182e-05,0.00033628180048654485,-0.0013212477244745754,-0.00027835276210425876,1.575065838549261,2.392126637804941,1.5180860496706106,-1.1614162295949166,-0.9236391599815941,1.0392371573601007,0.0,0.0,0.0,0.0,0.0,0.0,0.0,0.0,0.0,0.0,0.0,0.0,9.0,9.0,9.0,9.0,9.0,9.0,6.0,6.0,6.0,6.0,6.0,6.0,0.00020106491085369882,42.55894305466665,10.808846324004605,0.4264871163108191,-0.028645001066400333,-4.627854321981317e-09,1.7117508613950743e-05
2.7333333333333334,-0.1562898293677352,-0.5694143907594629,0.18494621400002842,-3.0516852371284744e-05,-2.2303387255827631e-07,-7.048120180168441e-06,0.00015701063077094228,-6.788814672683188e-05,0.00011730894026222308,0.0,0.0,0.0,-0.15627910790433974,-0.5694187036873191,0.1849512070085128,-5.1259268406423686e-05,-1.2814630981577737e-05,-2.7271653597699052e-06,0.00014794328185452343,2.0954262492267617e-05,3.3990179472809245e-05,0.0,0.0,0.0,0.7676082126955118,0.7416194208420226,2.227361977075045,0.7678425895556905,0.7413646126865948,2.227914362123794,0.00045956201663542806,7.552537241370391e-05,0.0003648231522862296,1.5757406194880819,2.389262660795943,1.523733283894853,-1.1759315790278204,-0.9185596410877852,1.0463935579119477,-1.8303390539143455e-05,-0.00021188586913649317,0.00037380918192873863,-0.0010016300141210918,0.00030745801803851766,0.0005099236494888474,0.00041225871783147583,0.0003491099304638312,-0.00016056705520495608,0.0007101674086827611,0.0011888482369162424,-0.0006637609162890368,1.575065838549261,2.392126637804941,1.5180860496706106,-1.1614162295949166,-0.9236391599815941,1.0392371573601007,0.0,0.0,0.0,0.0,0.0,0.0,0.0,0.0,0.0,0.0,0.0,0.0,9.0,9.0,9.0,9.0,9.0,9.0,6.0,6.0,6.0,6.0,6.0,6.0,0.0009560478700283426,42.559647678085824,10.808931294132865,0.42652571644850734,-0.028640705725890836,1.3817500477131262e-09,1.6752752661605995e-05
2.7666666666666666,-0.1562906384404529,-0.5694143664316037,0.18494571593474687,-2.6353612459546854e-05,4.1246909165619015e-07,-1.2312872728511702e-05,0.00012490047135694284,1.9070754843706247e-05,-0.00015794862619001525,0.0,0.0,0.0,-0.15628070773500516,-0.5694190585004302,0.18495095774058973,-4.901602746552508e-05,-1.0256774015188018e-05,-7.325887119615916e-06,0.0001398006166875021,8.177604495784863e-05,-0.0001894948133265295,0.0,0.0,0.0,0.76762206393962,0.7416125669231312,2.2273837027773453,0.7678475006195509,0.7413629792737332,2.2279171359372074,0.00044554937357026093,7.116233869068563e-05,0.00035081008621849487,1.5757405349621323,2.3892550021993624,1.523746191425638,-1.1759644144012449,-0.9185480079039712,1.046409725713921,-7.791649169864022e-06,-0.00022380055465471166,0.00038275367634437715,-0.0009905841398599301,0.00033514968229242457,0.0004933305892984933,0.000315352241078383,-0.0003574405655465551,0.0002683348324691548,0.0003313762278348479,0.000830749927617207,-0.0004977918057106226,1.575065838549261,2.392126637804941,1.5180860496706106,-1.1614162295949166,-0.9236391599815941,1.0392371573601007,0.0,0.0,0.0,0.0,0.0,0.0,0.0,0.0,0.0,0.0,0.0,0.0,9.0,9.0,9.0,9.0,9.0,9.0,6.0,6.0,6.0,6.0,6.0,6.0,0.0005616937643515563,42.55795387564708,10.808716112339024,0.426553528128582,-0.028643361637359366,-3.333541187533484e-08,9.949632464362786e-06
2.8,-0.15629132373657367,-0.5694142130955405,0.1849453689396609,-2.249037384735775e-05,3.2044711311977957e-06,-1.1046243261449296e-05,0.00011590093283928791,8.376343475973183e-05,3.79929869381575e-05,0.0,0.0,0.0,-0.15628222622950186,-0.569419288016798,0.18495069215600807,-4.656319434509555e-05,-6.6613462477095585e-06,-8.412672721517747e-06,0.00014745197980703395,0.00013099019900408848,-2.071675247927729e-05,0.0,0.0,0.0,0.7676378295501703,0.7416051641607171,2.227402506524402,0.7678519491186958,0.7413614211174006,2.227916937995525,0.0004303827913121836,6.52859256320733e-05,0.0003370368723614748,1.5757403322089492,2.389247585691787,1.5237589389678858,-1.1759971289557132,-0.9185393046814344,1.046426053387086,-6.652280051563474e-06,-0.00022293033639271472,0.0003825354037371579,-0.0009844858026504004,0.0002857810114997423,0.0004909969930605073,3.418107354901644e-05,2.610654785990855e-05,-6.5481782165771e-06,0.00018295011628589547,-0.0014810601237804696,-7.000788713958152e-05,1.575065838549261,2.392126637804941,1.5180860496706106,-1.1614162295949166,-0.9236391599815941,1.0392371573601007,0.0,0.0,0.0,0.0,0.0,0.0,0.0,0.0,0.0,0.0,0.0,0.0,9.0,9.0,9.0,9.0,9.0,9.0,6.0,6.0,6.0,6.0,6.0,6.0,8.016488824580392e-05,42.5583981770945,10.808795778585875,0.4265896870462293,-0.02865188849593947,8.373089555036017e-09,2.3259635101565836e-05
2.833333333333333,-0.15629189630338514,-0.5694140098369501,0.18494506583374348,-1.894806174409452e-05,5.133585734491742e-06,-9.746148463061331e-06,0.00010627363753479659,5.7875440950882264e-05,3.8996363449032417e-05,0.0,0.0,0.0,-0.15628365881614809,-0.5694194179758875,0.18495040092430173,-4.396241892954235e-05,-3.577593048782693e-06,-9.21946572834811e-06,0.00015212522679064477,0.00010589903874880235,-7.773114357512156e-06,0.0,0.0,0.0,0.7676540299476275,0.7415976452088797,2.2274203208683563,0.767855811323417,0.7413599801646392,2.227914513077837,0.00041422214383076057,5.8774885083701415e-05,0.0003223055221130025,1.5757402104359493,2.3892402505315125,1.5237716244975479,-1.1760295649702053,-0.918531624669396,1.04644223938803,-4.652886684909975e-06,-0.00022101331762672686,0.00038122239448634443,-0.0009768822240599137,0.00024886057793339596,0.00048738568323022387,5.998180099960499e-05,5.751056297963604e-05,-3.939027752440332e-05,0.000228107357714597,-0.0011076130069903887,-0.00010833929490850129,1.575065838549261,2.392126637804941,1.5180860496706106,-1.1614162295949166,-0.9236391599815941,1.0392371573601007,0.0,0.0,0.0,0.0,0.0,0.0,0.0,0.0,0.0,0.0,0.0,0.0,9.0,9.0,9.0,9.0,9.0,9.0,6.0,6.0,6.0,6.0,6.0,6.0,0.00014355298975798902,42.55821987506846,10.808774828313757,0.4266235459632952,-0.028652957637712362,7.886006958557346e-09,2.494115359734615e-06
2.8666666666666663,-0.15629236730728918,-0.5694137767609191,0.1849448058646227,-1.573599676449393e-05,6.373007849143359e-06,-8.450136622402726e-06,9.636702286194486e-05,3.718531552014896e-05,3.88726780012669e-05,0.0,0.0,0.0,-0.15628500264207917,-0.569419463446479,0.18495009191250883,-4.126728542552991e-05,-9.595301722497937e-07,-9.78164878401658e-06,0.00015424040980605014,8.330835858849639e-05,3.340936998608157e-06,0.0,0.0,0.0,0.7676673052446492,0.741590948165339,2.2274415948525363,0.7678578150610149,0.7413590070598124,2.2279120882773236,0.00039713766014734086,5.299568314161656e-05,0.00030443943736058545,1.5757406491973394,2.389232743445066,1.5237850957378478,-1.1760621439149361,-0.9185206263280267,1.0464575841795665,7.2242655705295996e-06,-0.0002238128347966301,0.00039649893749661816,-0.0009772063026369665,0.0003029203533647102,0.00046935772513814744,0.0003563145676631872,-8.398551509709692e-05,0.00045829629030821265,-9.722357311582218e-06,0.0016217932629394275,-0.0005408387427622927,1.575065838549261,2.392126637804941,1.5180860496706106,-1.1614162295949166,-0.9236391599815941,1.0392371573601007,0.0,0.0,0.0,0.0,0.0,0.0,0.0,0.0,0.0,0.0,0.0,0.0,9.0,9.0,9.0,9.0,9.0,9.0,6.0,6.0,6.0,6.0,6.0,6.0,0.0006915062736942978,42.558006023865275,10.808925609202465,0.4266734335770193,-0.028648611620918807,-2.7510801192676126e-08,1.1429835975236489e-05
2.8999999999999995,-0.15629274777223093,-0.5694135296099981,0.18494458747223477,-1.2854505526932973e-05,7.067658453192031e-06,-7.18663074526867e-06,8.644982955508126e-05,2.0841997473240167e-05,3.7898539259904114e-05,0.0,0.0,0.0,-0.15628625633365323,-0.5694194380623389,0.18494977193242354,-3.8523970710784374e-05,1.2369154178017267e-06,-1.0131818110986174e-05,0.00015418055667115738,6.309138504079215e-05,1.2782590130377969e-05,0.0,0.0,0.0,0.7676793569652439,0.7415846475919606,2.2274639802981704,0.7678584541084525,0.741358378087702,2.227909465014532,0.00037947928404851144,4.7126910477565394e-05,0.00028542503320910665,1.5757413723588776,2.389225258286674,1.523798781525904,-1.1760945114871535,-0.9185085406174321,1.0464724497265516,1.6871319286011768e-05,-0.00022430744611675536,0.0004058820736219285,-0.000973086878559084,0.00034268766301272046,0.00045376351474986837,0.000289411611464465,-1.483833960375824e-05,0.0002814940837593089,0.00012358272233647672,0.0011930192894403077,-0.00046782631164837276,1.575065838549261,2.392126637804941,1.5180860496706106,-1.1614162295949166,-0.9236391599815941,1.0392371573601007,0.0,0.0,0.0,0.0,0.0,0.0,0.0,0.0,0.0,0.0,0.0,0.0,9.0,9.0,9.0,9.0,9.0,9.0,6.0,6.0,6.0,6.0,6.0,6.0,0.0005805581571145524,42.55780250632097,10.808848038474887,0.42670224514522515,-0.028651607716809746,-1.8575229243644742e-08,1.9028433549571762e-06
2.9333333333333327,-0.15629304837518068,-0.5694132804908305,0.18494440848868807,-1.0296812941292585e-05,7.338551935572394e-06,-5.977110992557222e-06,7.673488911356003e-05,8.127853684031093e-06,3.628122674765763e-05,0.0,0.0,0.0,-0.1562874197777175,-0.5694193540924876,0.18494944682942668,-3.577188407864093e-05,3.0536982165323644e-06,-1.0299847899078078e-05,0.0001522931041382236,4.51136740782232e-05,2.0703626110840645e-05,0.0,0.0,0.0,0.7676935611695446,0.7415778622814005,2.227482878311495,0.767859304856029,0.7413576783482605,2.2279049395920705,0.00036162755270760803,3.995641920342655e-05,0.00026796439032719584,1.5757418539944354,2.3892181327395714,1.5238116484350985,-1.176126059201268,-0.9184997759079225,1.046487545218686,1.525648425337922e-05,-0.0002172800907655237,0.0003926322084292792,-0.0009553165751379256,0.00028952341119620775,0.0004531643476006588,-4.8445050978976446e-05,0.00021082066053694918,-0.00039749595577947796,0.0005331091026347506,-0.0015949275544953816,-1.7975014476286424e-05,1.575065838549261,2.392126637804941,1.5180860496706106,-1.1614162295949166,-0.9236391599815941,1.0392371573601007,0.0,0.0,0.0,0.0,0.0,0.0,0.0,0.0,0.0,0.0,0.0,0.0,9.0,9.0,9.0,9.0,9.0,9.0,6.0,6.0,6.0,6.0,6.0,6.0,-2.207691526301403e-05,42.55761228216183,10.808602321310099,0.4267151484374847,-0.028660033674748675,2.337784177353086e-08,1.561732085440118e-05
2.966666666666666,-0.1562928863815341,-0.5694130082785744,0.18494423607891886,-1.9234629327479437e-07,7.89071411667749e-06,-5.442315457756792e-06,0.00030313805199238506,1.656233715423809e-05,1.6041486077154843e-05,0.0,0.0,0.0,-0.15628832481692836,-0.5694192095079676,0.1849491085602606,-2.8673352082234876e-05,4.86672976731852e-06,-1.0649201529416613e-05,0.0003568915161094033,4.52358940687958e-05,1.1249512365640868e-05,0.0,0.0,0.0,0.7677077009804124,0.7415712027464331,2.2275011994916296,0.7678599214897021,0.7413570341240578,2.227899476286418,0.000343607785164732,3.264902104556791e-05,0.0002501641992726757,1.5757430289114238,2.3892109980877163,1.5238245398423769,-1.1761569468551534,-0.9184920582330377,1.0465020878346938,2.858383451640362e-05,-0.0002151197340278412,0.0003887055483753636,-0.0009361919360887429,0.00025086130142985076,0.0004419071026908668,0.000399820507890732,6.481070213047558e-05,-0.00011779980161746841,0.0005737391714754784,-0.0011598632929907095,-0.00033771734729376066,1.575065838549261,2.392126637804941,1.5180860496706106,-1.1614162295949166,-0.9236391599815941,1.0392371573601007,0.0,0.0,0.0,0.0,0.0,0.0,0.0,0.0,0.0,0.0,0.0,0.0,9.0,9.0,9.0,9.0,9.0,9.0,6.0,6.0,6.0,6.0,6.0,6.0,0.0008722388867212771,42.557298115180835,10.808617130365246,0.4267536584046416,-0.028662527504403013,1.364972368467221e-08,3.4297525183075535e-06
2.999999999999999,-0.15629290193534634,-0.5694127681053583,0.18494411584821238,-3.751048033003009e-07,7.433993452251288e-06,-4.220534559738087e-06,-5.478229289509539e-06,-1.3703588600061441e-05,3.664924337919995e-05,0.0,0.0,0.0,-0.15628919606395927,-0.5694190312131765,0.18494877842888374,-2.6737799718570224e-05,5.98396406807688e-06,-1.0475219521033313e-05,0.00010658388751183523,1.241828934261946e-05,3.545664806559046e-05,0.0,0.0,0.0,0.7677192450040516,0.7415653570907832,2.227522258920432,0.7678592696021092,0.7413567278341878,2.2278947772726996,0.00032545297676507047,2.6189851980286535e-05,0.00023045347432882555,1.5757442497770902,2.389203967692642,1.5238376583117414,-1.1761876431738894,-0.9184812239419645,1.0465160249488896,3.394525816400634e-05,-0.00021231447948709926,0.0003919379034186894,-0.0009259903534158875,0.00030030625527402427,0.00042604465148082056,0.0001608427094280817,8.415763622225758e-05,9.697065129977397e-05,0.0003060474801856616,0.001483348615325205,-0.00047587353630138636,1.575065838549261,2.392126637804941,1.5180860496706106,-1.1614162295949166,-0.9236391599815941,1.0392371573601007,0.0,0.0,0.0,0.0,0.0,0.0,0.0,0.0,0.0,0.0,0.0,0.0,9.0,9.0,9.0,9.0,9.0,9.0,6.0,6.0,6.0,6.0,6.0,6.0,0.00034281303736305446,42.55717546668924,10.808736842053987,0.42679679085037514,-0.028656351530904622,-1.716949737939899e-08,1.3373998265737143e-05
3.0333333333333323,-0.15629288663009383,-0.5694127919926152,0.18494421170460001,1.8118169128493577e-07,2.000473809775473e-06,5.085247846870627e-07,1.668977516863582e-05,-0.00016300608949520036,0.00014187146489431346,0.0,0.0,0.0,-0.15628999081168699,-0.5694189294280665,0.1849485354512676,-2.4465766031974307e-05,4.149388599507281e-06,-8.181738633284309e-06,0.0001210394210970911,-0.000127372301720996,0.00013534689402794342,0.0,0.0,0.0,0.7677295440422479,0.7415606574395004,2.227543184907132,0.7678577048123116,0.7413569642534493,2.227890214349811,0.0003078713404509912,1.9771722372701083e-05,0.00021071468778803445,1.5757455756656178,2.389198011279743,1.5238494335496315,-1.1762166580872255,-0.9184699283076749,1.0465294955658362,3.7832856605999525e-05,-0.00018989975115728434,0.0003661507256069308,-0.0008889617178640583,0.0003260147708839715,0.000411427222758938,0.0001166279532597955,0.0006724418498944473,-0.0007736153343527581,0.0011108590665548776,0.0007712554682984171,-0.0004385228616564771,1.575065838549261,2.392126637804941,1.5180860496706106,-1.1614162295949166,-0.9236391599815941,1.0392371573601007,0.0,0.0,0.0,0.0,0.0,0.0,0.0,0.0,0.0,0.0,0.0,0.0,9.0,9.0,9.0,9.0,9.0,9.0,6.0,6.0,6.0,6.0,6.0,6.0,0.00045176545082803443,42.55782630018122,10.808590345452732,0.42681188749575744,-0.02865945778078416,2.7839532790174815e-08,2.3282328289391936e-06
3.0666666666666655,-0.15629285659109143,-0.5694129358823045,0.18494441004104256,6.612447469244374e-07,-2.2108105456035657e-06,4.134701818789889e-06,1.4399909927558391e-05,-0.00012633768323551652,0.00010878849816318681,0.0,0.0,0.0,-0.15629071401535752,-0.5694188785276842,0.18494835747987012,-2.2272821448056667e-05,2.5402388700106417e-06,-6.147262191910917e-06,0.00011557911524784359,-0.00011432425973367799,0.00012088668878407205,0.0,0.0,0.0,0.7677420212465055,0.7415558163947293,2.227559957455821,0.7678567662222363,0.7413572583880851,2.227884111915474,0.00029078576681837746,1.2241123324905294e-05,0.000193320180743415,1.5757465087770308,2.389192881942761,1.523859646126121,-1.176244121057605,-0.9184622637865466,1.046543227005456,3.1273180463658364e-05,-0.0001658866566934088,0.00032630177165793756,-0.0008455799802078237,0.00026196201286122047,0.0004117711999837884,-0.00019679028427023484,0.0007203928339162666,-0.0011954686184697976,0.0013014521296870394,-0.0019215827406825314,1.0319316745511934e-05,1.575065838549261,2.392126637804941,1.5180860496706106,-1.1614162295949166,-0.9236391599815941,1.0392371573601007,0.0,0.0,0.0,0.0,0.0,0.0,0.0,0.0,0.0,0.0,0.0,0.0,9.0,9.0,9.0,9.0,9.0,9.0,6.0,6.0,6.0,6.0,6.0,6.0,-0.0001595872683441968,42.557412683112084,10.808377005468692,0.42682590719171315,-0.028667731355909165,5.948024395241447e-08,1.2050946817841503e-05
3.0999999999999988,-0.15629284478387268,-0.5694130487829566,0.18494426059854557,4.566054317719637e-07,-2.9948113727305065e-06,-1.6119915950505222e-06,-6.140062320835603e-06,-2.3521177220546056e-05,-0.00017239775886789352,0.0,0.0,0.0,-0.156291381750305,-0.5694188197395224,0.18494805457314098,-2.0508032397818516e-05,2.4848784745325294e-06,-9.061829596333314e-06,9.360681730496978e-05,-3.8265468011999815e-05,-0.00011654158038654217,0.0,0.0,0.0,0.7677555102312759,0.7415503091071384,2.2275751605950678,0.7678564171640992,0.7413572678954687,2.2278771909379635,0.0002736618164072918,4.511447197832487e-06,0.00017673738698707967,1.5757472336029499,2.3891872535363783,1.5238695642163098,-1.1762707946580198,-0.9184561337492532,1.0465568851026585,2.4920911866691624e-05,-0.00016786367989053225,0.0003071290609991046,-0.0008153320017029573,0.00020992141682298505,0.0004104190107102389,-0.00019056805790900223,-5.9310695913703555e-05,-0.0005751813197649896,0.0009074393551459928,-0.0015612178811470622,-4.056567820648471e-05,1.575065838549261,2.392126637804941,1.5180860496706106,-1.1614162295949166,-0.9236391599815941,1.0392371573601007,0.0,0.0,0.0,0.0,0.0,0.0,0.0,0.0,0.0,0.0,0.0,0.0,9.0,9.0,9.0,9.0,9.0,9.0,6.0,6.0,6.0,6.0,6.0,6.0,-0.0003705697225355742,42.55573389690238,10.808220353086588,0.4268542460464184,-0.028668444928870773,8.634719717015571e-09,8.338681387435618e-06
3.133333333333332,-0.15629280540097126,-0.5694133000584128,0.18494442028251767,9.399387593442255e-07,-6.023659483467379e-06,2.6549650586343473e-06,1.449756634168264e-05,-9.08650351880162e-05,0.00012801147225130344,0.0,0.0,0.0,-0.15629198025158209,-0.5694188154067635,0.18494785938999034,-1.8451761284057535e-05,1.0494523147120687e-06,-6.696971895392144e-06,0.00010617226406273161,-0.0001027631954393371,0.00013562146651446838,0.0,0.0,0.0,0.7677657546838842,0.7415463256384129,2.2275929476791823,0.767854970489498,0.7413578068461653,2.227871365912464,0.0002571769832954418,-1.9553825438271317e-06,0.00015843515642028578,1.5757483560796492,2.38918244807505,1.5238791801835123,-1.1762965591473682,-0.9184469574253441,1.0465695793800238,3.07565046070613e-05,-0.00015206378653347536,0.00029469569771583333,-0.0007870671208725757,0.0002535002837892293,0.0003906918842096031,0.00017506778221109028,0.00047399680071170643,-0.0003730008984981372,0.0008479464249114463,0.0013073660089873277,-0.0005918137950190741,1.575065838549261,2.392126637804941,1.5180860496706106,-1.1614162295949166,-0.9236391599815941,1.0392371573601007,0.0,0.0,0.0,0.0,0.0,0.0,0.0,0.0,0.0,0.0,0.0,0.0,9.0,9.0,9.0,9.0,9.0,9.0,6.0,6.0,6.0,6.0,6.0,6.0,0.0004961976749111585,42.557039322273376,10.80862504479822,0.426909415904872,-0.02866416023088192,5.1431974235072175e-09,2.776940415880293e-05
3.166666666666665,-0.15629275539797824,-0.5694136120900624,0.18494466963712033,1.3134733086958922e-06,-8.248419277988164e-06,5.8707304618030845e-06,1.120197545113734e-05,-6.674132691619454e-05,9.64767401126221e-05,0.0,0.0,0.0,-0.15629251558984392,-0.5694188499227454,0.184947730497556,-1.6509939049586982e-05,-1.8637979062644374e-07,-4.620431480026011e-06,9.929811558606616e-05,-9.134911030095338e-05,0.00011982553531719731,0.0,0.0,0.0,0.7677747076178977,0.7415429599748945,2.2276112110746764,0.7678528692803138,0.7413586729343307,2.2278663116828397,0.00024119306074191384,-8.062177155842708e-06,0.00014025777781004318,1.5757495905616994,2.3891780368731963,1.5238884183673966,-1.17632141342072,-0.9184369649637417,1.0465816995540171,3.4941809204415914e-05,-0.0001389119659184125,0.0002829955769243129,-0.0007594411739916133,0.00028434932664559874,0.0003726341079399766,0.0001255591379206385,0.00039455461845188636,-0.00035100362374561274,0.0008287784064288733,0.0009254712856910825,-0.0005417332880887947,1.575065838549261,2.392126637804941,1.5180860496706106,-1.1614162295949166,-0.9236391599815941,1.0392371573601007,0.0,0.0,0.0,0.0,0.0,0.0,0.0,0.0,0.0,0.0,0.0,0.0,9.0,9.0,9.0,9.0,9.0,9.0,6.0,6.0,6.0,6.0,6.0,6.0,0.000372726324889161,42.55668604179116,10.80857108303872,0.42693471985746295,-0.028666832098617867,3.5671078313370685e-09,5.429235353305071e-06
3.1999999999999984,-0.15629272817936893,-0.5694137237038,0.18494480172107558,9.822555986826357e-07,-4.9816351396793505e-06,4.5973720145317424e-06,-9.939405727916151e-06,9.800491566716784e-05,-3.8197399201323176e-05,0.0,0.0,0.0,-0.15629300468180923,-0.5694188133351223,0.18494758121466953,-1.5023112898919947e-05,1.4504060126241692e-06,-4.828238611808004e-06,7.632894989972883e-05,4.708980225132109e-05,9.2754909437609e-06,0.0,0.0,0.0,0.7677858428921971,0.7415385326337097,2.227626330334841,0.7678516431012051,0.7413591328219126,2.227860565267889,0.00022545009411392662,-1.4955774359471993e-05,0.00012447857213658417,1.5757504336027643,2.3891733231309535,1.5238976557196726,-1.176346032237761,-0.9184300426958657,1.0465939477688833,2.8508091034707244e-05,-0.00014057883349510354,0.00027907890449378655,-0.0007455233988169197,0.0002332284664018286,0.000369175666638016,-0.0001930115450912601,-5.000602730073101e-05,-0.00011750017291579179,0.0004175332552408079,-0.0015336258073131038,-0.0001037532390588173,1.575065838549261,2.392126637804941,1.5180860496706106,-1.1614162295949166,-0.9236391599815941,1.0392371573601007,0.0,0.0,0.0,0.0,0.0,0.0,0.0,0.0,0.0,0.0,0.0,0.0,9.0,9.0,9.0,9.0,9.0,9.0,6.0,6.0,6.0,6.0,6.0,6.0,-0.0004124755220127341,42.55552694023868,10.808424555840046,0.42695561087593775,-0.02867477147244557,-1.652635028825955e-09,1.3030934583848737e-05
3.2333333333333316,-0.15629267806965136,-0.5694138562055481,0.18494532857849136,1.329655089429695e-06,-4.310483488976864e-06,1.2068498536046965e-05,1.0418179332246582e-05,2.0138342341698127e-05,0.00022413675972875763,0.0,0.0,0.0,-0.15629343436346965,-0.5694187723442663,0.18494761048804284,-1.3264159545098635e-05,1.7896672173109396e-06,-2.3318911101303556e-07,8.825981213922418e-05,-1.458988614366774e-05,0.00023732647418173158,0.0,0.0,0.0,0.7677968816344968,0.741534744232611,2.227639821621048,0.7678507479511976,0.7413597135076978,2.22785443558852,0.00021067756122756685,-2.173383800995901e-05,0.00010954595634502074,1.5757511979249148,2.389169654689182,1.523906130807422,-1.1763696460296689,-0.918424153267048,1.0466058793691153,2.4789140023154346e-05,-0.00012022844659223218,0.0002625280564843335,-0.0007207836377644108,0.00019553139848987145,0.00036169056018673116,-0.00011156853034658695,0.0006105116070861408,-0.0004965254402835923,0.000742192831575267,-0.0011309120373587142,-0.00022455319353854554,1.575065838549261,2.392126637804941,1.5180860496706106,-1.1614162295949166,-0.9236391599815941,1.0392371573601007,0.0,0.0,0.0,0.0,0.0,0.0,0.0,0.0,0.0,0.0,0.0,0.0,9.0,9.0,9.0,9.0,9.0,9.0,6.0,6.0,6.0,6.0,6.0,6.0,-6.525730969464405e-05,42.556750374455575,10.808598606625237,0.4269884540134304,-0.0286758170893342,3.4374585511365296e-08,8.807833142813183e-06
3.266666666666665,-0.15629262193120613,-0.5694141245405607,0.18494575909930977,1.5660567970165104e-06,-6.803444373808794e-06,1.2632163267405045e-05,7.0879842855266895e-06,-7.478531303420256e-05,1.6912858183653928e-05,0.0,0.0,0.0,-0.15629381109729085,-0.569418787942872,0.1849476590636515,-1.1632492871497406e-05,3.602332231661784e-07,9.567649489039385e-07,8.106309187549954e-05,-9.795982947835569e-05,7.209770420235628e-05,0.0,0.0,0.0,0.7678052220506211,0.7415318593634452,2.2276556409142505,0.7678490406512116,0.741360619770156,2.227849635513815,0.00019642644907118292,-2.731488821502701e-05,9.349471724116202e-05,1.575752270757688,2.38916608060227,1.5239143266723256,-1.176392094014159,-0.9184156632554731,1.046616879424251,2.9719702138124018e-05,-0.00011155788709859784,0.0002514266502340477,-0.0006892209023911572,0.00023497736432708958,0.00034056462277900124,0.00014791686344909014,0.00026011678480902995,-0.00033304218750857293,0.0009468820611976105,0.001183378975116544,-0.0006337781222318984,1.575065838549261,2.392126637804941,1.5180860496706106,-1.1614162295949166,-0.9236391599815941,1.0392371573601007,0.0,0.0,0.0,0.0,0.0,0.0,0.0,0.0,0.0,0.0,0.0,0.0,9.0,9.0,9.0,9.0,9.0,9.0,6.0,6.0,6.0,6.0,6.0,6.0,0.0003873947349677387,42.55593307196754,10.808432447752903,0.4270063986071025,-0.028670727273077734,-7.530912116138211e-09,2.6129987944335413e-05
3.299999999999998,-0.1562925929141134,-0.5694141987708637,0.1849460089883891,1.1024459904967552e-06,-3.752316969180101e-06,9.20740698738656e-06,-1.3910736124560773e-05,9.153668757360166e-05,-0.00010274130356907129,0.0,0.0,0.0,-0.15629415201129768,-0.5694187378815543,0.18494766105408608,-1.0463028981548755e-05,1.8290692508136114e-06,-6.251133032804099e-08,5.803749962574045e-05,4.172522016610003e-05,-3.419913801527841e-05,0.0,0.0,0.0,0.7678124447962841,0.7415287377381897,2.22767271546211,0.7678468951286638,0.7413614358586662,2.2278461851372993,0.0001823506251318839,-3.2361384407133557e-05,7.758266183125295e-05,1.5757534335773833,2.3891618186574464,1.523923415056066,-1.1764146837456178,-0.9184059907650864,1.046627271647818,3.3162961281892464e-05,-0.00012242485884284698,0.00026557655822145745,-0.0006815349299744348,0.0002717755958408189,0.00032136601226835605,0.00010329777431305338,-0.0003260091523274741,0.0004244972396222917,0.00023057917250167187,0.0011039469454118787,-0.0005759583153193548,1.575065838549261,2.392126637804941,1.5180860496706106,-1.1614162295949166,-0.9236391599815941,1.0392371573601007,0.0,0.0,0.0,0.0,0.0,0.0,0.0,0.0,0.0,0.0,0.0,0.0,9.0,9.0,9.0,9.0,9.0,9.0,6.0,6.0,6.0,6.0,6.0,6.0,0.00010161646269679636,42.554832093708654,10.808471653880252,0.42704135054177295,-0.02867307705745814,-4.544102671921735e-08,9.917721840459959e-06
3.3333333333333313,-0.15629254497698036,-0.5694144500354544,0.18494636121038216,1.3263224434876552e-06,-6.275991084681683e-06,1.0112558281370752e-05,6.71286912236185e-06,-7.570776488415735e-05,2.715746254509172e-05,0.0,0.0,0.0,-0.15629444399835896,-0.5694187531418103,0.18494771370548535,-9.023817819766662e-06,3.426805771031126e-07,1.103865895124251e-06,7.013641261544024e-05,-9.882644913794536e-05,6.992322526500061e-05,0.0,0.0,0.0,0.7678186464160983,0.741526415094098,2.227689356449561,0.7678443756543712,0.7413625128208,2.2278435069408995,0.00016931138493205987,-3.7139502774315255e-05,6.247371219843053e-05,1.5757546418192094,2.389158309684658,1.523931400129611,-1.176435592163684,-0.9183961991409539,1.0466370896993487,3.521915695136457e-05,-0.0001109877420482708,0.00024822699030077865,-0.0006453466713176587,0.0002864243479310703,0.000303483034703977,6.168587008416318e-05,0.0003431135038372856,-0.0005204870376203646,0.0010856477597032852,0.0004394625627075424,-0.0005364893269313712,1.575065838549261,2.392126637804941,1.5180860496706106,-1.1614162295949166,-0.9236391599815941,1.0392371573601007,0.0,0.0,0.0,0.0,0.0,0.0,0.0,0.0,0.0,0.0,0.0,0.0,9.0,9.0,9.0,9.0,9.0,9.0,6.0,6.0,6.0,6.0,6.0,6.0,0.0002400389478784959,42.555719654101075,10.808336757241372,0.42704729177202866,-0.028675512537061465,4.5075337906652635e-09,5.783725070564029e-06
3.3666666666666645,-0.1562924945441887,-0.5694147496952313,0.18494672332533213,1.450815558352927e-06,-8.085139184908768e-06,1.0612328026012051e-05,3.7305097705794245e-06,-5.42720609679396e-05,1.4997427368666356e-05,0.0,0.0,0.0,-0.15629469344734567,-0.5694188083375205,0.18494779712940107,-7.71018923754692e-06,-9.252914549475933e-07,2.08002723936366e-06,6.329451630149308e-05,-8.669117565140994e-05,5.9749785072948924e-05,0.0,0.0,0.0,0.767827205150521,0.7415236685389855,2.2277015711575787,0.7678429420026623,0.7413634021433165,2.2278397940987817,0.0001571689978934222,-4.283278366606903e-05,5.039210831462993e-05,1.5757554025202132,2.3891553721709693,1.5239380062792067,-1.1764549224213736,-0.9183903333011207,1.0466470692784533,2.6953739057386142e-05,-9.574618779032822e-05,0.00021486532201685368,-0.0006017207108955848,0.0002127915793076724,0.00030075259366335307,-0.00024796253681935287,0.0004572466277382771,-0.0010008500485177497,0.0013087788126622138,-0.002208983058701937,-8.191323121871797e-05,1.575065838549261,2.392126637804941,1.5180860496706106,-1.1614162295949166,-0.9236391599815941,1.0392371573601007,0.0,0.0,0.0,0.0,0.0,0.0,0.0,0.0,0.0,0.0,0.0,0.0,9.0,9.0,9.0,9.0,9.0,9.0,6.0,6.0,6.0,6.0,6.0,6.0,-0.0003437994108721476,42.555508411218334,10.808135370595213,0.4270523099339483,-0.02868312805253881,4.028128719468782e-08,1.2614020291588737e-05
3.3999999999999977,-0.15629247428174214,-0.5694149598208862,0.1849466629561129,8.889214581806872e-07,-6.897500575071337e-06,2.329255852461501e-06,-1.6859265998868462e-05,3.562963683648321e-05,-0.00024848953883747655,0.0,0.0,0.0,-0.15629491730376222,-0.5694188450293669,0.1849477236835677,-6.853643819898654e-06,-6.494274201352894e-07,-1.8227186100985755e-06,4.07766714314306e-05,-1.1664268033229064e-05,-0.0001733942883315187,0.0,0.0,0.0,0.7678337749863591,0.7415208414946483,2.227716172950197,0.7678411321759847,0.7413641455764421,2.2278374583754093,0.0001451566689516016,-4.736239416929431e-05,3.740264094162642e-05,1.575756372302688,2.3891514535196947,1.5239453410757817,-1.1764738992016068,-0.9183821949132258,1.0466562030093274,2.8380229177113192e-05,-0.00011028842142445509,0.00021831770550582373,-0.0005801091749619812,0.00023369828433416338,0.00028292548203696997,4.2794703591811546e-05,-0.0004362670090238061,0.0001035715046691014,0.0006483460780081103,0.0006272011507947295,-0.0005348133487914921,1.575065838549261,2.392126637804941,1.5180860496706106,-1.1614162295949166,-0.9236391599815941,1.0392371573601007,0.0,0.0,0.0,0.0,0.0,0.0,0.0,0.0,0.0,0.0,0.0,0.0,9.0,9.0,9.0,9.0,9.0,9.0,6.0,6.0,6.0,6.0,6.0,6.0,-2.3710804314625022e-05,42.55397980812139,10.808164669624038,0.42708814273106865,-0.028677625958634767,-4.357989491499126e-08,3.916103710590676e-05
3.433333333333331,-0.1562924376528389,-0.5694152608208927,0.18494685208771827,1.0289626992705797e-06,-8.319126548164281e-06,4.558302677041309e-06,4.198080493749992e-06,-4.264803890066331e-05,6.687441076853003e-05,0.0,0.0,0.0,-0.15629510218834003,-0.5694189259702651,0.1849477283383258,-5.71941283438995e-06,-1.7660080284709635e-06,-3.753490145007559e-07,5.350601075493344e-05,-7.7284110769682e-05,8.30028117970727e-05,0.0,0.0,0.0,0.7678391202741401,0.741518861394061,2.227730612534656,0.7678389770293663,0.7413651259311079,2.2278359321852235,0.00013419814241784925,-5.147422316378395e-05,2.4982688402956485e-05,1.5757574141677446,2.3891483663388224,1.5239519497782026,-1.1764916439335267,-0.9183736730716041,1.0466647170034722,3.0297377524992846e-05,-9.850642459126553e-05,0.0002049466169164051,-0.0005482643633818046,0.00024833626054417303,0.0002645883769084845,5.751445043638967e-05,0.00035345990499568677,-0.00040113265768255925,0.0009553443474052991,0.00043913928630028996,-0.0005501131538545641,1.575065838549261,2.392126637804941,1.5180860496706106,-1.1614162295949166,-0.9236391599815941,1.0392371573601007,0.0,0.0,0.0,0.0,0.0,0.0,0.0,0.0,0.0,0.0,0.0,0.0,9.0,9.0,9.0,9.0,9.0,9.0,6.0,6.0,6.0,6.0,6.0,6.0,0.00022333462634804846,42.55545062318203,10.808354934367228,0.42711376485710284,-0.028679921685001553,2.4926463115804154e-09,6.766967663235008e-06
3.466666666666664,-0.15629240058902055,-0.5694155843924016,0.18494708391432677,1.0843464618714654e-06,-9.244444567269946e-06,6.155276156380368e-06,1.6578999703110984e-06,-2.775843854568029e-05,4.791233504446514e-05,0.0,0.0,0.0,-0.15629525414566647,-0.5694190360213827,0.1849477719506486,-4.700550507732113e-06,-2.6972129217522482e-06,8.538465292066488e-07,4.7390316115780706e-05,-6.705641153104125e-05,7.134937890285187e-05,0.0,0.0,0.0,0.7678436771884101,0.7415172455117266,2.2277448167565144,0.7678366033522551,0.7413662355636452,2.227835146181782,0.00012397680777080644,-5.527163790074029e-05,1.3297781534385417e-05,1.5757584707564316,2.38914558262082,1.5239581536471405,-1.1765083890251744,-0.9183650280807387,1.0466726897795164,3.1230899578188197e-05,-8.850983491276858e-05,0.00019239291773304694,-0.0005176566207509483,0.0002556785708227898,0.00024765164652028825,2.8005661595860426e-05,0.0002998976903549085,-0.00037661097550074473,0.0009182322789256888,0.00022026930835850416,-0.0005081019116458889,1.575065838549261,2.392126637804941,1.5180860496706106,-1.1614162295949166,-0.9236391599815941,1.0392371573601007,0.0,0.0,0.0,0.0,0.0,0.0,0.0,0.0,0.0,0.0,0.0,0.0,9.0,9.0,9.0,9.0,9.0,9.0,6.0,6.0,6.0,6.0,6.0,6.0,0.00014762643141263965,42.55522037417106,10.808320076227513,0.4271312028439945,-0.02868172421740134,1.5172707534816254e-09,8.466166691086268e-06
3.4999999999999973,-0.15629239528451133,-0.5694157981012355,0.18494692029279347,4.6757230499502473e-07,-7.355620926076804e-06,-1.221211369433489e-06,-1.8505202196143848e-05,5.666416084473727e-05,-0.0002212913803567339,0.0,0.0,0.0,-0.15629538972025084,-0.569419117774866,0.18494766601823295,-4.126762009533182e-06,-2.1163191463250097e-06,-2.822328695773226e-06,2.5670734725480315e-05,6.154045495421201e-06,-0.00016318198261089378,0.0,0.0,0.0,0.7678512845322928,0.7415142399001569,2.227754708889367,0.7678356690031963,0.7413667175100865,2.2278333256953013,0.0001141879885935499,-6.005875613793297e-05,4.7689269705610666e-06,1.5757589885343333,2.389142270060972,1.523963758813337,-1.1765241324174376,-0.918360590800239,1.0466809246161246,2.076585789254715e-05,-9.575447527227147e-05,0.00017623429650734628,-0.000487420052180954,0.0001739718002688775,0.00024724728100111184,-0.00031395125056923136,-0.00021733921078508683,-0.00048475863677101955,0.0009070970570998269,-0.0024512031166173697,-1.2130965575293096e-05,1.575065838549261,2.392126637804941,1.5180860496706106,-1.1614162295949166,-0.9236391599815941,1.0392371573601007,0.0,0.0,0.0,0.0,0.0,0.0,0.0,0.0,0.0,0.0,0.0,0.0,9.0,9.0,9.0,9.0,9.0,9.0,6.0,6.0,6.0,6.0,6.0,6.0,-0.0006740715057493851,42.55373312654671,10.807945101040735,0.42712624132728966,-0.02868871261824646,1.8439419990912143e-09,1.4497750225946495e-05
3.5333333333333306,-0.15629240497643104,-0.5694158451419055,0.1849468469978144,-3.7965828529247807e-08,-3.3926445263052227e-06,-1.8734348459415358e-06,-1.516668473789211e-05,0.00011888877775426497,-1.9565049077881556e-05,0.0,0.0,0.0,-0.1562955080971351,-0.5694191308993151,0.18494756665358983,-3.598141988654717e-06,-2.68250177871495e-07,-3.190665142999761e-06,2.3249620090037837e-05,6.681495102611734e-05,-4.077662161705575e-06,0.0,0.0,0.0,0.7678593840210205,0.7415109151524664,2.2277631512035496,0.7678355370715534,0.7413668215191074,2.2278311866536264,0.00010501623289499936,-6.46657749038072e-05,-2.8139840760375785e-06,1.575759339470506,2.389139024844363,1.5239694928032366,-1.176539633606399,-0.9183573875636596,1.0466888851277363,1.3940676085260564e-05,-9.68224905972862e-05,0.00017342456349328796,-0.00047249712995305754,0.00012205533167696273,0.00024162599256845015,-0.00020475545421859762,-3.204045975044194e-05,-8.429199042174982e-05,0.0004476876668368945,-0.0015574940577574433,-0.0001686386529798502,1.575065838549261,2.392126637804941,1.5180860496706106,-1.1614162295949166,-0.9236391599815941,1.0392371573601007,0.0,0.0,0.0,0.0,0.0,0.0,0.0,0.0,0.0,0.0,0.0,0.0,9.0,9.0,9.0,9.0,9.0,9.0,6.0,6.0,6.0,6.0,6.0,6.0,-0.00043731811763336736,42.55433505853176,10.808267919298483,0.42716637947648495,-0.028688772901269477,-4.178146051359022e-09,1.3959539645286649e-05
3.5666666666666638,-0.15629239668122888,-0.5694160490438895,0.1849469441807578,1.5327908113902914e-07,-5.208889335533554e-06,1.318733618137237e-06,5.73619728677071e-06,-5.448723283902107e-05,9.576654198346147e-05,0.0,0.0,0.0,-0.1562955977084375,-0.5694191982849701,0.1849475367829188,-2.7773602310598663e-06,-1.4086886508936383e-06,-1.4415298076761041e-06,3.6914690070943834e-05,-7.5759609536874e-05,9.645886370623913e-05,0.0,0.0,0.0,0.7678646660528053,0.741508907594525,2.2277735217869696,0.7678347400074057,0.7413672603354073,2.2278302162224963,9.678903226624652e-05,-6.801842440103044e-05,-1.1484588383292914e-05,1.5757599995111102,2.38913646015914,1.5239746883285574,-1.1765538367029227,-0.9183517597182321,1.046695897454759,1.784770411302829e-05,-8.356786799715501e-05,0.00016171869424684866,-0.0004415609737917228,0.0001532420191078422,0.0002207885379813875,0.00011721084083303178,0.0003976386780039359,-0.00035117607739317913,0.0009280846848400422,0.0009356006229263841,-0.0006251236376118799,1.575065838549261,2.392126637804941,1.5180860496706106,-1.1614162295949166,-0.9236391599815941,1.0392371573601007,0.0,0.0,0.0,0.0,0.0,0.0,0.0,0.0,0.0,0.0,0.0,0.0,9.0,9.0,9.0,9.0,9.0,9.0,6.0,6.0,6.0,6.0,6.0,6.0,0.0003541475262820448,42.55518071111372,10.808355681878243,0.4271856823774496,-0.028683344682379985,4.2466363758819625e-10,2.6551876447214904e-05
3.599999999999997,-0.15629238638473197,-0.5694164071610491,0.18494689550818744,2.5705938715588604e-07,-8.898626082447359e-06,-5.342627328219553e-07,3.1114696863301134e-06,-0.00011069243766058627,-5.55874660446833e-05,0.0,0.0,0.0,-0.1562956640752756,-0.5694193476205505,0.18494746337658483,-2.056136083570058e-06,-3.7077477173861812e-06,-2.30038666554351e-06,3.178221684896343e-05,-0.00012955793127211734,-2.9056288239459604e-05,0.0,0.0,0.0,0.7678693043501695,0.7415073007129278,2.22778346596313,0.7678338092129544,0.7413678326877972,2.2278297871159705,8.929498965748724e-05,-7.110989621523833e-05,-1.944020014515772e-05,1.5757606564840474,2.389134126339776,1.5239789501336998,-1.176566428168911,-0.9183461774156205,1.0467024421651319,1.9088693448172332e-05,-7.453234327787776e-05,0.00013914233425907209,-0.00039901631102952253,0.00016272672526839357,0.00020449038678499375,3.722968005432124e-05,0.00027106574157831755,-0.000677290799633297,0.0012763398828660075,0.00028454118481654106,-0.0004889445358918123,1.575065838549261,2.392126637804941,1.5180860496706106,-1.1614162295949166,-0.9236391599815941,1.0392371573601007,0.0,0.0,0.0,0.0,0.0,0.0,0.0,0.0,0.0,0.0,0.0,0.0,9.0,9.0,9.0,9.0,9.0,9.0,6.0,6.0,6.0,6.0,6.0,6.0,0.00018580138384916012,42.554576691770265,10.808088644631464,0.42718186775038475,-0.028684974676769226,6.73081945734566e-09,6.398939649435134e-06
3.63333333333333,-0.15629125777885414,-0.5694154734354538,0.18494877394249357,2.2657762807178256e-05,1.570852118395776e-05,3.7390118372385095e-05,0.0006720193385833362,0.0007382219441489083,0.0011377267759839613,0.0,0.0,0.0,-0.15629522886795044,-0.5694189715997013,0.1849482134175351,1.1013858782708631e-05,9.519780140838382e-06,1.8863160744830443e-05,0.000619074293077837,0.0006112239105462436,0.0010189890679668245,0.0,0.0,0.0,0.7678738665523211,0.7415059018816748,2.227792322323231,0.7678330254122923,0.7413684526569123,2.227829525775638,8.250182853818218e-05,-7.411923403278131e-05,-2.6385666167359918e-05,1.5757630198009849,2.389132741678123,1.5239880133079164,-1.1765834192722666,-0.9183429565264779,1.046707765260504,5.362923656747588e-05,-5.2537347487052216e-05,0.00022764426241760326,-0.00047282750412454093,0.00011866002460797808,0.00017462536970295293,0.0010362162935791063,0.0006598498737247663,0.002655057844755936,-0.002214335792850552,-0.0013220010198124648,-0.0008959505124612249,1.575065838549261,2.392126637804941,1.5180860496706106,-1.1614162295949166,-0.9236391599815941,1.0392371573601007,0.0,0.0,0.0,0.0,0.0,0.0,0.0,0.0,0.0,0.0,0.0,0.0,9.0,9.0,9.0,9.0,9.0,9.0,6.0,6.0,6.0,6.0,6.0,6.0,0.0021193915204609226,42.557647932720926,10.810124899817172,0.4273512267667635,-0.028703115688594405,1.2771298574243417e-08,1.0021127127759587e-05
3.6666666666666634,-0.15628893317944276,-0.5694135914535351,0.1849520676266717,5.404431378213925e-05,4.287655744548302e-05,7.833621053429971e-05,0.0009415993632391491,0.0008150513790034466,0.0012283700938517433,0.0,0.0,0.0,-0.15629412238445015,-0.5694180494502502,0.18494980949676432,3.029948094094448e-05,2.5585464828102556e-05,4.387317516302336e-05,0.0009075510169451739,0.0007393873540948448,0.0011896800334798563,0.0,0.0,0.0,0.7678756815558273,0.7415053402739787,2.2278037373006065,0.7678313039188966,0.7413693778720849,2.227830874395199,7.619982917833928e-05,-7.597340777224716e-05,-3.4386760841721954e-05,1.5757676116520762,2.3891317715453186,1.5240014251538003,-1.1766037431195584,-0.9183387185057839,1.0467112175154254,0.00010971343401912405,-3.691510524645042e-05,0.00034411833848429954,-0.0005640861138781457,0.0001243137554170177,0.00012725355499690363,0.0016825259235494453,0.0004686672672180539,0.0034942222820008887,-0.0027377582926081433,0.0001696119242711883,-0.0014211544411814794,1.575065838549261,2.392126637804941,1.5180860496706106,-1.1614162295949166,-0.9236391599815941,1.0392371573601007,0.0,0.0,0.0,0.0,0.0,0.0,0.0,0.0,0.0,0.0,0.0,0.0,9.0,9.0,9.0,9.0,9.0,9.0,6.0,6.0,6.0,6.0,6.0,6.0,0.0033754467967237467,42.55772961674197,10.810365335940554,0.4273894830848423,-0.028702948446332144,-1.988439901623451e-08,1.9638977541624193e-05
3.6999999999999966,-0.1562856519562885,-0.5694115830975813,0.18495543554029195,8.363873097883165e-05,5.446046715473618e-05,9.346927186063665e-05,0.0008878489689222976,0.0003475104931732334,0.00045397780461248574,0.0,0.0,0.0,-0.15629235522677354,-0.5694168761659312,0.18495175868497743,5.022784101771529e-05,3.444287222138207e-05,5.670508444636741e-05,0.0009275623036746339,0.00038810748537798645,0.0005960626504668554,0.0,0.0,0.0,0.7678739533281889,0.7415058197745782,2.227818831125594,0.7678279950323778,0.74137077431432,2.2278346835304097,7.034350152666651e-05,-7.657315038641552e-05,-4.3692646340962245e-05,1.5757741677071964,2.389130378334078,1.5240162682074396,-1.1766237661321277,-0.9183320393353981,1.0467128367142473,0.00016769224707769033,-4.0169259892404365e-05,0.00041156718561254394,-0.0005884889560115613,0.00017502132618782467,7.480182810574754e-05,0.0017393643917569888,-9.762463937861833e-05,0.0020234654138473313,-0.0007320852640024691,0.0015212271231242085,-0.0015735518067346824,1.575065838549261,2.392126637804941,1.5180860496706106,-1.1614162295949166,-0.9236391599815941,1.0392371573601007,0.0,0.0,0.0,0.0,0.0,0.0,0.0,0.0,0.0,0.0,0.0,0.0,9.0,9.0,9.0,9.0,9.0,9.0,6.0,6.0,6.0,6.0,6.0,6.0,0.0034895942428705418,42.555367023422605,10.80907380837026,0.4273150139533943,-0.02869473554681079,-4.018116517290338e-08,1.3922277208675426e-05
3.73333333333333,-0.15628335717952763,-0.5694101178611124,0.1849575074556259,7.377476494108553e-05,4.745902230945137e-05,7.259390030179316e-05,-0.00029589711142571885,-0.00021006076774179256,-0.0006262706693242523,0.0,0.0,0.0,-0.15629072526782573,-0.569415792134933,0.1849533773562497,4.9622346731391056e-05,3.342957175201922e-05,5.005487693354559e-05,-6.013909976498866e-05,-8.552432287167733e-05,-0.0003377796352097562,0.0,0.0,0.0,0.7678721521937678,0.7415056458722143,2.227834015033802,0.7678242994721789,0.7413719906702174,2.227839755524434,6.461053262205225e-05,-7.727358091307581e-05,-5.1785369343119266e-05,1.575779142220332,2.3891279864458097,1.5240286485243537,-1.1766409505551692,-0.9183239868441208,1.0467148341745232,0.0001553876784026869,-6.122751866481607e-05,0.0003847954001510908,-0.0005398514461635029,0.000219390267608567,6.488314822163089e-05,-0.00036913706025010266,-0.000631747763172351,-0.0008031535638435935,0.0014591252954417537,0.00133106824262227,-0.0002975603965234996,1.575065838549261,2.392126637804941,1.5180860496706106,-1.1614162295949166,-0.9236391599815941,1.0392371573601007,0.0,0.0,0.0,0.0,0.0,0.0,0.0,0.0,0.0,0.0,0.0,0.0,9.0,9.0,9.0,9.0,9.0,9.0,6.0,6.0,6.0,6.0,6.0,6.0,-0.0008663138524616087,42.551736716212616,10.807164801024326,0.42718831204660623,-0.028681381530950123,-5.264249203218441e-08,1.2562004886129911e-05
3.766666666666663,-0.1562824675874338,-0.5694090617295677,0.18495888493064036,4.2383311953776034e-05,3.694270089439592e-05,5.174686767747098e-05,-0.0009417283560352285,-0.0003154970700862637,-0.0006254170966121188,0.0,0.0,0.0,-0.1562896142689915,-0.56941484071064,0.1849547178494959,3.610134707378919e-05,2.9831222358866443e-05,4.186760432172897e-05,-0.0006733744886395776,-0.00020676241508965632,-0.0004064767154634552,0.0,0.0,0.0,0.7678717581843861,0.7415048497744279,2.2278467581314336,0.7678210719690616,0.7413728889499375,2.22784478797169,5.94203314529895e-05,-7.860625773536452e-05,-5.7676020696477445e-05,1.575781615857252,2.389125717254066,1.5240382502916916,-1.176655909103764,-0.9183161616273583,1.046717900290738,0.00010126863120092893,-6.579300776579143e-05,0.00032030048014043347,-0.0004791214539510786,0.00022963442445183025,8.295004037091815e-05,-0.0016235714160527392,-0.00013696467302926058,-0.00193484760031972,0.0018218997663727284,0.0003073247052978972,0.0005420067644786178,1.575065838549261,2.392126637804941,1.5180860496706106,-1.1614162295949166,-0.9236391599815941,1.0392371573601007,0.0,0.0,0.0,0.0,0.0,0.0,0.0,0.0,0.0,0.0,0.0,0.0,9.0,9.0,9.0,9.0,9.0,9.0,6.0,6.0,6.0,6.0,6.0,6.0,-0.003322626093471559,42.55179390143545,10.806824873894728,0.42717055195900455,-0.028679694620172835,-1.560977447301326e-08,6.6100578940063066e-06
3.7999999999999963,-0.1562822801922317,-0.5694083560408627,0.1849602249075572,1.7875646569769747e-05,2.642821416449598e-05,4.404810293657792e-05,-0.0007352245779496974,-0.00031543308049926123,-0.00023096492020036107,0.0,0.0,0.0,-0.1562888817404073,-0.5694140376944835,0.18495601561729563,2.4299088489474976e-05,2.544246079435904e-05,3.954100739957848e-05,-0.0005829824727263677,-0.0002411984086307939,-0.000122426426508504,0.0,0.0,0.0,0.7678744128240879,0.7415037766195386,2.2278538596309634,0.767819287711945,0.7413735429485282,2.2278479993490614,5.531967325536529e-05,-8.116907847994317e-05,-6.0254884660077435e-05,1.5757824008586025,2.389124755477344,1.5240447484754782,-1.176668402848101,-0.9183122551723902,1.0467219164524952,4.945623741438524e-05,-4.1166537024161704e-05,0.00023673050244622952,-0.0004095820380544511,0.00015467390751188403,0.00010797324860043665,-0.001554371813596311,0.0007387941222488916,-0.002507099330826118,0.002086182476898824,-0.0022488155081983874,0.0007506962468855551,1.575065838549261,2.392126637804941,1.5180860496706106,-1.1614162295949166,-0.9236391599815941,1.0392371573601007,0.0,0.0,0.0,0.0,0.0,0.0,0.0,0.0,0.0,0.0,0.0,0.0,9.0,9.0,9.0,9.0,9.0,9.0,6.0,6.0,6.0,6.0,6.0,6.0,-0.002927606831602425,42.553444374326496,10.806977772467146,0.42718564730408704,-0.028688806010648715,6.036833821720933e-08,6.85113114992615e-06
3.8333333333333295,-0.15628223281548123,-0.5694078687813307,0.18496132551697292,6.906076149279725e-06,1.855471461162761e-05,3.669462983172076e-05,-0.000329086014101007,-0.00023620201368995488,-0.00022060515143882133,0.0,0.0,0.0,-0.15628830735298038,-0.5694133503784863,0.18495722082610355,1.8451228396980517e-05,2.1783788959967762e-05,3.6797407000445404e-05,-0.00029228486139887266,-0.00020293657461856185,-0.000140577935926256,0.0,0.0,0.0,0.7678779265632747,0.7415026642710055,2.227858767019121,0.767818359427861,0.7413740480534223,2.2278502344641664,5.180095614785309e-05,-8.379581145775945e-05,-6.183287168470731e-05,1.5757827518627914,2.389124097700103,1.524049692523853,-1.1766790326817314,-0.9183099646941862,1.046725961164453,2.350549624985814e-05,-2.6877723827093356e-05,0.0001777911349750318,-0.00034912401862998544,9.736753325044798e-05,0.0001168853220242652,-0.0007785222349358129,0.0004286643959120504,-0.001768181024135931,0.0018137405827339701,-0.0017191912278430818,0.0002673622027148564,1.575065838549261,2.392126637804941,1.5180860496706106,-1.1614162295949166,-0.9236391599815941,1.0392371573601007,0.0,0.0,0.0,0.0,0.0,0.0,0.0,0.0,0.0,0.0,0.0,0.0,9.0,9.0,9.0,9.0,9.0,9.0,6.0,6.0,6.0,6.0,6.0,6.0,-0.0014121911591291614,42.55324620135868,10.80710377197497,0.4272129079565486,-0.028691353413550225,4.115210683330872e-08,1.3724290957842295e-05
3.8666666666666627,-0.15628245489745857,-0.5694073249751815,0.1849620505873052,-2.1395992509207852e-06,1.7061118920860448e-05,2.673268855431466e-05,-0.0002713675253040418,-4.480429469860419e-05,-0.000298860429717175,0.0,0.0,0.0,-0.15628791088937527,-0.5694126665332823,0.18495825842301913,1.2978208201806886e-05,2.113610365638111e-05,3.205301362350295e-05,-0.0002706921794897177,-5.6664255899008253e-05,-0.00023391247366033596,0.0,0.0,0.0,0.7678791290101721,0.7415015959017058,2.227866775272992,0.7678168836763397,0.7413744564526451,2.2278537726106094,4.816914567871052e-05,-8.51569058143626e-05,-6.502970972619297e-05,1.5757830036553067,2.389122565506598,1.5240553540786932,-1.176689679002655,-0.9183044206878826,1.0467294035836237,1.2871015720579428e-05,-3.960311137772697e-05,0.0001724948084622255,-0.0003293010913515057,0.00014333597048915293,0.00010781015742105235,-0.0003190344158783614,-0.00038176162651900827,-0.0001588897953841888,0.0005946878183543929,0.0013790531171611483,-0.00027225493809638533,1.575065838549261,2.392126637804941,1.5180860496706106,-1.1614162295949166,-0.9236391599815941,1.0392371573601007,0.0,0.0,0.0,0.0,0.0,0.0,0.0,0.0,0.0,0.0,0.0,0.0,9.0,9.0,9.0,9.0,9.0,9.0,6.0,6.0,6.0,6.0,6.0,6.0,-0.0007578535090222438,42.55230382322995,10.80743460711475,0.4272604209603561,-0.028686227594986402,-4.483581272918258e-08,3.511461064062112e-05
3.899999999999996,-0.15628322892833674,-0.5694072549878555,0.18496250757033256,-1.619378688771635e-05,7.086818640447243e-06,1.805037067331946e-05,-0.0004216250951297797,-0.00029922430098727173,-0.00026047026094476667,0.0,0.0,0.0,-0.15628782302332553,-0.569412191255289,0.18495914179451964,4.1851672165219636e-06,1.5634844014726307e-05,2.7359261101062226e-05,-0.0004252514356100079,-0.0002864242967355324,-0.00022855887729456015,0.0,0.0,0.0,0.7678805083303339,0.7415010156531644,2.2278730739711636,0.7678155546311105,0.7413749739857616,2.2278571179499758,4.5394468344540294e-05,-8.669385513539462e-05,-6.708325795820797e-05,1.5757822396842946,2.389121859587644,1.5240583640864602,-1.1766977002712031,-0.9182992326544929,1.0467330994368205,-1.0989081666308123e-05,-2.7319416205975602e-05,0.00011769842482801468,-0.00027019240141500057,0.00015153932462588077,0.00010985378307353113,-0.0007158029216066265,0.000368510855152541,-0.0016438915090263248,0.0017732606980951527,0.00024610062410183506,6.130876957436325e-05,1.575065838549261,2.392126637804941,1.5180860496706106,-1.1614162295949166,-0.9236391599815941,1.0392371573601007,0.0,0.0,0.0,0.0,0.0,0.0,0.0,0.0,0.0,0.0,0.0,0.0,9.0,9.0,9.0,9.0,9.0,9.0,6.0,6.0,6.0,6.0,6.0,6.0,-0.00130825252983513,42.55305402194118,10.807059981663997,0.42723186917789063,-0.028686879446305547,1.8420958425302558e-08,3.7225225687245825e-06
3.933333333333329,-0.1562842811643823,-0.5694072503514962,0.18496300449803793,-2.6442618476545235e-05,2.455029504682947e-06,1.5955178675654725e-05,-0.0003074648734127796,-0.00013894777896155208,-6.285610550477131e-05,0.0,0.0,0.0,-0.15628797297042105,-0.5694118052831653,0.184959991400197,-3.268200806573311e-06,1.2497860801277534e-05,2.5788254803371014e-05,-0.0003563129645236529,-0.0001700186674948867,-7.714280112303129e-05,0.0,0.0,0.0,0.7678812391304006,0.7415007438750905,2.2278793047078884,0.7678141154023311,0.7413755853246888,2.2278606796940412,4.3040252139676604e-05,-8.791754318744938e-05,-6.898749493188102e-05,1.5757810551071494,2.3891215330846514,1.524060802978898,-1.1767050031445179,-0.9182934426694529,1.0467366198864316,-2.735457012732212e-05,-1.5636531918872566e-05,8.80106570316969e-05,-0.00023612160009831696,0.00016631280900956984,0.00010702691991251441,-0.0004909646538304198,0.00035048652861309113,-0.0008906330338895333,0.0010221240395005085,0.00044320453151067184,-8.480589483050159e-05,1.575065838549261,2.392126637804941,1.5180860496706106,-1.1614162295949166,-0.9236391599815941,1.0392371573601007,0.0,0.0,0.0,0.0,0.0,0.0,0.0,0.0,0.0,0.0,0.0,0.0,9.0,9.0,9.0,9.0,9.0,9.0,6.0,6.0,6.0,6.0,6.0,6.0,-0.0008979431127014159,42.55347250733924,10.807438553265433,0.4272703799168031,-0.02868940558453481,7.143096336648114e-09,5.234291100609464e-06
3.9666666666666623,-0.15628515831383416,-0.5694072248926599,0.18496298582929607,-2.6357190926502756e-05,1.3275483003304808e-06,4.944916627325352e-06,2.562631224459649e-06,-3.382178325212623e-05,-0.00033030877684230817,0.0,0.0,0.0,-0.15628816545715332,-0.5694114568179887,0.18496059253587432,-5.472840584155106e-06,1.1052178558293238e-05,1.9131793026840387e-05,-0.0001022868668103527,-8.709835576681257e-05,-0.00031816844157894764,0.0,0.0,0.0,0.7678848041951123,0.7414991330137359,2.2278819435904578,0.767814002421363,0.7413755976736126,2.2278629764086872,4.0759248466803536e-05,-9.004272224642956e-05,-6.856371149355311e-05,1.5757797278833063,2.3891204739463703,1.5240626505794943,-1.1767112787587917,-0.9182915720653828,1.0467403432284716,-3.5662666903431796e-05,-2.639494292505726e-05,6.628889760249209e-05,-0.0002042194855112931,9.284968440345324e-05,0.00011014248076994521,-0.0002492429032832903,-0.0003227523301855408,-0.0006516527828761444,0.0009570634376107156,-0.002203893738183498,9.346682572292377e-05,1.575065838549261,2.392126637804941,1.5180860496706106,-1.1614162295949166,-0.9236391599815941,1.0392371573601007,0.0,0.0,0.0,0.0,0.0,0.0,0.0,0.0,0.0,0.0,0.0,0.0,9.0,9.0,9.0,9.0,9.0,9.0,6.0,6.0,6.0,6.0,6.0,6.0,-0.0005433852787897209,42.552029370418936,10.807124883085747,0.4272616700391537,-0.028697925437203065,6.422268272743281e-10,9.583277623852678e-06
3.9999999999999956,-0.15628561454559955,-0.5694074366209871,0.18496291261418807,-1.791037394323045e-05,-3.7920446880468915e-06,1.8395270958564497e-07,0.00025340443274110574,-0.00015358737427763656,-0.0001428295505307848,0.0,0.0,0.0,-0.15628824564793528,-0.569411242937878,0.18496108475770676,-2.895389416940297e-06,7.34914546683312e-06,1.532970517069303e-05,0.0001264300391263795,-0.00019310834064789617,-0.0001785349182035212,0.0,0.0,0.0,0.7678887666640803,0.7414979180327875,2.2278826987965585,0.7678145539830363,0.7413755699490839,2.227864310661493,3.9210869863849224e-05,-9.213466542350124e-05,-6.75353600342852e-05,1.5757789104511428,2.389119948992722,1.5240631364701451,-1.176715555042956,-0.9182916871907324,1.0467436225211348,-2.8236198905579794e-05,-1.9297387273565472e-05,3.181411221801013e-05,-0.00015359884512059806,2.8647387809088593e-05,0.00010230001351824226,0.0002227940399355601,0.00021292666954475362,-0.0010342435615344587,0.0015186192117208513,-0.0019260688978309393,-0.00023527401755108813,1.575065838549261,2.392126637804941,1.5180860496706106,-1.1614162295949166,-0.9236391599815941,1.0392371573601007,0.0,0.0,0.0,0.0,0.0,0.0,0.0,0.0,0.0,0.0,0.0,0.0,9.0,9.0,9.0,9.0,9.0,9.0,6.0,6.0,6.0,6.0,6.0,6.0,0.0006065234987429058,42.553170494371734,10.807212671324049,0.4272693510200164,-0.02869904439388815,3.4068789345198525e-08,4.683968573278272e-06
4.033333333333329,-0.15628627008401647,-0.5694075397960752,0.18496255766260192,-1.9080896051896087e-05,-3.3275354014869456e-06,-7.037738531859095e-06,-3.511390896539169e-05,1.3932122504216474e-05,-0.00021665295023048527,0.0,0.0,0.0,-0.15628842452432876,-0.5694110405158332,0.1849613902149317,-5.062268899522942e-06,6.49504063122841e-06,9.940311255321328e-06,-0.00010090651769978365,-5.490615768621865e-05,-0.00025199376467366363,0.0,0.0,0.0,0.7678968778945401,0.7414950417916528,2.227878110074303,0.7678173099801651,0.7413747223499141,2.2278631297196023,3.774935768217024e-05,-9.542122881755034e-05,-6.370100398989692e-05,1.575777161282991,2.3891191353772476,1.524062830179644,-1.1767192775608177,-0.9182968646811455,1.0467476975077623,-4.439542934099011e-05,-2.2704771921619494e-05,4.478894051509926e-06,-0.00012564997227606823,-9.400067899029538e-05,0.00011559973705647914,-0.00048477691306230965,-0.0001022215394416207,-0.0008200565449950062,0.0008384661853358953,-0.003679442003981519,0.0003989917061471063,1.575065838549261,2.392126637804941,1.5180860496706106,-1.1614162295949166,-0.9236391599815941,1.0392371573601007,0.0,0.0,0.0,0.0,0.0,0.0,0.0,0.0,0.0,0.0,0.0,0.0,9.0,9.0,9.0,9.0,9.0,9.0,6.0,6.0,6.0,6.0,6.0,6.0,-0.0009756605018713671,42.552360112168365,10.807184872826294,0.42727453025966045,-0.02870244227762697,2.593219861068974e-08,9.665353015978718e-06
4.066666666666662,-0.15628729332425978,-0.5694079019347127,0.18496227068518448,-2.682513321730124e-05,-8.3519261911305e-06,-8.085497018597236e-06,-0.00023232615601242123,-0.00015073322540631314,-3.143476336954112e-05,0.0,0.0,0.0,-0.15628881548073498,-0.5694109808566077,0.18496163774020996,-1.0863866434089477e-05,2.6705050254928876e-06,7.646957546504662e-06,-0.0002727094595438295,-0.0001953120717193002,-0.0001017659289499484,0.0,0.0,0.0,0.7679008547200914,0.7414938257431083,2.2278777381062866,0.7678191505697037,0.7413742817860157,2.227863036399162,3.672518275278425e-05,-9.671939318382008e-05,-6.311568021969521e-05,1.5757753465663944,2.389118876489011,1.524062032635721,-1.176722095393149,-0.918296969546708,1.0467510329583267,-5.1092808379252926e-05,-1.2746022033326782e-05,-1.4457913770800607e-05,-9.823997072075185e-05,-3.343087091560988e-05,0.00010524225697555088,-0.00020092137114788446,0.0002987624966487814,-0.000568104234669316,0.0008223000466594911,0.0018170942422405648,-0.00031072440242784784,1.575065838549261,2.392126637804941,1.5180860496706106,-1.1614162295949166,-0.9236391599815941,1.0392371573601007,0.0,0.0,0.0,0.0,0.0,0.0,0.0,0.0,0.0,0.0,0.0,0.0,9.0,9.0,9.0,9.0,9.0,9.0,6.0,6.0,6.0,6.0,6.0,6.0,-0.00032386958732422144,42.55353088432249,10.807570527763286,0.42730505278053255,-0.02868816733611279,-5.0072108681575855e-09,5.9515155401910275e-05
4.099999999999995,-0.15628769427316347,-0.5694081481318888,0.184962181718683,-1.696069768712009e-05,-7.707911495108831e-06,-4.474526702017073e-06,0.0002959333137216412,1.932042533029604e-05,0.00010832871633291684,0.0,0.0,0.0,-0.15628903225454852,-0.569410933902228,0.1849619114213429,-7.219238947095569e-06,1.7681536313985353e-06,7.987358547388538e-06,0.00017995862323205714,-5.3670334480671045e-05,2.4620496268834557e-05,0.0,0.0,0.0,0.7679020873303039,0.741493511530318,2.227880271909451,0.7678199311324373,0.7413742105170161,2.2278643003982572,3.58961529041545e-05,-9.693983913414755e-05,-6.410134769740432e-05,1.5757748719364053,2.389118510915748,1.5240623892377994,-1.1767250178200168,-0.918294946634125,1.046753116973116,-2.652353591022854e-05,-1.1560139276670462e-05,2.312736975999945e-06,-9.119519426543372e-05,2.9314628021258293e-05,7.676104811049045e-05,0.0007370781740707315,3.557648269968961e-05,0.0005031195224040165,0.00021134329365954377,0.0018823649681060453,-0.0008544362659518132,1.575065838549261,2.392126637804941,1.5180860496706106,-1.1614162295949166,-0.9236391599815941,1.0392371573601007,0.0,0.0,0.0,0.0,0.0,0.0,0.0,0.0,0.0,0.0,0.0,0.0,9.0,9.0,9.0,9.0,9.0,9.0,6.0,6.0,6.0,6.0,6.0,6.0,0.001519904987106191,42.55376407393154,10.807963306379959,0.427343585678385,-0.02869319415492866,-2.2222206186306437e-08,4.102567583608525e-06
4.133333333333328,-0.15628787206323866,-0.5694082816763156,0.18496174956586486,-9.209361739702699e-06,-5.240189434832181e-06,-1.0134600519294283e-05,0.0002325399234816233,7.403174025727587e-05,-0.00016980198209028453,0.0,0.0,0.0,-0.1562891480936423,-0.5694108728676567,0.18496200862332995,-4.066749075130087e-06,1.9924761351715575e-06,3.480846579182496e-06,0.00015426998435286166,7.972065958483654e-07,-0.00020648160986569408,0.0,0.0,0.0,0.7679022984771589,0.741492886721914,2.2278845601863098,0.7678201545305852,0.7413740532448533,2.2278667061030606,3.482587721112552e-05,-9.674054960045637e-05,-6.55214784250428e-05,1.5757749213451722,2.3891171473367505,1.5240636848824383,-1.176728117869431,-0.9182917880660744,1.0467546135944326,-7.853003302603736e-06,-3.1124959703555146e-05,2.668380510579328e-05,-9.239938637505433e-05,7.294290368876461e-05,5.551944236973062e-05,0.0005601159782287441,-0.0005869446128065406,0.0007311320438938001,-3.612576328861806e-05,0.0013088482700251898,-0.000637248172222795,1.575065838549261,2.392126637804941,1.5180860496706106,-1.1614162295949166,-0.9236391599815941,1.0392371573601007,0.0,0.0,0.0,0.0,0.0,0.0,0.0,0.0,0.0,0.0,0.0,0.0,9.0,9.0,9.0,9.0,9.0,9.0,6.0,6.0,6.0,6.0,6.0,6.0,0.0009917348309875784,42.55235154610586,10.807716516109215,0.427334540398226,-0.028693937399831615,-5.2348246626365835e-08,4.176303153374667e-06
4.166666666666662,-0.15628824138010897,-0.569408478533096,0.18496163377949093,-1.0456129944477717e-05,-5.683861607136512e-06,-5.693945588374478e-06,-3.7402997840128395e-05,-1.3310224916652832e-05,0.0001332196591607835,0.0,0.0,0.0,-0.15628933366857023,-0.5694108586707936,0.1849621654388687,-5.3998876009963865e-06,8.095864127035374e-07,4.358520305358181e-06,-6.109650912211606e-05,-6.597392657425871e-05,5.201525408748964e-05,0.0,0.0,0.0,0.7679046656299973,0.741492209614724,2.2278847970679947,0.7678212176942033,0.7413738271147174,2.2278678122286846,3.4511849608484195e-05,-9.755533842931274e-05,-6.457226274562694e-05,1.5757742620648665,2.389116902805631,1.524063581858223,-1.1767302455563902,-0.9182918582548577,1.0467566003889088,-1.5803273882844665e-05,-1.5265608953631542e-05,6.83411739875626e-06,-7.335353463765706e-05,2.2910525563075294e-05,5.824237031417116e-05,-0.00023850811740722786,0.00047578052249770816,-0.0005954906312111107,0.0005713755521219178,-0.0015009713437706797,8.168783833321642e-05,1.575065838549261,2.392126637804941,1.5180860496706106,-1.1614162295949166,-0.9236391599815941,1.0392371573601007,0.0,0.0,0.0,0.0,0.0,0.0,0.0,0.0,0.0,0.0,0.0,0.0,9.0,9.0,9.0,9.0,9.0,9.0,6.0,6.0,6.0,6.0,6.0,6.0,-0.0003512008257620103,42.55389538634522,10.8076894138993,0.42732169495345046,-0.028699270706441293,3.7155088339346776e-08,1.7506906901999073e-05
4.199999999999995,-0.15628786981406695,-0.5694086475347097,0.18496158686104003,3.9459542455681956e-06,-5.274672698863072e-06,-2.8363534030921116e-06,0.0004320637243867322,1.2275329709200085e-05,8.572798341794639e-05,0.0,0.0,0.0,-0.15628922748225363,-0.5694108635295844,0.18496233087414354,1.9453092620047474e-06,1.3643748363136205e-07,4.717020038838328e-06,0.00035253779793187334,-4.0737958604708524e-05,2.6484815657923377e-05,0.0,0.0,0.0,0.7679096745201109,0.7414909958422352,2.2278809208038144,0.7678236948359194,0.7413733138943486,2.227866951613611,3.45699303871041e-05,-9.922228879459832e-05,-6.166157349265578e-05,1.5757743446735977,2.389116901887922,1.5240629228485898,-1.1767314022272157,-0.9182968090524367,1.046758452486897,-3.615583337289287e-06,-5.106890494898338e-06,-1.090215353596832e-05,-4.758459472743356e-05,-9.137910972408211e-05,5.645608320073892e-05,0.00036563071636666134,0.00030476155376199613,-0.0005320881280417374,0.0007730681973067052,-0.003428689058614722,-5.358861340296734e-05,1.575065838549261,2.392126637804941,1.5180860496706106,-1.1614162295949166,-0.9236391599815941,1.0392371573601007,0.0,0.0,0.0,0.0,0.0,0.0,0.0,0.0,0.0,0.0,0.0,0.0,9.0,9.0,9.0,9.0,9.0,9.0,6.0,6.0,6.0,6.0,6.0,6.0,0.0008949951695305103,42.55366431199719,10.80758586933817,0.4273179493059043,-0.028706852288824525,5.1826785973929645e-08,3.223933328032566e-06
4.233333333333328,-0.1562860840722552,-0.569408710740569,0.18496157303326155,3.703018727606914e-05,-3.0223317977461495e-06,-1.2220138339307838e-06,0.0009925274066403076,6.757535636100359e-05,4.843312139118757e-05,0.0,0.0,0.0,-0.15628844367337527,-0.5694108474563169,0.18496249084114594,2.055021275563441e-05,5.729423942906048e-07,4.6340053873810845e-06,0.0008840772419618226,1.2724973482036717e-05,4.969853392822188e-06,0.0,0.0,0.0,0.7679142697147264,0.7414899933089764,2.227877053044944,0.7678265268975581,0.741372771658749,2.2278655304603476,3.477406234055009e-05,-0.00010039955693266624,-5.934828859024186e-05,1.5757766963805968,2.3891165084467625,1.5240631605417125,-1.1767319942448555,-0.9183036625087749,1.0467589631098866,4.582894553558858e-05,-9.571120024844806e-06,1.1198112766130787e-06,-2.7701884374679027e-05,-0.00016752883000371283,2.9031154191415075e-05,0.001483335866186336,-0.000133926885898394,0.000360658944377442,0.0005964813105826359,-0.0022844916083889217,-0.0008227478702797152,1.575065838549261,2.392126637804941,1.5180860496706106,-1.1614162295949166,-0.9236391599815941,1.0392371573601007,0.0,0.0,0.0,0.0,0.0,0.0,0.0,0.0,0.0,0.0,0.0,0.0,9.0,9.0,9.0,9.0,9.0,9.0,6.0,6.0,6.0,6.0,6.0,6.0,0.003092840921593787,42.553413939508935,10.807752679247782,0.4273391979391501,-0.028707992119128445,1.8713352090138358e-08,1.2457577405123783e-05
4.266666666666661,-0.15628364866673175,-0.5694087227098545,0.18496159507420498,6.105154279378802e-05,-1.2467511070958819e-06,3.345819903143791e-08,0.0007206407332155323,5.327604986300768e-05,3.766950097965558e-05,0.0,0.0,0.0,-0.15628716937226997,-0.5694108198828547,0.1849626465351571,3.598391259746393e-05,9.304086413951713e-07,4.516198382045208e-06,0.0007226970719589332,8.975761916829583e-06,3.074498566402184e-06,0.0,0.0,0.0,0.7679189775637492,0.7414890364578153,2.2278725740697025,0.7678297326159993,0.7413721834661553,2.2278635308051236,3.512994395663662e-05,-0.00010141870367633385,-5.7047787636615324e-05,1.5757800287878176,2.389116034574679,1.5240636464790767,-1.1767321333705274,-0.9183119268126992,1.0467588633552642,8.19244595977319e-05,-1.2667815008027665e-05,1.0092017706670202e-05,-1.2016474894190363e-05,-0.00022112902182054752,7.68195894803071e-06,0.0010828654218642997,-9.290084949548578e-05,0.0002691661929017137,0.0004705622844146599,-0.001608005754505041,-0.0006404758573015309,1.575065838549261,2.392126637804941,1.5180860496706106,-1.1614162295949166,-0.9236391599815941,1.0392371573601007,0.0,0.0,0.0,0.0,0.0,0.0,0.0,0.0,0.0,0.0,0.0,0.0,9.0,9.0,9.0,9.0,9.0,9.0,6.0,6.0,6.0,6.0,6.0,6.0,0.002257626685800762,42.55335218066963,10.807752522117564,0.42733849461302964,-0.02870438593475466,1.2075521249599319e-08,1.988236811100723e-06
4.2999999999999945,-0.15628189639734386,-0.5694089067310834,0.18496146295005833,5.539590328707833e-05,-4.095902802848142e-06,-2.631332920812763e-06,-0.00016966889164827392,-8.547351881610078e-05,-7.994155321519575e-05,0.0,0.0,0.0,-0.15628597766843505,-0.5694108741456577,0.18496271902301992,3.612888475791053e-05,-1.1363745035614568e-06,2.3528520023619195e-06,-1.3161344460055346e-05,-0.00010632514345765287,-9.44741495696455e-05,0.0,0.0,0.0,0.7679194002136702,0.7414892720247659,2.2278734214010836,0.7678313878285591,0.741372050541917,2.227863527919041,3.5380974563602965e-05,-0.00010062937000572516,-5.794507354126597e-05,1.5757828786029848,2.3891154663849328,1.524064231029813,-1.1767321560058264,-0.9183139279317503,1.0467582755517109,8.430445654546979e-05,-1.5586399932447415e-05,1.5055020628438582e-05,-4.458197609219519e-06,-0.00011373205495943062,-9.195418087667188e-06,7.139990843213664e-05,-8.755754773259249e-05,0.00014889008765305142,0.00022674831854912532,0.003221909005833507,-0.0005063213110709369,1.575065838549261,2.392126637804941,1.5180860496706106,-1.1614162295949166,-0.9236391599815941,1.0392371573601007,0.0,0.0,0.0,0.0,0.0,0.0,0.0,0.0,0.0,0.0,0.0,0.0,9.0,9.0,9.0,9.0,9.0,9.0,6.0,6.0,6.0,6.0,6.0,6.0,0.00010698240279083393,42.553035295324655,10.807748024088802,0.4273373742810585,-0.028686104690991865,-4.0829541525511104e-08,2.7269010298163455e-05
4.333333333333328,-0.15628071421948825,-0.5694090235125628,0.1849615210988042,4.210885135553583e-05,-3.7008641356212377e-06,2.8586422217136293e-07,-0.0003986115400920242,1.1848652825921528e-05,8.751570451001233e-05,0.0,0.0,0.0,-0.15628496677111778,-0.5694109313271428,0.18496283645634665,3.1465794620085875e-05,-1.522416069880189e-06,3.198796352936857e-06,-0.0002413883831025032,-2.492267344678112e-05,4.9672815662926695e-05,0.0,0.0,0.0,0.7679180603125764,0.7414900102339312,2.2278762293293055,0.7678320157581681,0.7413722245226239,2.227864805531095,3.5694137623064164e-05,-9.935769160116608e-05,-5.951600516752293e-05,1.5757850523683967,2.389115160172884,1.5240651448448481,-1.1767327074008014,-0.9183130949626934,1.0467576391680475,7.157679375186235e-05,-1.131970761542664e-05,2.3294640914315873e-05,-1.2513965368918109e-05,-2.1251303848644816e-05,-1.579281262766538e-05,-0.00038182988380822304,0.0001280007695106233,0.00024718860857631864,-0.0002416730327909577,0.002774422533323574,-0.00019792183619994587,1.575065838549261,2.392126637804941,1.5180860496706106,-1.1614162295949166,-0.9236391599815941,1.0392371573601007,0.0,0.0,0.0,0.0,0.0,0.0,0.0,0.0,0.0,0.0,0.0,0.0,9.0,9.0,9.0,9.0,9.0,9.0,6.0,6.0,6.0,6.0,6.0,6.0,-0.0008143851464703644,42.553486421547916,10.807964614898587,0.4273510441689765,-0.02868675948848809,-3.123729896969962e-08,2.4628433529129364e-06
4.366666666666661,-0.15627985438025743,-0.569409277878925,0.1849613991299272,3.12330758144697e-05,-6.320915964596645e-06,-2.344089607034778e-06,-0.000326273693260659,-7.860468195568992e-05,-7.889948800531848e-05,0.0,0.0,0.0,-0.15628409460883042,-0.5694110632275442,0.18496287110402593,2.7178185015977632e-05,-3.5145580827775046e-06,1.189502139732055e-06,-0.00022025801907643583,-0.0001009194371555111,-8.69736723694281e-05,0.0,0.0,0.0,0.7679158827612178,0.741490981556787,2.2278798797012844,0.767831979579816,0.741372596946125,2.2278669065052874,3.6075596299414966e-05,-9.797156640691153e-05,-6.11193141432507e-05,1.5757868141460332,2.389114850921099,1.5240655244495955,-1.1767326607414126,-0.9183109047431454,1.0467569856746286,5.909448398031729e-05,-9.958271571550097e-06,1.5356975254752634e-05,-3.238134014069551e-06,3.672062301159798e-05,-1.83341392501923e-05,-0.00037446929314635186,4.084308131629626e-05,-0.00023812996978689723,0.0002782749406454567,0.0017391578058072838,-7.623979867580756e-05,1.575065838549261,2.392126637804941,1.5180860496706106,-1.1614162295949166,-0.9236391599815941,1.0392371573601007,0.0,0.0,0.0,0.0,0.0,0.0,0.0,0.0,0.0,0.0,0.0,0.0,9.0,9.0,9.0,9.0,9.0,9.0,6.0,6.0,6.0,6.0,6.0,6.0,-0.0007737810119157196,42.55297532581146,10.807631258623958,0.42732594133014956,-0.02868850599352868,-1.9070410584021147e-08,2.2578627416599855e-06
4.399999999999994,-0.15627886242012598,-0.569409548420134,0.18496122618239105,3.0250244374445274e-05,-7.5177688682703945e-06,-4.2403212366802685e-06,-2.948400520770573e-05,-3.5905281972424755e-05,-5.688649004439304e-05,0.0,0.0,0.0,-0.1562831801453606,-0.5694112340448431,0.18496285126766968,2.762740525948961e-05,-4.818992431781637e-06,-5.116767239303927e-07,8.088261159056032e-06,-6.687189463150389e-05,-7.14536815324962e-05,0.0,0.0,0.0,0.7679187242124879,0.7414906220306922,2.2278765799652174,0.7678338414587083,0.7413724805913501,2.227866412288151,3.6812916967538724e-05,-9.866123820865344e-05,-5.8595270492090265e-05,1.5757880195620346,2.3891149482917533,1.5240643880367437,-1.1767314933715127,-0.9183155714080283,1.0467572145854296,4.380648135829989e-05,-1.3720107740397412e-06,-1.7609265282821894e-05,2.2268019994404177e-05,-8.10930899886865e-05,-1.5331637322273277e-06,-0.00045864007866052196,0.00025758782392531067,-0.0009889872161272359,0.0007651846202542118,-0.0035344113900085345,0.0005040292655389491,1.575065838549261,2.392126637804941,1.5180860496706106,-1.1614162295949166,-0.9236391599815941,1.0392371573601007,0.0,0.0,0.0,0.0,0.0,0.0,0.0,0.0,0.0,0.0,0.0,0.0,9.0,9.0,9.0,9.0,9.0,9.0,6.0,6.0,6.0,6.0,6.0,6.0,-0.0008252780761237588,42.55302283938096,10.807350971085997,0.42730005880265665,-0.028702876340250594,5.032383965097864e-08,3.8240213890992604e-05
4.433333333333327,-0.15627756161713885,-0.5694092601470138,0.18496189609034194,3.609947214152155e-05,3.2595760951859427e-06,1.1984703493076939e-05,0.00017547589346956152,0.00032332293269530935,0.00048675178900660604,0.0,0.0,0.0,-0.15628210944831508,-0.5694111906050251,0.1849631632001308,3.172490087478249e-05,5.231922460438852e-07,7.817074700345476e-06,0.00018186308369383397,0.00025029665694376035,0.00040647313107688987,0.0,0.0,0.0,0.7679209814951483,0.741490417986521,2.2278738218481466,0.7678359035775446,0.7413723227605338,2.2278655834072656,3.754526883996603e-05,-9.88293004618852e-05,-5.691456536278062e-05,1.575789787600864,2.389115406812902,1.5240655251071955,-1.1767326331636938,-0.9183201112717981,1.0467569875017433,4.996293704113861e-05,8.713086046824557e-06,1.6871653943881957e-05,-1.537317028754972e-05,-0.00011782830539359004,-5.0527283030457285e-06,0.0001846936704851615,0.00030255290462592895,0.0010344275768011156,-0.001129235708458617,-0.0011020564621471063,-0.00010558693712455202,1.575065838549261,2.392126637804941,1.5180860496706106,-1.1614162295949166,-0.9236391599815941,1.0392371573601007,0.0,0.0,0.0,0.0,0.0,0.0,0.0,0.0,0.0,0.0,0.0,0.0,9.0,9.0,9.0,9.0,9.0,9.0,6.0,6.0,6.0,6.0,6.0,6.0,0.0003741362999143405,42.55449367188274,10.808477926443835,0.42738734074474066,-0.028702480805312902,1.0356813850975755e-08,2.2046032131628493e-05
4.466666666666661,-0.156276208864019,-0.5694085076222369,0.18496268087337575,3.908815689564222e-05,1.6137120364090566e-05,1.969052256236247e-05,8.965984273263787e-05,0.00038632730053091456,0.0002311737349707454,0.0,0.0,0.0,-0.15628095547825657,-0.5694108999116754,0.18496360420568705,3.4477090437339626e-05,7.70341873444558e-06,1.239281960744524e-05,0.00011595196604297087,0.0003348641424345544,0.00022285220030449082,0.0,0.0,0.0,0.7679204744837969,0.7414901979230312,2.2278755510119073,0.7678369513029204,0.7413721209601465,2.2278664745202983,3.768119278573305e-05,-9.768456830614294e-05,-5.763846605245819e-05,1.5757920982490377,2.3891148251058025,1.5240694870472824,-1.1767361018920834,-0.9183207628767261,1.0467559827683872,6.286727581889643e-05,-8.729779972147953e-06,8.486268638169874e-05,-7.449895789249219e-05,-5.230820035751514e-05,-2.1778909885675963e-05,0.0003871301633327345,-0.0005232859805691753,0.0020397309731345035,-0.001773773628148274,0.001965603151082247,-0.000501785447478907,1.575065838549261,2.392126637804941,1.5180860496706106,-1.1614162295949166,-0.9236391599815941,1.0392371573601007,0.0,0.0,0.0,0.0,0.0,0.0,0.0,0.0,0.0,0.0,0.0,0.0,9.0,9.0,9.0,9.0,9.0,9.0,6.0,6.0,6.0,6.0,6.0,6.0,0.0005295650478149838,42.55314758343184,10.808497113990411,0.4274003215537486,-0.028694405654835275,-7.091789311353125e-08,2.140061861372615e-05
4.499999999999994,-0.1562751691608674,-0.569408046669096,0.1849633948862852,3.382340498660548e-05,1.4598177841423086e-05,2.0843731295961592e-05,-0.00015794222920843248,-4.616875260067206e-05,3.459616824013612e-05,0.0,0.0,0.0,-0.15627988561775613,-0.5694106539520268,0.18496407158082528,3.2702449023322023e-05,7.6070927195807655e-06,1.3755122530441163e-05,-0.00010052907139357359,-1.5228763070140872e-05,6.719015214740054e-05,0.0,0.0,0.0,0.7679202557408201,0.7414903170395576,2.227876131311251,0.7678379090796377,0.7413720372491028,2.227867293832059,3.8282238014938566e-05,-9.690653030462147e-05,-5.752754030776955e-05,1.5757938137447691,2.3891148902267356,1.5240718456179807,-1.176738188427716,-0.9183217802088509,1.0467552517673873,5.5265673235235755e-05,-1.6075079936054955e-06,7.545897609697917e-05,-6.656369861592254e-05,-3.7782709282521556e-05,-2.1879656626955508e-05,-0.0002280480775098201,0.00021366815935627373,-0.00028211130854158706,0.0002380577782970897,0.0004357647322498075,-3.0224022383863613e-06,1.575065838549261,2.392126637804941,1.5180860496706106,-1.1614162295949166,-0.9236391599815941,1.0392371573601007,0.0,0.0,0.0,0.0,0.0,0.0,0.0,0.0,0.0,0.0,0.0,0.0,9.0,9.0,9.0,9.0,9.0,9.0,6.0,6.0,6.0,6.0,6.0,6.0,-0.00041648268451455195,42.55334588790375,10.80765951718481,0.42732710866014706,-0.02869277808267201,3.770513679057785e-09,7.208606611022944e-06
4.533333333333327,-0.15627352072361744,-0.569407420351181,0.1849642932227259,4.42431210317563e-05,1.7392562540583667e-05,2.4914566781231058e-05,0.00031259524223637927,8.382619939040022e-05,0.00012212121136808844,0.0,0.0,0.0,-0.15627855229549836,-0.5694103227745378,0.18496464760080766,3.9240563669773357e-05,9.789627391332543e-06,1.6766487574093453e-05,0.00029655029191166804,9.360649067247095e-05,0.00014481372655206215,0.0,0.0,0.0,0.7679151723162538,0.7414917982851277,2.227882950743236,0.7678367062404479,0.7413725588358826,2.2278708961578055,3.872599470061259e-05,-9.434557381695962e-05,-6.073146266267306e-05,1.5757972021854625,2.3891144531829456,1.524076337142668,-1.1767412265605495,-0.9183175721052405,1.0467529468684555,8.619070494628615e-05,-9.276711792488813e-06,0.00011498348578127541,-8.295055621004442e-05,7.156783578248849e-05,-5.339119750824193e-05,0.0009277509513315115,-0.00023007611396649955,0.0011857352905288872,-0.0004916057278236565,0.003280516351950301,-0.0009453462264385928,1.575065838549261,2.392126637804941,1.5180860496706106,-1.1614162295949166,-0.9236391599815941,1.0392371573601007,0.0,0.0,0.0,0.0,0.0,0.0,0.0,0.0,0.0,0.0,0.0,0.0,9.0,9.0,9.0,9.0,9.0,9.0,6.0,6.0,6.0,6.0,6.0,6.0,0.0018076508067386143,42.55340122950077,10.808108919665132,0.42737127823995213,-0.028690340247924162,-4.9284380132519345e-08,2.8660788910543114e-05
4.56666666666666,-0.15627134096878698,-0.5694066020127958,0.1849654623583335,5.8342655347137585e-05,2.216451783262426e-05,3.1687426112949704e-05,0.00042299490281353443,0.00014314566446007337,0.00020317685481637755,0.0,0.0,0.0,-0.15627690433035984,-0.5694098721744313,0.18496538823637224,4.833393395261502e-05,1.3194103392492689e-05,2.146840816827721e-05,0.0004149122186154486,0.00015084737347415,0.00022350648648439275,0.0,0.0,0.0,0.7679071235503293,0.7414941361857902,2.2278935158130313,0.7678335833230565,0.7413736229122677,2.2278769686560977,3.9147363455471126e-05,-9.110362475366128e-05,-6.517388511162323e-05,1.575801861957542,2.3891137896333454,1.5240825157706264,-1.1767451911241458,-0.9183104489814619,1.0467495502461606,0.00012192567657341673,-1.636322926322126e-05,0.00016190038776304675,-0.00010694145732674073,0.00016631842083358878,-8.572951173798096e-05,0.0010720491488139172,-0.00021259552412197335,0.0014075070594531396,-0.0007197270335008894,0.0028425175515330086,-0.0009701494268921709,1.575065838549261,2.392126637804941,1.5180860496706106,-1.1614162295949166,-0.9236391599815941,1.0392371573601007,0.0,0.0,0.0,0.0,0.0,0.0,0.0,0.0,0.0,0.0,0.0,0.0,9.0,9.0,9.0,9.0,9.0,9.0,6.0,6.0,6.0,6.0,6.0,6.0,0.002101087285572234,42.553553030217905,10.808191146786424,0.4273794947332853,-0.02869277481547794,-4.569800893250431e-08,9.092069949983758e-07
4.599999999999993,-0.15626968658698795,-0.5694054650283016,0.18496722318800207,5.25350226276869e-05,3.0128133399484818e-05,4.5778849902993206e-05,-0.00017421591282943685,0.00023889703957153364,0.0004227345637465733,0.0,0.0,0.0,-0.15627535838042064,-0.5694092317989803,0.18496645391104427,4.703434116757854e-05,1.859757081077386e-05,3.0566412227218837e-05,-8.420218586335793e-05,0.00024440196376041,0.00043004095269782994,0.0,0.0,0.0,0.7679006052056039,0.7414960889661953,2.22790187092349,0.7678303510793973,0.7413747310409623,2.227883105080232,3.975742578344215e-05,-8.89561900319036e-05,-6.746562000236056e-05,1.575805447999338,2.389113857581838,1.5240891507645056,-1.1767505471069528,-0.9183046528750943,1.046746847070008,0.00011236272811009872,-4.0954399035547085e-06,0.00018666667350513468,-0.0001427668085790013,0.00017136160096101817,-8.264002696252316e-05,-0.00028688845389954025,0.00036803368078999657,0.0007429885722626381,-0.0010747605375678166,0.00015129540382288222,9.268454326373406e-05,1.575065838549261,2.392126637804941,1.5180860496706106,-1.1614162295949166,-0.9236391599815941,1.0392371573601007,0.0,0.0,0.0,0.0,0.0,0.0,0.0,0.0,0.0,0.0,0.0,0.0,9.0,9.0,9.0,9.0,9.0,9.0,6.0,6.0,6.0,6.0,6.0,6.0,-0.0005914693906223789,42.55415402432409,10.808206360961533,0.4273744124327132,-0.02869660719605127,3.2831076746120402e-09,1.9699237817506667e-05
4.633333333333327,-0.15626821027793686,-0.5694040425603668,0.18496944077710242,4.704024350838935e-05,3.848579186228108e-05,5.9609880032114934e-05,-0.00016461503649255082,0.00025039225066839896,0.00041484673664959925,0.0,0.0,0.0,-0.15627386762101764,-0.5694083893531964,0.18496784161416915,4.5402873225279144e-05,2.4614110358018786e-05,4.023638627533925e-05,-9.854064261061168e-05,0.00027092821719953974,0.00045220612547369754,0.0,0.0,0.0,0.767797303721227,0.7415372444596081,2.2279590929225805,0.7677851217433294,0.7413928050423544,2.2279107145310126,5.936471733143934e-05,-5.382315891490281e-05,-0.00010319225076096172,1.5758168185573231,2.3891223320657717,1.5240894315056142,-1.1766990833726556,-0.9182284650698486,1.0467025172304514,0.0002648654024065666,0.00016812453204309642,6.783704667074513e-05,0.0009816857497507618,0.0015808766385694572,-0.0009141434667870671,0.004575080228894037,0.005166599158399534,-0.0035648888050316867,0.0337335767498929,0.042285451128253174,-0.024945103194736317,1.575065838549261,2.392126637804941,1.5180860496706106,-1.1614162295949166,-0.9236391599815941,1.0392371573601007,0.0,0.0,0.0,0.0,0.0,0.0,0.0,0.0,0.0,0.0,0.0,0.0,9.0,9.0,9.0,9.0,9.0,9.0,6.0,6.0,6.0,6.0,6.0,6.0,0.010611863026505297,42.565327367242276,10.810113041312523,0.42782955747620416,-0.028600508921638124,-2.7187422346752754e-07,0.0044158580725404024
4.66666666666666,-0.1562649659530047,-0.5694028482391342,0.18497221588621554,8.056730992436178e-05,3.671259888606875e-05,7.537114257185014e-05,0.0010059219146517058,-5.3305569083653985e-05,0.0004727773398792742,0.0,0.0,0.0,-0.15627160771077464,-0.5694075521247861,0.18496961455989278,6.503051448537155e-05,2.5362062160463468e-05,5.1622249043435086e-05,0.0009146589504798186,1.7316768278874406e-05,0.0005286430830913069,0.0,0.0,0.0,0.7677496882527853,0.7415569060375238,2.2279883625937993,0.7677515694341972,0.741406561869107,2.227932758449452,6.427319994814804e-05,-4.5414999188118966e-05,-0.0001120255083545754,1.575826401655726,2.3891270232091637,1.5240940020743843,-1.1766810584901164,-0.9181948389582566,1.0466814881401016,0.0002799504355254615,0.00014986437851400612,0.00011402372429288876,0.0006877262340354172,0.0011994811113632306,-0.0007252962959251887,0.00045255099356684715,-0.000547804605872709,0.0013856003286643087,-0.008818785471460339,-0.0114418658161868,0.005665415125856352,1.575065838549261,2.392126637804941,1.5180860496706106,-1.1614162295949166,-0.9236391599815941,1.0392371573601007,0.0,0.0,0.0,0.0,0.0,0.0,0.0,0.0,0.0,0.0,0.0,0.0,9.0,9.0,9.0,9.0,9.0,9.0,6.0,6.0,6.0,6.0,6.0,6.0,0.0008659514040041394,42.55223999171549,10.807262224649074,0.4271629761547292,-0.02872769455168367,1.2709999630544644e-07,0.006895378398181624
4.699999999999993,-0.15626035481382705,-0.5694018207120541,0.1849749970065,0.00011908377830971385,3.277433819228492e-05,8.074263813128202e-05,0.001155816914022485,-0.00011871489146185464,0.00016089459578397984,0.0,0.0,0.0,-0.15626852385761017,-0.5694067447704823,0.1849715667274104,8.922472342865002e-05,2.46905660632168e-05,5.793422622116439e-05,0.001121479256511293,-5.006250070493934e-05,0.00028118904936835776,0.0,0.0,0.0,0.7676133771631752,0.7416124361732925,2.228065340987123,0.7676791139587269,0.7414361401210741,2.2279759664147436,8.564754944388972e-05,-6.942636127486445e-06,-0.00015259844173285005,1.5758457900451381,2.3891385000292273,1.5240931115368863,-1.176611563977147,-0.9180968335813734,1.0466221134785734,0.00048108460008430365,0.00027949119410650304,2.0197158141959065e-05,0.0016191323373960175,0.0023599345747841814,-0.0014292586625399917,0.006034024936765263,0.003888804467774908,-0.0028147969845278907,0.02794218310081801,0.034813603902628526,-0.021118870998444086,1.575065838549261,2.392126637804941,1.5180860496706106,-1.1614162295949166,-0.9236391599815941,1.0392371573601007,0.0,0.0,0.0,0.0,0.0,0.0,0.0,0.0,0.0,0.0,0.0,0.0,9.0,9.0,9.0,9.0,9.0,9.0,6.0,6.0,6.0,6.0,6.0,6.0,0.013475005699842946,42.56291483144232,10.80899003627772,0.42760192895137383,-0.028620956276316,-2.1255208815240678e-07,0.005870462384089237
4.733333333333326,-0.15625431498351888,-0.5694009991004172,0.18497756225840079,0.0001604929865553205,2.735166023883633e-05,7.821734963020912e-05,0.0012424264005132656,-0.00016297777132445878,-7.59730586461229e-05,0.0,0.0,0.0,-0.15626450393397168,-0.5694060051010005,0.18497355920880587,0.00011698790354108425,2.2831550610907805e-05,5.990072889534233e-05,0.0012785839343334438,-0.00010560820079064115,7.145855166390547e-05,0.0,0.0,0.0,0.7675428175428007,0.7416413612685316,2.228110626490205,0.7676224043461318,0.7414593842640781,2.2280124715982015,8.969325080593784e-05,1.4153500817838093e-06,-0.00016267384670008765,1.5758620960680558,2.389143819953945,1.5240977268833291,-1.1765817515504793,-0.9180474657105461,1.046590543725561,0.0004864819917142916,0.00019956222571628754,9.903931490130787e-05,0.001135959312488777,0.0017740022748077094,-0.001107814614429649,0.00016192174889963833,-0.002397869051706465,0.002365264702780464,-0.014495190747217215,-0.01757796899929416,0.009643321443310284,1.575065838549261,2.392126637804941,1.5180860496706106,-1.1614162295949166,-0.9236391599815941,1.0392371573601007,0.0,0.0,0.0,0.0,0.0,0.0,0.0,0.0,0.0,0.0,0.0,0.0,9.0,9.0,9.0,9.0,9.0,9.0,6.0,6.0,6.0,6.0,6.0,6.0,-0.00014922824592966677,42.54826607267897,10.806054758323329,0.42692986279865613,-0.028738620923710823,1.1539687050365899e-07,0.00644481204620522
4.7666666666666595,-0.1562483408735736,-0.5694005318374967,0.184979779036569,0.00017298613487504502,1.844603843010344e-05,7.040356520654847e-05,0.0003750643422550957,-0.00026784385648647054,-0.0002348183904351361,0.0,0.0,0.0,-0.15626011455701516,-0.5694054162240455,0.18497548752911408,0.0001306269144485635,1.864898528884624e-05,5.8521381253387256e-05,0.000592159715218088,-0.00021457078888076353,-8.815317205712603e-05,0.0,0.0,0.0,0.7673992311072786,0.7417005422133676,2.228189636835867,0.7675339319154738,0.7414958058339804,2.2280642811565663,0.00010917756165149613,3.445934491262013e-05,-0.00019617699082647653,1.5758841359598057,2.3891559490592154,1.5240941291492975,-1.176503888604242,-0.9179471953125408,1.0465267625842316,0.0006029584989048737,0.00030910284731204096,-3.8941575666436576e-05,0.0019359120289071667,0.002596742051708596,-0.0016448943647278042,0.003494295215717463,0.0032862186478726024,-0.0041394267170323336,0.02399858149255169,0.024682193307026604,-0.016112392508944657,1.575065838549261,2.392126637804941,1.5180860496706106,-1.1614162295949166,-0.9236391599815941,1.0392371573601007,0.0,0.0,0.0,0.0,0.0,0.0,0.0,0.0,0.0,0.0,0.0,0.0,9.0,9.0,9.0,9.0,9.0,9.0,6.0,6.0,6.0,6.0,6.0,6.0,0.008150401849586597,42.56007702038174,10.807449619957964,0.42732413957906873,-0.028634509949447384,-1.2678340655103426e-07,0.005324249447915245
4.799999999999993,-0.15624495332292657,-0.5694009035853116,0.1849805181107307,0.0001254231405529895,-1.3107795805408003e-06,3.824334133503056e-05,-0.001426741242741737,-0.0005932218041710834,-0.0009651685240677342,0.0,0.0,0.0,-0.1562565602488821,-0.5694052208216447,0.18497682018650835,0.00011103122850091822,7.850270306947916e-06,4.290794777597367e-05,-0.00099518240334584,-0.0005265322975827047,-0.0007639715158522797,0.0,0.0,0.0,0.76724062523991,0.7417661828648645,2.228270997404985,0.7674281689891629,0.7415394892395786,2.2281226557257927,0.0001292543731820734,6.602782662260546e-05,-0.0002257003081450581,1.575902880407349,2.3891700236786853,1.5240828754686626,-1.176408942150317,-0.9178359498195037,1.0464568762366975,0.0005758751171682924,0.000384526671840462,-0.0002380541379208737,0.0025442330881383177,0.0030904905446438764,-0.0019460250722601695,-0.0008125014520974388,0.0022627147358526317,-0.005973376867633114,0.018249631776934522,0.014812454788058404,-0.009033921225970958,1.575065838549261,2.392126637804941,1.5180860496706106,-1.1614162295949166,-0.9236391599815941,1.0392371573601007,0.0,0.0,0.0,0.0,0.0,0.0,0.0,0.0,0.0,0.0,0.0,0.0,9.0,9.0,9.0,9.0,9.0,9.0,6.0,6.0,6.0,6.0,6.0,6.0,-0.0009526155549686166,42.555461519435035,10.805534176800707,0.4270264447992391,-0.028639280570912362,-5.98760050429803e-08,0.00024782869666399967
4.833333333333326,-0.156252092666281,-0.5694047072718356,0.18497706967501967,-0.00010096532926500985,-7.653853447986005e-05,-5.6227483875270325e-05,-0.006792027908700507,-0.002256407942086645,-0.002834018952092141,0.0,0.0,0.0,-0.15625762549497646,-0.5694066194919702,0.1849762192359089,-1.1312178052891891e-05,-3.49599209885681e-05,-9.396399317842508e-06,-0.005871285845894025,-0.002043269016139604,-0.0025003865663415503,0.0,0.0,0.0,0.7670834814850334,0.7418329667588118,2.2283395408468696,0.7673135224760446,0.7415876227249223,2.228179836008045,0.00014901121156314583,9.094165612189071e-05,-0.00024374380140833595,1.5759037729521284,2.3891879566408556,1.5240492170204833,-1.1762932053846864,-0.9177186709070341,1.0463925942377048,0.00020980926797891357,0.00048683480069030573,-0.0007525203428900746,0.003162813008657758,0.0033757417642730457,-0.0019343150039398923,-0.010981975475681366,0.0030692438654953114,-0.015433986149076031,0.018557397615583206,0.008557536588875078,0.00035130204960831806,1.575065838549261,2.392126637804941,1.5180860496706106,-1.1614162295949166,-0.9236391599815941,1.0392371573601007,0.0,0.0,0.0,0.0,0.0,0.0,0.0,0.0,0.0,0.0,0.0,0.0,9.0,9.0,9.0,9.0,9.0,9.0,6.0,6.0,6.0,6.0,6.0,6.0,-0.021489564441129705,42.54947468754317,10.800964268706208,0.42648978416680344,-0.028600369469496734,9.032630299277145e-08,0.0002707734101489218
4.866666666666659,-0.1562747227306145,-0.5694125644804119,0.18496920329296362,-0.0004862599256481579,-0.0001826483745946894,-0.0001760769120000222,-0.011559724372584576,-0.0031825534998160473,-0.003594272683731429,0.0,0.0,0.0,-0.1562666527009213,-0.5694102578304171,0.18497313872574173,-0.00023526396929565184,-9.919611130572839e-05,-8.124274275988862e-05,-0.010635494655953703,-0.003038408760566824,-0.0034003365799999408,0.0,0.0,0.0,0.7669863997447302,0.7417564020422752,2.2283483374315822,0.7672175045788256,0.7415772685248009,2.2282132313559773,0.00012136683513723116,0.00011230531551948371,-0.00019433123452260536,1.5758692564287398,2.389206029725327,1.5239903131743155,-1.176205167947797,-0.917672108302486,1.0462880223308475,-0.0006203940451129811,0.000523739956321004,-0.0014289170376518632,0.0028150197406767966,0.002056499345716872,-0.002736209805128246,-0.024906099392756842,0.0011071546689209494,-0.020291900842853657,-0.010433798039428845,-0.03957727255668521,-0.024056844035650615,1.575065838549261,2.392126637804941,1.5180860496706106,-1.1614162295949166,-0.9236391599815941,1.0392371573601007,0.0,0.0,0.0,0.0,0.0,0.0,0.0,0.0,0.0,0.0,0.0,0.0,9.0,9.0,9.0,9.0,9.0,9.0,6.0,6.0,6.0,6.0,6.0,6.0,-0.05054985565444481,42.53810658894197,10.79633413162015,0.42567874269050676,-0.02866937852525986,-6.5840012201112685e-06,0.009371009025205265
4.899999999999992,-0.15630301417165604,-0.5694216526982911,0.18495944792140342,-0.0007279064434114679,-0.00024264616894620773,-0.0002538308434706008,-0.007250486232281497,-0.00179882394075568,-0.0023314996890925217,0.0,0.0,0.0,-0.15628079583216492,-0.5694152392514856,0.18496834697049572,-0.00040066537252061367,-0.0001434181058180338,-0.0001361082510984153,-0.007723445030894283,-0.0020503058228804605,-0.002552277669788605,0.0,0.0,0.0,0.7669103044843405,0.7416205409980728,2.228545101387389,0.7671317283912951,0.7415263812241343,2.228322233667547,3.143752298373933e-05,0.00013433204523266362,-0.0002335119315042727,1.5758390950475212,2.389180873031031,1.5240117632570498,-1.1763094015531124,-0.9175009465712101,1.0462390915224118,-0.0008100256394115358,-0.0003285539004760093,-4.730402453388379e-05,-0.0011463321927526909,0.004108734407424359,-0.0018906861037580151,-0.005688947828956641,-0.0255688157039104,0.04144839039353938,-0.11884055800288464,0.0615670518512246,0.02536571104110693,1.575065838549261,2.392126637804941,1.5180860496706106,-1.1614162295949166,-0.9236391599815941,1.0392371573601007,0.0,0.0,0.0,0.0,0.0,0.0,0.0,0.0,0.0,0.0,0.0,0.0,9.0,9.0,9.0,9.0,9.0,9.0,6.0,6.0,6.0,6.0,6.0,6.0,-0.020170266435756812,42.513425794934555,10.809461181707107,0.42618972027591273,-0.028477153598207572,-5.149257103598259e-06,0.02910173022720406
4.933333333333326,-0.15633296019770834,-0.5694308844625696,0.1849487042963442,-0.0008415338098411958,-0.0002655163593541499,-0.00029958863912238137,-0.0034105222630960975,-0.0006843205622361966,-0.0013704313189563703,0.0,0.0,0.0,-0.15629808682510224,-0.5694209814770597,0.18496229738988482,-0.0005064528245840325,-0.00016960465838412964,-0.0001767160315344415,-0.0047979437051965945,-0.001168827129685468,-0.0018446855191442957,0.0,0.0,0.0,0.7668551899883688,0.7414424577508183,2.228806045444336,0.7670565701369659,0.741441543352323,2.2284796082820146,-7.338857204584225e-05,0.00015185823179023677,-0.0002827049677798937,1.5758098423613882,2.3891367250843003,1.5240663504626821,-1.1764973825719713,-0.9172965332574187,1.0462081256439855,-0.0008550622691285828,-0.0009924769014415524,0.0010759761044675993,-0.004141731108096262,0.005457844411635231,-0.001249546269778143,-0.0013510988915114105,-0.019917690028966296,0.03369840387004449,-0.08986196746030714,0.04047330012632617,0.019234195019396164,1.575065838549261,2.392126637804941,1.5180860496706106,-1.1614162295949166,-0.9236391599815941,1.0392371573601007,0.0,0.0,0.0,0.0,0.0,0.0,0.0,0.0,0.0,0.0,0.0,0.0,9.0,9.0,9.0,9.0,9.0,9.0,6.0,6.0,6.0,6.0,6.0,6.0,-0.009308997767761173,42.52374591690704,10.809870041963357,0.4265495245177609,-0.02857379587455311,-3.624768175503057e-06,0.0015561283196635458
4.966666666666659,-0.15636436805481596,-0.5694403067979293,0.1849373309339414,-0.0009086354267628363,-0.00027694864370334226,-0.00032751260705179215,-0.002015192169885506,-0.00034068197142710923,-0.0008344616850458022,0.0,0.0,0.0,-0.156317998721465,-0.5694273533715515,0.18495523408416226,-0.0005897388540523955,-0.0001897168910967109,-0.0002088859912938693,-0.0036749882016917645,-0.000867459099971768,-0.0014230299858812856,0.0,0.0,0.0,0.7668166397756433,0.7412368529894444,2.229109731557188,0.7669911417221186,0.7413291290586502,2.2286759937863585,-0.00018197798237262462,0.00016450506190855886,-0.00033510417341684585,1.5757805590061,2.389079803776547,1.5241432143953515,-1.176743469492773,-0.9170699754903647,1.0461920052431293,-0.0008706878621396743,-0.0014692517888798078,0.001895937354878357,-0.006302315452066816,0.006350436811624361,-0.0007389234403815216,-0.00046876779033274676,-0.014303246623147664,0.02459883751232273,-0.06481753031911662,0.026777771999673888,0.015318684881898643,1.575065838549261,2.392126637804941,1.5180860496706106,-1.1614162295949166,-0.9236391599815941,1.0392371573601007,0.0,0.0,0.0,0.0,0.0,0.0,0.0,0.0,0.0,0.0,0.0,0.0,9.0,9.0,9.0,9.0,9.0,9.0,6.0,6.0,6.0,6.0,6.0,6.0,-0.005645370788439852,42.53157098723175,10.809409570001453,0.42688164345194585,-0.028637427479491606,-2.377391086993974e-06,0.0005702844595898001
4.999999999999992,-0.15639879038540166,-0.5694514210866436,0.18492337834319744,-0.000991278877380812,-0.0003146143551043651,-0.0003883719412384913,-0.0024823582154989824,-0.001127152605995539,-0.0018197927671841916,0.0,0.0,0.0,-0.15634101036073084,-0.5694349377110215,0.18494638274517536,-0.0006820394762197917,-0.0002239859469659293,-0.00025980900176042303,-0.004066109624140779,-0.0015326109264020005,-0.0023006574162454108,0.0,0.0,0.0,0.7666920969476037,0.7410693094869337,2.2294110018378497,0.766891912636358,0.7412181178380671,2.228890998906905,-0.00024339607988253846,0.00020260116544812607,-0.00038543015613547453,1.5757499035779339,2.3890387906042387,1.524186452108376,-1.1768906517505275,-0.9168090565348606,1.0461266348948488,-0.0009033378507005117,-0.001310014042457686,0.0014967333787860295,-0.0050444169724486905,0.007335191380623573,-0.0015537147790708342,-0.0009794996568251236,0.004777132392663657,-0.011976119282769829,0.03773695438854374,0.029542637069976375,-0.024443740160679378,1.575065838549261,2.392126637804941,1.5180860496706106,-1.1614162295949166,-0.9236391599815941,1.0392371573601007,0.0,0.0,0.0,0.0,0.0,0.0,0.0,0.0,0.0,0.0,0.0,0.0,9.0,9.0,9.0,9.0,9.0,9.0,6.0,6.0,6.0,6.0,6.0,6.0,-0.0004889240924268456,42.55683675768318,10.80523274265958,0.4274781980492884,-0.02864350564017526,-8.205259682814159e-07,0.005974616088770186
5.033333333333325,-0.15644533781702286,-0.5694672441095865,0.1848975423923292,-0.0012612096717659212,-0.00042146597721274865,-0.0006463598530751323,-0.008104794063618788,-0.0032005040212729737,-0.007727513023445498,0.0,0.0,0.0,-0.15637114836107993,-0.5694451793822198,0.18493152856151007,-0.000879734166954982,-0.0002976948226667914,-0.0004224459739114594,-0.00903951841854811,-0.0033931090479288883,-0.007591651908722685,0.0,0.0,0.0,0.766320752034666,0.7408950577960434,2.2299210395174964,0.7666777876814818,0.741097165064896,2.2292104665694668,-0.0003046934526727302,0.0003369001460826487,-0.000527876440208034,1.5757245216162523,2.388989109373866,1.5242272678051423,-1.1769612189463527,-0.9163161351731309,1.045933734942201,-0.0008087518505291723,-0.0014302959549351078,0.0013152250615865375,-0.00309281624065388,0.012303491028134435,-0.004375903979310052,0.0028375800051401827,-0.0036084573743226564,-0.005445249515984763,0.058548021953844315,0.14904898942532585,-0.08466567600717653,1.575065838549261,2.392126637804941,1.5180860496706106,-1.1614162295949166,-0.9236391599815941,1.0392371573601007,0.0,0.0,0.0,0.0,0.0,0.0,0.0,0.0,0.0,0.0,0.0,0.0,9.0,9.0,9.0,9.0,9.0,9.0,6.0,6.0,6.0,6.0,6.0,6.0,0.0045856257373753095,42.54111900907265,10.804741184889298,0.42798526128971864,-0.028322668400805995,-7.094364774196116e-06,0.029435510597274516
5.066666666666658,-0.15650307077044975,-0.5694833467346829,0.18485638416700081,-0.0015744587981324069,-0.00046330402400688556,-0.0010387851150876377,-0.009414796071518355,-0.001247198376638174,-0.011744238344057703,0.0,0.0,0.0,-0.1564092048962672,-0.569456620506077,0.18490791240991825,-0.001113495363106097,-0.0003395544332401042,-0.0006729365246848962,-0.010655752887081427,-0.0018395713031491567,-0.011684889192869363,0.0,0.0,0.0,0.7653842244080787,0.7407789392507339,2.2307609020326886,0.7661848516780436,0.7409931638011664,2.229710083758269,-0.00031323840207675657,0.0006674404791556724,-0.0008189146191393149,1.575727340362538,2.3889497782889513,1.5242430321327691,-1.1767461391400267,-0.9154058600572549,1.0454241180633939,-0.00021320902446214575,-0.0012633870166085526,0.0007536949063976866,0.003270657379634221,0.022306665993566066,-0.011650972235917363,0.017866284782010796,0.005007268149796658,-0.016845904655665527,0.19090420860864304,0.300095248962949,-0.21825204769821932,1.575065838549261,2.392126637804941,1.5180860496706106,-1.1614162295949166,-0.9236391599815941,1.0392371573601007,0.0,0.0,0.0,0.0,0.0,0.0,0.0,0.0,0.0,0.0,0.0,0.0,9.0,9.0,9.0,9.0,9.0,9.0,6.0,6.0,6.0,6.0,6.0,6.0,0.037275232603024566,42.56179687906098,10.809836045920672,0.4298254386400493,-0.027994607312388897,-1.3698945876994273e-05,0.059171066317248
5.099999999999992,-0.15657379628167695,-0.5694991535972179,0.18480270327056844,-0.0019382648608589849,-0.0004720502488367983,-0.0014200774381496882,-0.01095319451831515,-0.0002384712288425279,-0.01138814121823726,0.0,0.0,0.0,-0.15645658045762767,-0.569468752414563,0.18487552184540687,-0.0013887440069543526,-0.00036352670202937363,-0.0009367155071599926,-0.012512758754875897,-0.0009696364368476651,-0.012183106361212559,0.0,0.0,0.0,0.7641328857722962,0.7405846334246431,2.2317838509659937,0.7654643254048509,0.7408552872762534,2.2303561838626274,-0.00033509066352267004,0.0010754219237068025,-0.0011235743105774383,1.5757319559095406,2.38890684441813,1.5242469276534387,-1.1763927635409137,-0.9142800162717543,1.0446799013216377,2.1241265233025994e-05,-0.0012798064219621892,0.00032914204885894915,0.008157731108804356,0.029952431041202404,-0.018767992247096747,0.0070335086908551525,-0.0004925821606090992,-0.012736585726162123,0.14661221187510404,0.2293729514290901,-0.2135106003353815,1.575065838549261,2.392126637804941,1.5180860496706106,-1.1614162295949166,-0.9236391599815941,1.0392371573601007,0.0,0.0,0.0,0.0,0.0,0.0,0.0,0.0,0.0,0.0,0.0,0.0,9.0,9.0,9.0,9.0,9.0,9.0,6.0,6.0,6.0,6.0,6.0,6.0,0.013432562077080323,42.54601217439611,10.807419424301472,0.42908165741880894,-0.028175952439466467,-1.717120485444923e-05,0.012683902150385392
5.133333333333325,-0.15666566671650609,-0.5695165857161928,0.1847357441258356,-0.0024820785180315395,-0.0005081599839712628,-0.0018127591087582855,-0.016380632297999926,-0.0010379849216397138,-0.011700678364222724,0.0,0.0,0.0,-0.15651749589940145,-0.5694822163955472,0.18483351563069617,-0.0017791740827286708,-0.0004014145912678243,-0.001224133048423785,-0.01785676062232211,-0.001623747750757687,-0.013170625469229869,0.0,0.0,0.0,0.7625580613766266,0.740412363701772,2.232813937651635,0.7645060400524556,0.7407147124407556,2.231074966127102,-0.0002871959775518371,0.0015355850377145193,-0.0013835246255075235,1.57571374618381,2.3889048539562223,1.524147654777571,-1.1757135693355225,-0.9130277381692639,1.0436934375865572,-0.0003571140928683954,-0.0004664113788134383,-0.0018757435010669189,0.01630312781075751,0.035029705730207576,-0.025985272117309978,-0.011350660743042642,0.02440185129446253,-0.06614656649777605,0.24436190105859465,0.15231824067015515,-0.2165183961063969,1.575065838549261,2.392126637804941,1.5180860496706106,-1.1614162295949166,-0.9236391599815941,1.0392371573601007,0.0,0.0,0.0,0.0,0.0,0.0,0.0,0.0,0.0,0.0,0.0,0.0,9.0,9.0,9.0,9.0,9.0,9.0,6.0,6.0,6.0,6.0,6.0,6.0,-0.016279961032888313,42.571095240409115,10.798013269807816,0.42844799122475086,-0.028332604186005472,-1.271222426035834e-05,0.013967414530370119
5.166666666666658,-0.15678176601101482,-0.5695408064110591,0.1846588488172922,-0.003147597107161854,-0.0006565957084668315,-0.0021425335617186307,-0.020062471523476802,-0.0043841189802095075,-0.009771728592852693,0.0,0.0,0.0,-0.1565948481816054,-0.5694993598905195,0.1847827492390595,-0.002261472207868173,-0.0005020359433311922,-0.001492864314637445,-0.022030672947747743,-0.0045932209411017055,-0.012135185703748164,0.0,0.0,0.0,0.7606897582594215,0.7401871682383474,2.233882756638237,0.7633111443265098,0.7405451526248877,2.2318633568667843,-0.00022205127040589653,0.002043348054810581,-0.0016078607235875033,1.575667385727748,2.3889447766886427,1.523950068268183,-1.174778194394718,-0.9116474474640268,1.0424604432692526,-0.0010462471521978428,0.00064298418880374,-0.004576978021448929,0.024141874753007192,0.03928238268147805,-0.03332164371852636,-0.020673991779883424,0.03328186702851535,-0.0810370356114603,0.23516240826749038,0.12758030853811428,-0.2200911480364916,1.575065838549261,2.392126637804941,1.5180860496706106,-1.1614162295949166,-0.9236391599815941,1.0392371573601007,0.0,0.0,0.0,0.0,0.0,0.0,0.0,0.0,0.0,0.0,0.0,0.0,9.0,9.0,9.0,9.0,9.0,9.0,6.0,6.0,6.0,6.0,6.0,6.0,-0.03255055679560481,42.580999548655015,10.795054711512067,0.4272033266770238,-0.028356559127521663,-1.473909177285293e-05,0.00328385065899557
5.199999999999991,-0.15691545763085707,-0.5695691510780422,0.18457560476501123,-0.003720809378686185,-0.0007894896875245928,-0.0023797117369117595,-0.017324512621676755,-0.0038972184442207986,-0.006944126168971592,0.0,0.0,0.0,-0.1566872655099187,-0.569519728860024,0.18472467274975624,-0.002721812724908953,-0.0006002063017723952,-0.0017212648330150442,-0.02074265143136822,-0.004425954205039773,-0.010085073307852355,0.0,0.0,0.0,0.7584451502948844,0.739926388727879,2.2350434805334354,0.7618356141951157,0.7403479991903138,2.2327405179705804,-0.00013248848682195834,0.002622192584509786,-0.0018332863531499621,1.5756107634930423,2.3890306274518887,1.523665923665891,-1.1735586327322383,-0.910084521686203,1.0409336663938074,-0.0014811937448451734,0.0019313433278494575,-0.00720855138632429,0.03243852483392985,0.044352643116968266,-0.04164275208174899,-0.013048397779419917,0.03865077417137153,-0.07894720094626083,0.2488995024276799,0.1521078130647063,-0.24963325089667868,1.575065838549261,2.392126637804941,1.5180860496706106,-1.1614162295949166,-0.9236391599815941,1.0392371573601007,0.0,0.0,0.0,0.0,0.0,0.0,0.0,0.0,0.0,0.0,0.0,0.0,9.0,9.0,9.0,9.0,9.0,9.0,6.0,6.0,6.0,6.0,6.0,6.0,-0.015632940809230167,42.59933937290822,10.800581276078608,0.42681399519540614,-0.028328581298156408,-1.6550656728009372e-05,0.013868380853280338
5.2333333333333245,-0.15705727959557536,-0.5695990812138049,0.18449122696089734,-0.00407245186121763,-0.0008696785223946653,-0.00248226277835975,-0.010713481445897288,-0.002303772914108013,-0.002830612315704686,0.0,0.0,0.0,-0.15679100689585596,-0.5695422785284383,0.18466178111870196,-0.0030820690364818937,-0.00067098027794135,-0.001879128687284915,-0.015757250042029103,-0.003074687825435518,-0.006624645331979817,0.0,0.0,0.0,0.7550990851049035,0.7398050199050208,2.2366836562060013,0.7597476238268568,0.7401976417069912,2.233877209909153,7.397168675829448e-05,0.0035270259100271427,-0.0022940179114891916,1.575617361714593,2.3892169951360107,1.5232673409500588,-1.1716714042809564,-0.9078400757218453,1.038728205078361,-0.00036176681727081257,0.004371134791725498,-0.010374504778751781,0.048557410636945894,0.059673133659475,-0.057990143669507555,0.033582807827230825,0.07319374391628121,-0.09497860177282472,0.48356657409048115,0.459614716275202,-0.4904217476327571,1.575065838549261,2.392126637804941,1.5180860496706106,-1.1614162295949166,-0.9236391599815941,1.0392371573601007,0.0,0.0,0.0,0.0,0.0,0.0,0.0,0.0,0.0,0.0,0.0,0.0,9.0,9.0,9.0,9.0,9.0,9.0,6.0,6.0,6.0,6.0,6.0,6.0,0.08852377873875694,42.69497056075311,10.82290280570225,0.4294351899417969,-0.02768033491373645,-2.5849293502466786e-05,0.3171166932610541
5.266666666666658,-0.15720001154290522,-0.5696305208200286,0.18440752546401526,-0.004205412737389455,-0.0009326891790811397,-0.0025054096740022964,-0.004210431453226275,-0.0017435405859862092,-0.0003984869593162575,0.0,0.0,0.0,-0.1569022548752911,-0.5695667633564689,0.1845955934614772,-0.0033287015553083756,-0.0007313225776990146,-0.001987219393857095,-0.01019133737444955,-0.0025477013214558752,-0.004195468400952418,0.0,0.0,0.0,0.7506228865151947,0.7400017261164518,2.2384996854133994,0.7569303511022442,0.7401912130558963,2.2351933485744953,0.000510619542243183,0.0046635463737613025,-0.0028332192409316038,1.5756788361167147,2.389578443452164,1.5226137094582353,-1.1687796799523469,-0.9050953282557206,1.035800546294468,0.001108899103343699,0.008686011253645737,-0.016530798096053876,0.07402029011783527,0.074785993875655,-0.07788322356769903,0.04411997761843535,0.1294462938576072,-0.18468879951906284,0.7638863844266812,0.4533858064854003,-0.5967923969457443,1.575065838549261,2.392126637804941,1.5180860496706106,-1.1614162295949166,-0.9236391599815941,1.0392371573601007,0.0,0.0,0.0,0.0,0.0,0.0,0.0,0.0,0.0,0.0,0.0,0.0,9.0,9.0,9.0,9.0,9.0,9.0,6.0,6.0,6.0,6.0,6.0,6.0,0.12794686243379427,42.793046189537066,10.819402294432884,0.4289941255193945,-0.027716964544541423,-1.916667520007742e-05,0.07452884746705618
5.299999999999991,-0.15733634569148955,-0.5696614719577902,0.1843275964881725,-0.004119399583988252,-0.0009497338592095355,-0.0024398555861874695,0.0023159540914170925,-0.0003033904447657745,0.0023232952545813148,0.0,0.0,0.0,-0.15701672146481382,-0.5695922658866323,0.18452803879326146,-0.003447577837524761,-0.0007663881966491344,-0.002038041860279013,-0.004022309552874859,-0.0013212056749036805,-0.0014397402327785969,0.0,0.0,0.0,0.7455044923001701,0.7403712903699798,2.240552043931374,0.7535231232328181,0.7403006799369889,2.2367097198747197,0.000979837506476598,0.0058182106833446065,-0.0034331596922906374,1.5757929431610935,2.39001428841882,1.521880573225891,-1.1654358883194331,-0.9019800665283985,1.032494511215926,0.002651773922027637,0.011612236417668117,-0.020172990678900313,0.09154926269755426,0.08723389917166137,-0.09208177609340445,0.046286244560518136,0.0877867549206714,-0.10926577748539305,0.5258691773915697,0.37343715888019086,-0.4259565757711627,1.575065838549261,2.392126637804941,1.5180860496706106,-1.1614162295949166,-0.9236391599815941,1.0392371573601007,0.0,0.0,0.0,0.0,0.0,0.0,0.0,0.0,0.0,0.0,0.0,0.0,9.0,9.0,9.0,9.0,9.0,9.0,6.0,6.0,6.0,6.0,6.0,6.0,0.11981073295694289,42.74184004704591,10.825030216366907,0.4247905891551999,-0.02788217651166791,-1.2750036061159875e-05,0.02917253998914235
5.333333333333324,-0.1574664242953539,-0.5696915334279326,0.1842517109249976,-0.003964110583099539,-0.0009415128310643938,-0.0023387838772643446,0.004366029900239402,0.0005074400282760207,0.003415718769584427,0.0,0.0,0.0,-0.15713289049715656,-0.5696183787122296,0.1844599997953674,-0.0035082882333764727,-0.0007871654688416752,-0.0020575479118740856,-0.0012398338627805927,-0.0006326402406902076,4.771419004834243e-05,0.0,0.0,0.0,0.7400506666913393,0.740845982681145,2.2426872982045247,0.749663838829141,0.7405010727059503,2.238369267391436,0.001443426106494594,0.006881344284091424,-0.003990875257927847,1.5759355712772931,2.390500682391222,1.5210907008745127,-1.1618128979467162,-0.8987023181046434,1.0289744167903674,0.0037364869646700377,0.01359862492060167,-0.02252177725386537,0.10297622835352085,0.09463293486565517,-0.10109581387563975,0.03254139127927202,0.05959165508800658,-0.07046359724895171,0.34280896967899777,0.22197107081981404,-0.27042113346705887,1.575065838549261,2.392126637804941,1.5180860496706106,-1.1614162295949166,-0.9236391599815941,1.0392371573601007,0.0,0.0,0.0,0.0,0.0,0.0,0.0,0.0,0.0,0.0,0.0,0.0,9.0,9.0,9.0,9.0,9.0,9.0,6.0,6.0,6.0,6.0,6.0,6.0,0.08369047144385444,42.70053955852128,10.820991668137108,0.4195310026884949,-0.028154212362672126,-6.514479652053318e-06,0.02587643113475912
5.366666666666657,-0.15757876616630317,-0.5697179218131225,0.18418282219481036,-0.0035566254907503634,-0.000868167974512191,-0.0021664268267531737,0.011931958545742787,0.0024702248630403363,0.005535247134597292,0.0,0.0,0.0,-0.15724479051054766,-0.5696437076660461,0.18439331419260824,-0.0034060238523998597,-0.0007697849226657835,-0.0020249148004324174,0.006496553821516482,0.0011833831464063138,0.0025083865691142293,0.0,0.0,0.0,0.7343632390612735,0.7414267521431883,2.2448831911067053,0.7454242997529967,0.7407909095348708,2.240150846665519,0.0018937919765407273,0.00783068912725185,-0.004505730239538183,1.576120034043788,2.39102223912264,1.5202777996238506,-1.1579934794176114,-0.8953218392345693,1.025308838130693,0.0049347509847913335,0.01496400960188645,-0.02376528409786189,0.11071378003326858,0.09915388902336753,-0.1070101778187052,0.03594792060363889,0.04096154043854343,-0.03730520531989558,0.23212655039243169,0.13562862473137072,-0.17743091829196336,1.575065838549261,2.392126637804941,1.5180860496706106,-1.1614162295949166,-0.9236391599815941,1.0392371573601007,0.0,0.0,0.0,0.0,0.0,0.0,0.0,0.0,0.0,0.0,0.0,0.0,9.0,9.0,9.0,9.0,9.0,9.0,6.0,6.0,6.0,6.0,6.0,6.0,0.08554100289484845,42.686559537523436,10.82200032247657,0.4149982622572773,-0.028307588423897023,-1.75159766435673e-06,0.016801801375801523
5.399999999999991,-0.15767105180032134,-0.5697434378832908,0.18412020391767486,-0.0030196060299023508,-0.000827003713151849,-0.001984268444564375,0.015826850745610712,0.0014971311805974672,0.005779484859276141,0.0,0.0,0.0,-0.15734915786148532,-0.5696690052084938,0.18432846985817392,-0.003195267647081354,-0.0007662008343029297,-0.0019719583118170216,0.011548838987961219,0.0005056020380642678,0.003426291321727337,0.0,0.0,0.0,0.728667536562624,0.7420576543429656,2.2470388813665694,0.7409232815499823,0.7411476338828945,2.2420032180028864,0.002298911684324892,0.008599968204021216,-0.004918219177435699,1.5763334956551756,2.3915616182601,1.519454104534046,-1.1541109607706679,-0.8919877618234718,1.0216199652139457,0.005914149222681631,0.015775585949822413,-0.0243956631620443,0.11455496628329338,0.09973284456307308,-0.10944751760784789,0.029381947136708903,0.024347290438078893,-0.018911371925472275,0.11523558750074421,0.017368666191166594,-0.07312019367428092,1.575065838549261,2.392126637804941,1.5180860496706106,-1.1614162295949166,-0.9236391599815941,1.0392371573601007,0.0,0.0,0.0,0.0,0.0,0.0,0.0,0.0,0.0,0.0,0.0,0.0,9.0,9.0,9.0,9.0,9.0,9.0,6.0,6.0,6.0,6.0,6.0,6.0,0.06819397753518963,42.66639445141892,10.815281340315726,0.4093977437135896,-0.02847105367573821,2.4336143293890444e-06,0.018047948842611142
5.433333333333324,-0.15773601905403847,-0.5697715529898535,0.1840641657301601,-0.0022947356180783507,-0.000864575409946609,-0.0017922054374415507,0.021478352883999595,-0.0009021545177694441,0.005992480008941321,0.0,0.0,0.0,-0.15744097288371034,-0.569695800901036,0.18426610662684414,-0.0028387522101544784,-0.0008042083391949122,-0.0018994798706905985,0.018316666960415784,-0.0014863099896746945,0.0042961487637533935,0.0,0.0,0.0,0.7230766579893072,0.7427221380420773,2.2491206393420002,0.7362480457904286,0.7415597509930913,2.2438942759121803,0.00264887549439993,0.009172832520723297,-0.005222937995972388,1.5765810055584468,2.3921100476660366,1.5186281134548203,-1.1502410700424315,-0.8887688388909556,1.0179783492007393,0.006921581139652358,0.01622711676867694,-0.024651709305192088,0.11558280332582838,0.09762274017134755,-0.1093148261334132,0.030222957509121823,0.01354592456563584,-0.007681384294433646,0.030835111276049664,-0.06330313175176594,0.00398074423304063,1.575065838549261,2.392126637804941,1.5180860496706106,-1.1614162295949166,-0.9236391599815941,1.0392371573601007,0.0,0.0,0.0,0.0,0.0,0.0,0.0,0.0,0.0,0.0,0.0,0.0,9.0,9.0,9.0,9.0,9.0,9.0,6.0,6.0,6.0,6.0,6.0,6.0,0.06804551970373351,42.658949625317874,10.808833178510724,0.4039398461185461,-0.02853970557361718,5.744837624166443e-06,0.02157918341327579
5.466666666666657,-0.157767216737553,-0.5698032114311821,0.18401180907194412,-0.0013786819929532124,-0.0009461436245291732,-0.0016545086030327052,0.02722707745862515,-0.002277520665423265,0.004251441201124885,0.0,0.0,0.0,-0.1575150590580256,-0.5697248954287004,0.18420545548666786,-0.002326934257843045,-0.0008690805299231638,-0.001844019404735059,0.025461583820601597,-0.0027535188698664115,0.0034181329360185586,0.0,0.0,0.0,0.7176891083809879,0.7433969644355366,2.251093744917874,0.7314790793812459,0.742013652536001,2.2457930299059834,0.0029345606811987035,0.009540064851234686,-0.005410652475337084,1.5768665925104917,2.39265178554233,1.5178125201062316,-1.1464466820111576,-0.8857311040186846,1.014439596019188,0.008018932754115006,0.016243796448763302,-0.0245291034068403,0.11441536173408769,0.09329561083586843,-0.10721333900882511,0.03292054843387942,0.0005003904025908308,0.0036781769505536146,-0.03502324775222086,-0.12981388006437358,0.06304461373764253,1.575065838549261,2.392126637804941,1.5180860496706106,-1.1614162295949166,-0.9236391599815941,1.0392371573601007,0.0,0.0,0.0,0.0,0.0,0.0,0.0,0.0,0.0,0.0,0.0,0.0,9.0,9.0,9.0,9.0,9.0,9.0,6.0,6.0,6.0,6.0,6.0,6.0,0.07107398962689526,42.64751521317979,10.801931124492912,0.39870043155938173,-0.028571667075274032,7.997631954470563e-06,0.021587722366897037
5.49999999999999,-0.157774796737482,-0.569836320571397,0.18396025820225617,-0.0006021345158994211,-0.0009998158703837827,-0.0015919505269595513,0.0230561379320456,-0.001487118146525432,0.0019094626843710889,0.0,0.0,0.0,-0.15757314041162848,-0.569755706975206,0.18414533339446618,-0.0018368072020289036,-0.0009228876997674717,-0.0018216970122455715,0.024104418991153675,-0.002201028901408719,0.0017848674511946605,0.0,0.0,0.0,0.7126368622711586,0.7441539859043653,2.2529265125593563,0.7267126129353401,0.7425355005078563,2.2476692323289016,0.0031727830761854735,0.009662126420272817,-0.005496710304374626,1.5771698220876713,2.393166312068233,1.517031270656988,-1.1428154378123447,-0.8828992125429534,1.0111571563810042,0.00873756912829571,0.01570512933431617,-0.023801356787152134,0.1107633378876214,0.0877363664599109,-0.10138657243328598,0.02155909122542113,-0.016160013433413983,0.021832398590645043,-0.10956071539398883,-0.166777331278726,0.17480299726617396,1.575065838549261,2.392126637804941,1.5180860496706106,-1.1614162295949166,-0.9236391599815941,1.0392371573601007,0.0,0.0,0.0,0.0,0.0,0.0,0.0,0.0,0.0,0.0,0.0,0.0,9.0,9.0,9.0,9.0,9.0,9.0,6.0,6.0,6.0,6.0,6.0,6.0,0.042662682330195434,42.62815201605002,10.797803787809471,0.39386253081430234,-0.028485801936304345,1.6132250782785462e-05,0.01906041589699233
5.5333333333333234,-0.15776852273550582,-0.5698708514692427,0.1838956770590866,-6.500571180138685e-05,-0.0010443076284368247,-0.001824143024792262,0.015886457818904697,-0.0012562901208424784,-0.006981784385981706,0.0,0.0,0.0,-0.1576186381522207,-0.5697881364467289,0.18407953389411388,-0.0014385045159590046,-0.0009724798977738589,-0.001964738876588195,0.01943270420228682,-0.001981586798562418,-0.0061197582134946416,0.0,0.0,0.0,0.7086020094011855,0.7449036042076342,2.255569848784324,0.722289681366911,0.7430955439545556,2.249914584615049,0.0029876073298827893,0.009315429334067343,-0.005930727892527073,1.577531601611616,2.3933100790420507,1.5168848152903676,-1.140840387698868,-0.879753838874342,1.0090342866758246,0.01014811352165692,0.008110382587793386,-0.010862892928126082,0.07642211489874173,0.09215292885886503,-0.076252918248022,0.04231633180083631,-0.2278424023956835,0.38815391577078157,-1.03023668966639,0.13249687196862414,0.7540096255579197,1.575065838549261,2.392126637804941,1.5180860496706106,-1.1614162295949166,-0.9236391599815941,1.0392371573601007,0.0,0.0,0.0,0.0,0.0,0.0,0.0,0.0,0.0,0.0,0.0,0.0,9.0,9.0,9.0,9.0,9.0,9.0,6.0,6.0,6.0,6.0,6.0,6.0,0.01828251046378293,42.331850384270425,10.830165810868234,0.38764765670207607,-0.02759236541896959,2.903521316244273e-05,0.6564057986455709
5.566666666666657,-0.15776233505226928,-0.5699050899666946,0.18380269326848125,0.00011737503635068924,-0.0010504862217632673,-0.0024722508096791124,0.005277215387226629,-0.00013831159837137297,-0.019868453002561036,0.0,0.0,0.0,-0.15765779194672092,-0.5698214508799267,0.18400005100561836,-0.0012152547586767092,-0.0010024916623322284,-0.002339236145126179,0.01086224656320356,-0.0010339776701471237,-0.017074631293116482,0.0,0.0,0.0,0.70626900823038,0.7455174739919836,2.2600733817540593,0.7186284308443442,0.7436331746784315,2.2530828709733615,0.002051400247214836,0.008329425228252352,-0.007106145881792728,1.577992756706438,2.392710673937655,1.5180266817197852,-1.1421269218787762,-0.8757049641562789,1.0090067888090366,0.012605806403657636,-0.009284641225313018,0.01921636427897888,-0.00025664529858304697,0.11169513731421793,-0.025967596751765222,0.07373078646002151,-0.5218507143931921,0.9023777162131489,-2.3003628059197436,0.5862662536605872,1.5085596448877032,1.575065838549261,2.392126637804941,1.5180860496706106,-1.1614162295949166,-0.9236391599815941,1.0392371573601007,0.0,0.0,0.0,0.0,0.0,0.0,0.0,0.0,0.0,0.0,0.0,0.0,9.0,9.0,9.0,9.0,9.0,9.0,6.0,6.0,6.0,6.0,6.0,6.0,-0.010876719182114858,41.90778271419984,10.878374883041948,0.3827854945658132,-0.026431473798319338,4.0971090179531267e-05,1.2480393732972401
5.59999999999999,-0.1577628767945299,-0.5699360021060205,0.18368004918983014,4.8658029379321927e-05,-0.00097997956057204,-0.0033087419478894492,-0.0022302776660176825,0.0020979506774948843,-0.025712044301647353,0.0,0.0,0.0,-0.15769486311829178,-0.5698541881315332,0.18390376102145256,-0.0011282176738854495,-0.0009918005728685316,-0.0028287310298786704,0.004246709216948474,0.000907147377485984,-0.02235892692888486,0.0,0.0,0.0,0.7053000061187362,0.7460928929971096,2.2658347256236433,0.7157511036544816,0.7441677850413841,2.257102976468486,0.0007492530104328231,0.006934987842162575,-0.008602852337611787,1.5785045243165077,2.3915501067114,1.5201131095884048,-1.1458338457835588,-0.8710789126598822,1.0106444497873843,0.014437287669281701,-0.026306224933544804,0.0481340121320558,-0.07422402652851641,0.12975274236600504,0.024097353983035794,0.05494443796872195,-0.5106475112469536,0.8675294355923076,-2.219021436898001,0.541728151553613,1.5019485220440305,1.575065838549261,2.392126637804941,1.5180860496706106,-1.1614162295949166,-0.9236391599815941,1.0392371573601007,0.0,0.0,0.0,0.0,0.0,0.0,0.0,0.0,0.0,0.0,0.0,0.0,9.0,9.0,9.0,9.0,9.0,9.0,6.0,6.0,6.0,6.0,6.0,6.0,-0.04704937579304547,41.89017526313411,10.866979489994865,0.38402381264386143,-0.026681300796446372,4.295411316213027e-05,0.02243221463681394
5.633333333333323,-0.15779126848201305,-0.569956693556344,0.1835003706013332,-0.0005277642164429556,-0.0007438053545526808,-0.004764382274187401,-0.017364664991157693,0.007041249399396533,-0.04425449803664866,0.0,0.0,0.0,-0.15774033561381334,-0.5698828927360902,0.18377666632248624,-0.0013324218614597617,-0.0008857606939929857,-0.0036969671291727027,-0.009664448716248053,0.005425414687479702,-0.040134328104211914,0.0,0.0,0.0,0.7056397264505844,0.7471055068666713,2.2722525387656596,0.7137090803117295,0.7449009600833136,2.261763721153884,-0.0005582480231787869,0.005122292408355308,-0.010199027195039345,1.5789971599653063,2.3899275456006652,1.522871885459866,-1.1512767517460671,-0.8661656701737247,1.0139869693981949,0.014665142199067083,-0.041219963859209,0.07122018813990896,-0.13359946142633705,0.14151576384515363,0.07488284354389144,0.006835635893561434,-0.44741216776992593,0.6925852802355947,-1.781263046934619,0.3528906443744579,1.5235646868256691,1.575065838549261,2.392126637804941,1.5180860496706106,-1.1614162295949166,-0.9236391599815941,1.0392371573601007,0.0,0.0,0.0,0.0,0.0,0.0,0.0,0.0,0.0,0.0,0.0,0.0,9.0,9.0,9.0,9.0,9.0,9.0,6.0,6.0,6.0,6.0,6.0,6.0,-0.12610249905452742,41.898502707784736,10.825671368629651,0.38799275732704835,-0.027362413975733357,7.017194053937637e-05,0.20450054355689942
5.666666666666656,-0.15786472362128603,-0.5699510806801982,0.1832370280015546,-0.0016181293271546465,-0.00012905049849595406,-0.006961182937914666,-0.032458580008096066,0.01847412466939744,-0.06652872039160236,0.0,0.0,0.0,-0.15780502129324622,-0.569899418507327,0.1836020815899323,-0.001859264842828101,-0.0005550440997209438,-0.005052455410266479,-0.0249032552873083,0.016044369329385688,-0.06286692412639816,0.0,0.0,0.0,0.7072054288234345,0.7489517412945457,2.2791505532124736,0.7125301619681672,0.7460585751307871,2.266965366370752,-0.0017027719443646482,0.002919715096956955,-0.01190210849227867,1.5794403238333767,2.387840331283493,1.5262440318528567,-1.1581537591886673,-0.8609645373959008,1.0191587723033793,0.013751658094433008,-0.055484274296512065,0.0911829905731171,-0.18207330266077976,0.15119457683819654,0.1283970059516509,-0.027404523139022224,-0.42792931311909205,0.598884072996244,-1.4542152370332815,0.29036438979128737,1.6054248722327844,1.575065838549261,2.392126637804941,1.5180860496706106,-1.1614162295949166,-0.9236391599815941,1.0392371573601007,0.0,0.0,0.0,0.0,0.0,0.0,0.0,0.0,0.0,0.0,0.0,0.0,9.0,9.0,9.0,9.0,9.0,9.0,6.0,6.0,6.0,6.0,6.0,6.0,-0.19142325885994627,41.83739276170571,10.798789239980415,0.3950370223755769,-0.027909798264833974,9.986089917146668e-05,0.13310007638398597
5.6999999999999895,-0.15799209918897547,-0.5698931969302494,0.1828640758569714,-0.0030561764759217255,0.0011343643989583756,-0.009924994269830723,-0.04215493067046093,0.03818652108431036,-0.08974257032037111,0.0,0.0,0.0,-0.15789692323882587,-0.569889734359495,0.18336184209390927,-0.00264070488905809,0.00017159119180331273,-0.006949396667819399,-0.036725540565435644,0.034687048914998186,-0.08791766215678454,0.0,0.0,0.0,0.7099288827184475,0.752139558860175,2.2865040065592526,0.7122357787894461,0.7479403536209144,2.2726792882058517,-0.00253552701471729,0.0003302849484631302,-0.01380450800061997,1.5798314147620867,2.385236115849897,1.5302779493026495,-1.1663126377422603,-0.8553569052242136,1.0264154418540357,0.012405704605673458,-0.07057906677074662,0.11107267918689355,-0.22386867195878996,0.16255083571314574,0.18793239299701026,-0.040378604662786505,-0.4528437742270366,0.5966906584132935,-1.2538610789403062,0.34068776624847624,1.7860616113607806,1.575065838549261,2.392126637804941,1.5180860496706106,-1.1614162295949166,-0.9236391599815941,1.0392371573601007,0.0,0.0,0.0,0.0,0.0,0.0,0.0,0.0,0.0,0.0,0.0,0.0,9.0,9.0,9.0,9.0,9.0,9.0,6.0,6.0,6.0,6.0,6.0,6.0,-0.228246459554994,41.71331576066014,10.791242223686481,0.4050884863847922,-0.028389463180611862,0.00013677523122823665,0.24556764468939962
5.733333333333323,-0.1581655065223463,-0.5697874599931391,0.18240088639898194,-0.004453693003699783,0.0025258808617518846,-0.012744234618900981,-0.040019481500880805,0.04237624468343334,-0.08550360875190338,0.0,0.0,0.0,-0.1580163456476499,-0.5698504477935868,0.18305574963036758,-0.0034675630255108034,0.0010444597244821088,-0.008931279185748585,-0.038459589066321076,0.04123102021749325,-0.09096230015999307,0.0,0.0,0.0,0.7134481003067976,0.7565308129239434,2.2939559185387126,0.7127080793802432,0.7506040550798687,2.2787485059476054,-0.0030156529130692146,-0.002404810063143882,-0.015658488197363138,1.5801591254095126,2.382285368584595,1.5347144262297863,-1.1751662385444335,-0.8495682789521922,1.0352359625384595,0.01068944781707706,-0.08254130089629991,0.12575376493836846,-0.25169490669638933,0.16995613734481027,0.2390545446874836,-0.051487703657891924,-0.3588670237665988,0.44043257254424706,-0.8347870421279814,0.22215904894993604,1.5336645507142004,1.575065838549261,2.392126637804941,1.5180860496706106,-1.1614162295949166,-0.9236391599815941,1.0392371573601007,0.0,0.0,0.0,0.0,0.0,0.0,0.0,0.0,0.0,0.0,0.0,0.0,9.0,9.0,9.0,9.0,9.0,9.0,6.0,6.0,6.0,6.0,6.0,6.0,-0.22286739792303267,41.77229107038528,10.776729738935463,0.41551028863317263,-0.02938587962098982,0.00013255449903293304,0.06413603609311055
5.766666666666656,-0.15840954783211111,-0.5696077381942349,0.1818022991289726,-0.0063283538947767,0.004489493849347076,-0.016425266450036495,-0.05274354748823952,0.06033878432727696,-0.1118630964625168,0.0,0.0,0.0,-0.1581756243567546,-0.5697672393272518,0.18266078538370495,-0.0046197684325547834,0.0023088908502360865,-0.011520180876619424,-0.05350196543351471,0.059379486901532275,-0.11883376059989281,0.0,0.0,0.0,0.7181550809562985,0.7628130988912818,2.301625505584439,0.7141150373605316,0.7544081472782356,2.2851826814846494,-0.003066093778439722,-0.005542915723021874,-0.017693649241824542,1.580398189470807,2.378798574501375,1.5397853202828413,-1.1850962294894856,-0.8434333591994487,1.0464604340206771,0.008344430498247984,-0.0972496486298274,0.14333580270722285,-0.2824981211331687,0.1793504408364745,0.3041742778735102,-0.07035051956487227,-0.4412504320058248,0.5274611330656319,-0.9240964331033809,0.2818291047499265,1.9535919955807977,1.575065838549261,2.392126637804941,1.5180860496706106,-1.1614162295949166,-0.9236391599815941,1.0392371573601007,0.0,0.0,0.0,0.0,0.0,0.0,0.0,0.0,0.0,0.0,0.0,0.0,9.0,9.0,9.0,9.0,9.0,9.0,6.0,6.0,6.0,6.0,6.0,6.0,-0.2886773676969696,41.52854164233641,10.771920095761754,0.4259773374435987,-0.02994814511857946,0.00017891736478159448,0.627720776864573
5.799999999999989,-0.15874278181111173,-0.5693465545304455,0.18104735155773471,-0.00873316075614703,0.006794758276493434,-0.02079412585209236,-0.06640622365258143,0.07197482986547021,-0.1328255639524294,0.0,0.0,0.0,-0.15838704021781394,-0.569630691251059,0.1821582098079597,-0.006137363320637618,0.0038744899649320354,-0.014682825992332373,-0.0702798628314878,0.07302070243414072,-0.14481111912632416,0.0,0.0,0.0,0.7238476712570462,0.771604196459331,2.3090654003547177,0.716425860110038,0.7597583694284531,2.291784196615142,-0.00241427328859117,-0.009018113395790457,-0.01978996953742243,1.580503278544945,2.3748715800608458,1.5452497779646108,-1.1954099595164465,-0.8370647836576876,1.060130487092581,0.0048832583155111395,-0.11095643835386672,0.15706775453779678,-0.3004406409169412,0.1871549911140489,0.3747924873959137,-0.10383516548210535,-0.41120369172117927,0.4119585549172181,-0.538275593513177,0.23413650832723237,2.1185462856721053,1.575065838549261,2.392126637804941,1.5180860496706106,-1.1614162295949166,-0.9236391599815941,1.0392371573601007,0.0,0.0,0.0,0.0,0.0,0.0,0.0,0.0,0.0,0.0,0.0,0.0,9.0,9.0,9.0,9.0,9.0,9.0,6.0,6.0,6.0,6.0,6.0,6.0,-0.34706207093743835,41.428071295337205,10.743588541799252,0.43809872234803926,-0.03079374769678145,0.00022455356586703612,0.48807725479250735
5.833333333333322,-0.1591529736069947,-0.5690254624556198,0.18017448002511255,-0.011070610348849683,0.008778293067628253,-0.024605701172395578,-0.06218742332166294,0.06397544665964765,-0.11637253164277718,0.0,0.0,0.0,-0.15865028823862706,-0.5694440366855501,0.18155486722352485,-0.007700868168537822,0.005400754303806666,-0.017752823890948993,-0.07166844994987587,0.07031114029748764,-0.1387967489886961,0.0,0.0,0.0,0.7300375382876761,0.7824115288410403,2.3161008307812168,0.719444321579053,0.7666239499736761,2.298418422133199,-0.001233535977535987,-0.012474722336759028,-0.02173447497512335,1.5804806455256308,2.3707012166630737,1.5508487717702162,-1.2056287119823437,-0.8305963415859219,1.0754670884990774,0.0011750923855525833,-0.12039274740672924,0.16433579429137155,-0.3045219296235918,0.1917538384733292,0.43166285726189885,-0.11124497789875669,-0.2830892715858757,0.21804119260724272,-0.1224386611995178,0.13796542077840895,1.706111095979554,1.575065838549261,2.392126637804941,1.5180860496706106,-1.1614162295949166,-0.9236391599815941,1.0392371573601007,0.0,0.0,0.0,0.0,0.0,0.0,0.0,0.0,0.0,0.0,0.0,0.0,9.0,9.0,9.0,9.0,9.0,9.0,6.0,6.0,6.0,6.0,6.0,6.0,-0.3206994387251183,41.5084623707034,10.72776430094041,0.44989785737339066,-0.03186881007657183,0.0001998077718792235,0.10861198236310651
5.866666666666656,-0.15967851753489462,-0.5686368146662812,0.17914687478655866,-0.014149716397300439,0.010805612399446822,-0.028953912357194952,-0.0818153530326658,0.06791913752506322,-0.1328180205500956,0.0,0.0,0.0,-0.15898415094515805,-0.5692016921579938,0.1808323767211548,-0.00975622219607517,0.007065048412153184,-0.02128331504452116,-0.09427644283366421,0.07609055253834818,-0.15920728444880528,0.0,0.0,0.0,0.7364136960075433,0.7958269332119664,2.322718804166623,0.7229990232544388,0.7753292440443457,2.3050232632837426,0.0006429316103739088,-0.01589036350011815,-0.023692952814459673,1.5802919216495432,2.3662788276356563,1.5565061105711238,-1.2153478764460612,-0.8237496485699322,1.0925973061947694,-0.0033827800599021515,-0.12857869635058752,0.16792537411527708,-0.2958905991488858,0.20085180647757128,0.48649197300113994,-0.13673617336364205,-0.2455784683157486,0.1076873947171662,0.25893991424117957,0.2729390401272631,1.644873472177233,1.575065838549261,2.392126637804941,1.5180860496706106,-1.1614162295949166,-0.9236391599815941,1.0392371573601007,0.0,0.0,0.0,0.0,0.0,0.0,0.0,0.0,0.0,0.0,0.0,0.0,9.0,9.0,9.0,9.0,9.0,9.0,6.0,6.0,6.0,6.0,6.0,6.0,-0.3591120948938351,41.41225375394097,10.70722019972429,0.46276855175535486,-0.032263613731825735,0.00021773910917288752,0.49054531176251326
5.899999999999989,-0.1603402971486097,-0.5681919055606799,0.17796385729080336,-0.017888988790740013,0.012607697836567339,-0.03346189538633988,-0.0992085112348551,0.06483784992351156,-0.1375956581107421,0.0,0.0,0.0,-0.1594043248354601,-0.5689041054464153,0.17998236117448366,-0.012289721515729778,0.008737780072073048,-0.025097725321207257,-0.11597980730886981,0.0756506872306737,-0.17100350718230795,0.0,0.0,0.0,0.7419212645132881,0.8120795062224208,2.3286656227532196,0.7265780116044395,0.7861194514107273,2.311451394629959,0.0033953840171847636,-0.018870463939911868,-0.0255863993837306,1.5799232554365406,2.36184096375161,1.5617935613196694,-1.2232876920023559,-0.8162944602518459,1.1106522403536585,-0.008500917613354636,-0.13161684313112623,0.1617241396760047,-0.25742651084218715,0.21605436852091356,0.5232626741781625,-0.15354412660357453,-0.09114440341616153,-0.18603703317817125,1.1539226492009604,0.4560768613002684,1.1031210353106764,1.575065838549261,2.392126637804941,1.5180860496706106,-1.1614162295949166,-0.9236391599815941,1.0392371573601007,0.0,0.0,0.0,0.0,0.0,0.0,0.0,0.0,0.0,0.0,0.0,0.0,9.0,9.0,9.0,9.0,9.0,9.0,6.0,6.0,6.0,6.0,6.0,6.0,-0.3414731233572108,41.49831535004811,10.677059727680792,0.47738643847619583,-0.03253862924927242,0.00021314041993714117,0.516476026194361
5.933333333333322,-0.16110965094107516,-0.5677164032897856,0.17667587972105614,-0.021275131148400992,0.013812182241859056,-0.037014975333350075,-0.08713723901554743,0.05064485379793664,-0.10892423591907943,0.0,0.0,0.0,-0.15990595105867794,-0.5685592910235306,0.17902105240177732,-0.014767883718889502,0.010204138576893867,-0.028533689392778658,-0.11206103050680039,0.06501144656606073,-0.15117597622208034,0.0,0.0,0.0,0.7463321098935867,0.830270313710366,2.3339673962136533,0.7299204371864996,0.7987535008442195,2.317640381082016,0.006587784574665408,-0.02124442951169269,-0.027223526304693102,1.5794088120139829,2.357502862225639,1.5666254496215042,-1.2294804476891725,-0.8083656900263078,1.128902070556563,-0.01312250765560587,-0.13063431156312638,0.15054581259536315,-0.2096639506837324,0.23059352735106867,0.5394174954508106,-0.138647701267537,0.029475947039995336,-0.33534981241924694,1.4328768047536429,0.43617476490465346,0.4846446381794427,1.575065838549261,2.392126637804941,1.5180860496706106,-1.1614162295949166,-0.9236391599815941,1.0392371573601007,0.0,0.0,0.0,0.0,0.0,0.0,0.0,0.0,0.0,0.0,0.0,0.0,9.0,9.0,9.0,9.0,9.0,9.0,6.0,6.0,6.0,6.0,6.0,6.0,-0.26977113658138574,41.57587722765057,10.675544470521142,0.48678569497847995,-0.033410672952194354,0.0001554880720170404,0.19300177221388884
5.966666666666655,-0.1620137777553923,-0.5672147157646503,0.1752759729222133,-0.025079737272063432,0.014710661496926326,-0.04038000862518391,-0.09913945956078861,0.04574958432449046,-0.10272956522721095,0.0,0.0,0.0,-0.16050358102436207,-0.5681692712822065,0.17794701784890635,-0.017613259318086768,0.011587195769612953,-0.031949609560892295,-0.12832171331003694,0.06037154776134024,-0.14867532328620747,0.0,0.0,0.0,0.7484405840077086,0.8503422614418186,2.3387051955925897,0.7323787189434209,0.8132108303033543,2.3235761527917833,0.010309899211938416,-0.022610006435651274,-0.028686350225277595,1.578750169508509,2.3534248661301627,1.570716236718807,-1.232850836964185,-0.7994717357150406,1.1463115398313224,-0.017547019328010525,-0.12510469243056618,0.1319976794778428,-0.1372957690614926,0.25474359534236657,0.5279952173121217,-0.13273535017213967,0.16588857397680606,-0.5564439935256101,2.1710454486671935,0.7245020397389363,-0.3426683441606664,1.575065838549261,2.392126637804941,1.5180860496706106,-1.1614162295949166,-0.9236391599815941,1.0392371573601007,0.0,0.0,0.0,0.0,0.0,0.0,0.0,0.0,0.0,0.0,0.0,0.0,9.0,9.0,9.0,9.0,9.0,9.0,6.0,6.0,6.0,6.0,6.0,6.0,-0.21282389297403403,41.66701444941153,10.668764629689745,0.49866427412875924,-0.03336502807204056,0.00010744196375056525,0.5340816257170529
5.9999999999999885,-0.16305409322984366,-0.5666991014098589,0.17378564573772864,-0.029049921497352464,0.01525297116308625,-0.04326530301740503,-0.10472882115927742,0.039247527238711805,-0.08751300251452375,0.0,0.0,0.0,-0.1612049709963848,-0.567738804534747,0.17676907411297021,-0.020712847059399478,0.012834545580606595,-0.03513381326845141,-0.1390366290655125,0.05330677435840059,-0.13616340909536317,0.0,0.0,0.0,0.7480695904988549,0.87135726801499,2.3429072126893615,0.7336332307023194,0.8291160909262021,2.329223745398637,0.014168491101442056,-0.022910261262401286,-0.029790519798154863,1.5779312391784024,2.3496578404830517,1.5740146143773766,-1.2334151981387975,-0.7897128053701301,1.1621629580664699,-0.022227613044803106,-0.1170420770857456,0.1099667796640091,-0.05705247984608032,0.2800931386789999,0.49302677047365445,-0.14041781150377744,0.24187846034461763,-0.660926994415011,2.4072986764623683,0.7604863000989984,-1.049053405154019,1.575065838549261,2.392126637804941,1.5180860496706106,-1.1614162295949166,-0.9236391599815941,1.0392371573601007,0.0,0.0,0.0,0.0,0.0,0.0,0.0,0.0,0.0,0.0,0.0,0.0,9.0,9.0,9.0,9.0,9.0,9.0,6.0,6.0,6.0,6.0,6.0,6.0,-0.20105968137608343,41.67104739402174,10.668926898453558,0.5040157153033962,-0.03382639325561865,3.556192577547357e-05,0.22657441654413957
6.033333333333322,-0.16422674830894865,-0.5661843149471548,0.1722358429319261,-0.03300301496130571,0.015386159346006654,-0.04539154579386624,-0.10567824677965268,0.030387344455071907,-0.06386047704870121,0.0,0.0,0.0,-0.16201496861661588,-0.5672753501112792,0.1755026730267851,-0.0239746312367957,0.013868646825268534,-0.03788346926966811,-0.14527368758264725,0.042648507911097866,-0.11417867965991224,0.0,0.0,0.0,0.7457244289077539,0.892508225551408,2.346467739155833,0.7337092944288984,0.8460439287211736,2.3344893962903477,0.01782102526808467,-0.022378654830740845,-0.0303534579984928,1.576915409968826,2.3462052814368497,1.5765624875075188,-1.231671813537794,-0.7794816039116881,1.1763309357379204,-0.02772578853979383,-0.10806520661929264,0.087613055824184,0.01585019873804608,0.29798840872850646,0.44770181025356526,-0.16494526484972175,0.26930611399358884,-0.6706117151947534,2.187080357523792,0.5368581014851972,-1.3597488066026755,1.575065838549261,2.392126637804941,1.5180860496706106,-1.1614162295949166,-0.9236391599815941,1.0392371573601007,0.0,0.0,0.0,0.0,0.0,0.0,0.0,0.0,0.0,0.0,0.0,0.0,9.0,9.0,9.0,9.0,9.0,9.0,6.0,6.0,6.0,6.0,6.0,6.0,-0.23703537919658402,41.60509893572792,10.673566706595889,0.5028986539493233,-0.034783982393467916,-2.1841733650163064e-05,0.30091217444339874
6.066666666666655,-0.16548484880072573,-0.5656858794218484,0.17067383817946752,-0.036018444525919256,0.015078808303627681,-0.04633545424559716,-0.07948614762082057,0.018991719140890886,-0.027468935522962114,0.0,0.0,0.0,-0.1629189835367567,-0.566788512740026,0.17417285501317287,-0.026882494136740948,0.014622611462901369,-0.0399207833346176,-0.1269074522397804,0.028944427178318577,-0.07926301427121629,0.0,0.0,0.0,0.7418235590263557,0.9131908178551611,2.3495567335504615,0.7326999858013042,0.8635982686293024,2.3393869957065916,0.021001297968534255,-0.021190027229367484,-0.03040526826454857,1.5757621114765035,2.343057096125369,1.5785080601532246,-1.2282681805655353,-0.7689902031185291,1.1888194134560603,-0.03230789935971701,-0.09898544176937836,0.06811580485550807,0.07335605902452125,0.3091574854393503,0.39900349111398753,-0.13746332459769528,0.2723929454974283,-0.5849175290602776,1.7251758085942548,0.335072301325314,-1.460949574187332,1.575065838549261,2.392126637804941,1.5180860496706106,-1.1614162295949166,-0.9236391599815941,1.0392371573601007,0.0,0.0,0.0,0.0,0.0,0.0,0.0,0.0,0.0,0.0,0.0,0.0,9.0,9.0,9.0,9.0,9.0,9.0,6.0,6.0,6.0,6.0,6.0,6.0,-0.17943034672953306,41.55150860059273,10.704770122014555,0.4996753401289683,-0.03574940054816578,-6.56251515431805e-05,0.30508377512112683
6.099999999999988,-0.16684019150591528,-0.5652110526846751,0.1691256893850827,-0.038959141888084914,0.014483849265154392,-0.04637274942281959,-0.07938600719078742,0.011162796678726015,0.0006382143476390796,0.0,0.0,0.0,-0.16392175404180187,-0.5662863195030688,0.1727993601749749,-0.029859555511947293,0.015127385070914783,-0.041341763098899004,-0.12892431031796514,0.016883312137204953,-0.04935141353382466,0.0,0.0,0.0,0.7364938182417003,0.933044101189909,2.3523167946485373,0.7306188779816001,0.8814644210933825,2.3439511311416497,0.023615066907187173,-0.019414656208467575,-0.030005592347765373,1.5744484629902413,2.34022782280653,1.5799054181651235,-1.2234949010987874,-0.758247035055269,1.199556966165903,-0.03704226951181632,-0.08958061363323858,0.05065242852314615,0.11991760900979663,0.3179158564116515,0.3477522179015134,-0.1420311045629794,0.2821448440841936,-0.5239012899708576,1.3968464995582615,0.2627511291690359,-1.5375381963742245,1.575065838549261,2.392126637804941,1.5180860496706106,-1.1614162295949166,-0.9236391599815941,1.0392371573601007,0.0,0.0,0.0,0.0,0.0,0.0,0.0,0.0,0.0,0.0,0.0,0.0,9.0,9.0,9.0,9.0,9.0,9.0,6.0,6.0,6.0,6.0,6.0,6.0,-0.18574543579987468,41.50661832926664,10.737355509457359,0.49628229585883593,-0.036184484757672664,-9.739408864384291e-05,0.23618276087987333
6.133333333333321,-0.16828615506010036,-0.5647758940716379,0.16762513636901427,-0.041743729528627066,0.01347241250934009,-0.04543800831855288,-0.07699216312115331,-0.0013717574097566743,0.030705231777038912,0.0,0.0,0.0,-0.1650234094232035,-0.5657807897028041,0.17140544721279535,-0.03284950362614601,0.015284455988606668,-0.04206992449545026,-0.12826349123559178,0.00028203148178285176,-0.016167658008406693,0.0,0.0,0.0,0.7297993557648308,0.9518835902641049,2.3548881735855067,0.7274514350782436,0.8994061771586898,2.3482326904763817,0.025638758397786295,-0.01712674160190706,-0.029241757400570213,1.5729870030938513,2.3377686918632365,1.5807683128944972,-1.2175425831071134,-0.7472329523033734,1.208503325838749,-0.041576621098407644,-0.0790428234102887,0.034142037428524084,0.1590188961700791,0.32625360717513086,0.294844599424093,-0.13603054759773966,0.3161337066884961,-0.495311732838662,1.1730386148084746,0.25013252290438165,-1.587228554322612,1.575065838549261,2.392126637804941,1.5180860496706106,-1.1614162295949166,-0.9236391599815941,1.0392371573601007,0.0,0.0,0.0,0.0,0.0,0.0,0.0,0.0,0.0,0.0,0.0,0.0,9.0,9.0,9.0,9.0,9.0,9.0,6.0,6.0,6.0,6.0,6.0,6.0,-0.16388482010017347,41.51607087209285,10.770713544338417,0.49213219775218753,-0.03638424842351373,-0.00011661423249209601,0.24717747485655664
6.1666666666666545,-0.1697805526105879,-0.564386398958981,0.16619654538843995,-0.04363828193445916,0.012207225931163537,-0.043693286202241596,-0.05242168756558707,-0.009910597482499096,0.05579095247890182,0.0,0.0,0.0,-0.16620775808205926,-0.5652812333028652,0.17001207019313005,-0.0354221366348271,0.015149342564733255,-0.04215371012897052,-0.10716542021957576,-0.013479012663987433,0.014312240558876699,0.0,0.0,0.0,0.7221233347879527,0.9695982058692978,2.3572606556017415,0.7233191444728433,0.9172328988722779,2.352229942392384,0.027058870972439274,-0.014534421762166443,-0.02812497117881637,1.5714295858754181,2.3356734930408214,1.5811685053586353,-1.2107344073403927,-0.7361724677193959,1.2158426201290666,-0.045007218068128615,-0.06825158425173566,0.019384528425607533,0.18916981405777306,0.3299608940712583,0.2450674189477177,-0.10291790909162914,0.3237371747565913,-0.44272527008749646,0.9045275366308181,0.11121860688382285,-1.49331541429126,1.575065838549261,2.392126637804941,1.5180860496706106,-1.1614162295949166,-0.9236391599815941,1.0392371573601007,0.0,0.0,0.0,0.0,0.0,0.0,0.0,0.0,0.0,0.0,0.0,0.0,9.0,9.0,9.0,9.0,9.0,9.0,6.0,6.0,6.0,6.0,6.0,6.0,-0.09574475168614516,41.494516815128414,10.798631873497673,0.486117875201071,-0.03691332224030397,-0.00012081220612514265,0.2264003777874372
6.199999999999988,-0.17134085594161144,-0.5640568867123746,0.1648685784740712,-0.045585179452178645,0.010562258672477641,-0.041110010282535435,-0.056422366479627055,-0.02278611156312626,0.0820890683645398,0.0,0.0,0.0,-0.16747904760676116,-0.5648003264001001,0.1686423905315399,-0.03804205084594316,0.01464337200034763,-0.04154346202111216,-0.10845077760843536,-0.030823007672024616,0.04679655794168269,0.0,0.0,0.0,0.7128059978007617,0.9859299437815807,2.3593879514834235,0.717934483481472,0.9347029998172872,2.3559204812945125,0.027979806307694168,-0.011368126310888285,-0.026636007078453563,1.569758390801936,2.3341529518573476,1.5808170874088423,-1.2022818919916736,-0.7249302527303542,1.2207092614218558,-0.04842630749235375,-0.05316135175339075,-0.0005668495206562103,0.23210691166030883,0.3348312644712553,0.179021965505023,-0.10257268272675397,0.4527069749503474,-0.5985413383879123,1.2881129280760737,0.146111111999909,-1.9813636032808408,1.575065838549261,2.392126637804941,1.5180860496706106,-1.1614162295949166,-0.9236391599815941,1.0392371573601007,0.0,0.0,0.0,0.0,0.0,0.0,0.0,0.0,0.0,0.0,0.0,0.0,9.0,9.0,9.0,9.0,9.0,9.0,6.0,6.0,6.0,6.0,6.0,6.0,-0.054724601704548625,41.66247182285951,10.81326435031183,0.48268738112784126,-0.03680940664617571,-0.00014854829195010133,0.4870650385451929
6.233333333333321,-0.1729579534477842,-0.5637914693153839,0.16366425582884508,-0.04737379478065637,0.008701879574814463,-0.03780650081505075,-0.05454360527096796,-0.03129075636513963,0.10534334209918958,0.0,0.0,0.0,-0.16883422780314467,-0.5643474802354833,0.1673188989262752,-0.040589594323222095,0.013839367923244432,-0.04024935876742214,-0.1040468315242764,-0.04450175360117825,0.07842144766425863,0.0,0.0,0.0,0.7012085543306872,1.000659669530684,2.360661461051595,0.7109157834264511,0.9515798577909229,2.3590361467602436,0.02863465360537709,-0.007431087815142695,-0.024515505688514905,1.5679632132276642,2.3335225571194034,1.5791784813341074,-1.1906954596031751,-0.7137796141924625,1.2218770010787072,-0.05204565398288684,-0.03032834534334487,-0.03296107133491838,0.30909761832340416,0.3346231922482527,0.08302878163870638,-0.10858039471599258,0.6849901923013764,-0.9718266544278652,2.3097211998928597,-0.006242166690077239,-2.879795515989499,1.575065838549261,2.392126637804941,1.5180860496706106,-1.1614162295949166,-0.9236391599815941,1.0392371573601007,0.0,0.0,0.0,0.0,0.0,0.0,0.0,0.0,0.0,0.0,0.0,0.0,9.0,9.0,9.0,9.0,9.0,9.0,6.0,6.0,6.0,6.0,6.0,6.0,0.009687573611227851,41.98350098462187,10.795162862433658,0.47918246843865725,-0.03705887453609602,-0.00017778421829961477,1.1686581631565311
6.266666666666654,-0.17460751486023182,-0.5635870005736592,0.1625970587216371,-0.04863857128836449,0.006849976591980014,-0.034035478465174934,-0.04162471051649548,-0.03410814033234619,0.12116719287330921,0.0,0.0,0.0,-0.17026241103942313,-0.563928943143466,0.1660609811378941,-0.042844462370767916,0.012829983989318075,-0.03835337207946704,-0.08923160056390866,-0.053619259618223225,0.10578848731897361,0.0,0.0,0.0,0.6874940370798731,1.013106540483509,2.360541202516433,0.7021823183807689,0.9674211951985157,2.3612630244391353,0.028940842411385427,-0.002801084493754176,-0.021460148651649816,1.5660259807531516,2.33394359052454,1.5759478025505975,-1.175341075570699,-0.7033784001893487,1.218554284500989,-0.05609320081788179,-0.0016887803450400182,-0.07560059944850459,0.41012022009065946,0.31956534414502513,-0.03877807100813295,-0.12142640504984863,0.8591869499491456,-1.279185843407586,3.0306780530176596,-0.4517354430968281,-3.65420557940518,1.575065838549261,2.392126637804941,1.5180860496706106,-1.1614162295949166,-0.9236391599815941,1.0392371573601007,0.0,0.0,0.0,0.0,0.0,0.0,0.0,0.0,0.0,0.0,0.0,0.0,9.0,9.0,9.0,9.0,9.0,9.0,6.0,6.0,6.0,6.0,6.0,6.0,0.04320548509708466,42.22089631937921,10.76641702607506,0.4689753542169973,-0.037792053981357654,-0.00021750915954166228,1.03843567561375
6.299999999999987,-0.17624363888193445,-0.5634312204371921,0.16165848413856015,-0.048816784840109526,0.005268569272354112,-0.030294385672261413,-0.01071560971281043,-0.029744684293433313,0.12218939494594355,0.0,0.0,0.0,-0.17174071773627245,-0.5635463196048781,0.16487715950398527,-0.044464091171709255,0.011749064566463184,-0.03614864007161513,-0.05830972440308635,-0.05627278161908933,0.11890727842943027,0.0,0.0,0.0,0.6726359853095986,1.0232150169039718,2.359405305945565,0.6920832680584548,0.9819878765006231,2.3626529772009643,0.028697579569379367,0.002021208905446612,-0.017790865837643815,1.5640127470409195,2.335162398387799,1.5715780769439716,-1.157530142698758,-0.6939232356074697,1.2117121765145273,-0.05896240785060336,0.02381323048350224,-0.11259471194868717,0.4929253974690392,0.29562507301925434,-0.14976818339860565,-0.08607621098164708,0.7650603248562677,-1.1098233750054778,2.484155321351391,-0.718208133773124,-3.3297033717141815,1.575065838549261,2.392126637804941,1.5180860496706106,-1.1614162295949166,-0.9236391599815941,1.0392371573601007,0.0,0.0,0.0,0.0,0.0,0.0,0.0,0.0,0.0,0.0,0.0,0.0,9.0,9.0,9.0,9.0,9.0,9.0,6.0,6.0,6.0,6.0,6.0,6.0,0.07875173062737684,42.109279847914586,10.79173036450417,0.45118840102100755,-0.03787499264664618,-0.0002159874472168477,0.13317185243755425
6.333333333333321,-0.17785199826983725,-0.5633232009326743,0.1608592558143443,-0.048350491027891046,0.0038113679547511162,-0.026367786143261254,0.007580160388612664,-0.030402246910103257,0.1294135212312408,0.0,0.0,0.0,-0.17325462318974244,-0.5632039779789282,0.163780833660737,-0.045613795014565243,0.01054505024032465,-0.03355268760298823,-0.03563578684596713,-0.06136340285365449,0.13582656850915686,0.0,0.0,0.0,0.6567748118425084,1.030336344794984,2.357361990338563,0.6807307044267948,0.9948246760766759,2.3632250450851857,0.02775206160020188,0.0070808407284323315,-0.013484947591961505,1.5619304480503324,2.337192954363971,1.5660799938476135,-1.1374345620956356,-0.6856521232239573,1.2010191246878226,-0.06130011576193981,0.048548863017935526,-0.1474932325767224,0.5662200778854624,0.26396393867666684,-0.26378376433363193,-0.07013123734009365,0.7420689760329985,-1.046955618841057,2.1988404124926944,-0.9498340302776243,-3.420467428050789,1.575065838549261,2.392126637804941,1.5180860496706106,-1.1614162295949166,-0.9236391599815941,1.0392371573601007,0.0,0.0,0.0,0.0,0.0,0.0,0.0,0.0,0.0,0.0,0.0,0.0,9.0,9.0,9.0,9.0,9.0,9.0,6.0,6.0,6.0,6.0,6.0,6.0,0.09810209467537367,42.133059015375615,10.813153641438177,0.4316050033172235,-0.03756035129308222,-0.00024917807625846056,0.4930145339474813
6.366666666666654,-0.17940236159010825,-0.5632597072081613,0.16019727014977034,-0.047066602244321326,0.0024718187679489065,-0.022445500564623144,0.03166664890689303,-0.031479680883840774,0.13060356920199603,0.0,0.0,0.0,-0.17478331516509124,-0.5629053928194018,0.16278039726796906,-0.04615575625391678,0.009233414772678139,-0.030682759020986727,-0.006679668847598741,-0.0656727542597455,0.14700016225211332,0.0,0.0,0.0,0.6400930853749749,1.0342295054099548,2.3543860193864963,0.6682331786130504,1.0055965846008688,2.3629584651832483,0.026134264705787162,0.012311712366799303,-0.00857615800078497,1.5598124755449916,2.340035723804482,1.5594536148045024,-1.1151384655542385,-0.678826802806297,1.1864037190702768,-0.06279282202746303,0.07303834314953399,-0.18169199172113293,0.634661956789767,0.22449438791209483,-0.38023603379545806,-0.044781187965696446,0.7346844039479539,-1.0259627743323165,2.05325636712914,-1.1840865229371604,-3.4935680838547842,1.575065838549261,2.392126637804941,1.5180860496706106,-1.1614162295949166,-0.9236391599815941,1.0392371573601007,0.0,0.0,0.0,0.0,0.0,0.0,0.0,0.0,0.0,0.0,0.0,0.0,9.0,9.0,9.0,9.0,9.0,9.0,6.0,6.0,6.0,6.0,6.0,6.0,0.14146538939456965,42.20258192907898,10.827133221312069,0.409746716564075,-0.03701253195962506,-0.0002696016689809344,0.6475356774841865
6.399999999999987,-0.18086794320960375,-0.5632291129016873,0.1596575526333853,-0.04496967903302801,0.0014061372284635346,-0.01880028781372231,0.05635059549616177,-0.02740791299972186,0.12345536998949658,0.0,0.0,0.0,-0.17630521128204138,-0.562649570198827,0.16187620458963803,-0.046049803998183834,0.007931976237541235,-0.027764117218180735,0.023843092672794164,-0.06434103307099726,0.147359715880389,0.0,0.0,0.0,0.6232762047189041,1.0352099853913712,2.3508164037589285,0.6549211484091024,1.0142276260340752,2.3619871396242944,0.023869829170770983,0.017336680716018453,-0.003384265796343041,1.5577093785337044,2.3434502834455744,1.552118082389037,-1.0917989140994515,-0.6734520413957588,1.1689649467470808,-0.06299288090156539,0.09263730720502686,-0.20727464554968475,0.6783450146923243,0.18232669084813102,-0.47552079106240336,-0.006001766223071011,0.5879689216647859,-0.7674796148565549,1.3104917370767208,-1.2650309119189147,-2.8585427180083594,1.575065838549261,2.392126637804941,1.5180860496706106,-1.1614162295949166,-0.9236391599815941,1.0392371573601007,0.0,0.0,0.0,0.0,0.0,0.0,0.0,0.0,0.0,0.0,0.0,0.0,9.0,9.0,9.0,9.0,9.0,9.0,6.0,6.0,6.0,6.0,6.0,6.0,0.1645142334544576,42.09583073761895,10.86738588197868,0.38430453550350613,-0.03588762879034357,-0.00024867057640920454,0.3151735578188777
6.43333333333332,-0.18222114000619669,-0.5632341297256062,0.15924234821648472,-0.04204494815478908,0.0003756820258093447,-0.015184764637539682,0.08190085718936696,-0.030053225835786308,0.12314302453106463,0.0,0.0,0.0,-0.17779683774442645,-0.5624394999501106,0.16107341774025308,-0.04524128900191267,0.006555236231355438,-0.02470591357568575,0.05660981249813268,-0.06711068671909715,0.15207766431123693,0.0,0.0,0.0,0.6064242366525753,1.0328217399563062,2.3469094226345253,0.6409387427080147,1.0203843853143122,2.360448530667802,0.02083368731906083,0.022215879721579825,0.0020494333241021564,1.555664614468774,2.347373123137226,1.5442054665260643,-1.0678722646643655,-0.6696206228028104,1.1486793348888527,-0.06189290826579587,0.10933589623470275,-0.2273438657760155,0.7046479935991603,0.13740393547500865,-0.5642191675187012,0.03299917907308575,0.5009576708902765,-0.6020766067899231,0.7890893672050807,-1.3476826611936714,-2.6609512936889357,1.575065838549261,2.392126637804941,1.5180860496706106,-1.1614162295949166,-0.9236391599815941,1.0392371573601007,0.0,0.0,0.0,0.0,0.0,0.0,0.0,0.0,0.0,0.0,0.0,0.0,9.0,9.0,9.0,9.0,9.0,9.0,6.0,6.0,6.0,6.0,6.0,6.0,0.20983807887645956,42.101769649415665,10.899452524893833,0.35774991810675216,-0.03458214664752335,-0.0002679850751501345,0.8962177034802987
6.4666666666666535,-0.1834390055519658,-0.5632762140472534,0.15894991832944366,-0.03837934865165268,-0.0006761911696855473,-0.011584509506415666,0.10524986935365492,-0.033730214910746924,0.12282553266423529,0.0,0.0,0.0,-0.1792354563314178,-0.562277923441292,0.16037562215540777,-0.043741325748980986,0.005096932629110653,-0.021535423546439114,0.08847171592612435,-0.07016189064907508,0.15548062476143665,0.0,0.0,0.0,0.5897925572982792,1.0268817938028894,2.342877706263803,0.6264702927969796,1.023801934391877,2.3584823761787748,0.01700313670035916,0.026865652651880456,0.007632471774963269,1.5537147796692234,2.351693909416003,1.5359122200734294,-1.0439953654221266,-0.6674019718282528,1.1258877543351642,-0.05962766541294232,0.12286102432043672,-0.24164621764470492,0.7124206493778289,0.09017433131615576,-0.6439046669133344,0.06795728558560646,0.4057538425720193,-0.42907055606068284,0.23317967336005826,-1.4168881247655865,-2.390564981838997,1.575065838549261,2.392126637804941,1.5180860496706106,-1.1614162295949166,-0.9236391599815941,1.0392371573601007,0.0,0.0,0.0,0.0,0.0,0.0,0.0,0.0,0.0,0.0,0.0,0.0,9.0,9.0,9.0,9.0,9.0,9.0,6.0,6.0,6.0,6.0,6.0,6.0,0.24684509031491242,42.108559867363965,10.92920606432689,0.3299228569784334,-0.03310844334071783,-0.0002826400765150172,1.0554137600511793
6.499999999999987,-0.18450274866282015,-0.5633581027688982,0.15878087769245341,-0.03408397403940649,-0.0017960483020073373,-0.007937689730853542,0.12566756998954945,-0.03794062683601411,0.12392888216742286,0.0,0.0,0.0,-0.18059954990979227,-0.562167623767619,0.15978665019070382,-0.041583331521881636,0.0035550682669752394,-0.0182503149590901,0.1183859072945328,-0.07328868597221216,0.158993433884989,0.0,0.0,0.0,0.5736386547077108,1.0172545708723735,2.3389333488772266,0.6117116948223844,1.0242464973181753,2.3562393553896577,0.012369172647365088,0.03119957894979526,0.01326932795921475,1.5518920835480507,2.3562898358166446,1.5274548570923403,-1.0208588417206936,-0.6668231423447292,1.1010036423294327,-0.05632981089443334,0.1328722027863099,-0.24969599883668459,0.7002040238212678,0.04163470010919098,-0.7123171290857432,0.09893563555526955,0.3003353539761957,-0.24149343575939003,-0.3664987666968321,-1.4561889362089435,-2.0523738651722647,1.575065838549261,2.392126637804941,1.5180860496706106,-1.1614162295949166,-0.9236391599815941,1.0392371573601007,0.0,0.0,0.0,0.0,0.0,0.0,0.0,0.0,0.0,0.0,0.0,0.0,9.0,9.0,9.0,9.0,9.0,9.0,6.0,6.0,6.0,6.0,6.0,6.0,0.2749356819797977,42.11173591090293,10.95875664066959,0.30168911272809285,-0.031490246697523094,-0.0002933956946290506,1.2242505252351592
6.53333333333332,-0.1854222495912174,-0.5634701291545781,0.15871583787577187,-0.029768580640898008,-0.002759558145605321,-0.004617258878897718,0.1279111522885252,-0.03418787617794382,0.1133972743803888,0.0,0.0,0.0,-0.18187977450944512,-0.5621054565569685,0.15930143623170068,-0.03908710553341456,0.002082570574474349,-0.015080236700670708,0.13275545073172967,-0.06911856585389842,0.15157611662145953,0.0,0.0,0.0,0.5581573979951286,1.0050315447859597,2.3352189677229624,0.5968403682943038,1.0220318465699112,2.3538445229564173,0.007338521093151145,0.03495411722528609,0.018584602961733837,1.5502147849003765,2.3609849385131465,1.5191132914290624,-0.9989933110789299,-0.6674877520108107,1.075169457381637,-0.052322576584964184,0.13819278819214847,-0.25006331287778905,0.6707119541090312,0.0005860400480989444,-0.7541227419844905,0.1202170292840747,0.15961756217515755,-0.011019421233133854,-0.8847620913670988,-1.2314598018327612,-1.2541683869624203,1.575065838549261,2.392126637804941,1.5180860496706106,-1.1614162295949166,-0.9236391599815941,1.0392371573601007,0.0,0.0,0.0,0.0,0.0,0.0,0.0,0.0,0.0,0.0,0.0,0.0,9.0,9.0,9.0,9.0,9.0,9.0,6.0,6.0,6.0,6.0,6.0,6.0,0.27190146789980396,42.06703047044176,10.997126711769264,0.27694599392150077,-0.029244916592468417,-0.00023478724445546995,0.6494919592450497
6.566666666666653,-0.1861878693688922,-0.5636185895493391,0.15876290012972397,-0.025249325232039602,-0.0038036084765176673,-0.0012236897921859987,0.13586740016301377,-0.03657026085657921,0.11432824068908719,0.0,0.0,0.0,-0.1830617265821821,-0.5620930354955411,0.15892442355057268,-0.036169426173900454,0.0005791202461074693,-0.01181342675493219,0.15094923641843838,-0.06978925968429728,0.15436291389815482,0.0,0.0,0.0,0.5433096279477186,0.9903986220475901,2.3317656314590085,0.581940247250426,1.017239358392318,2.3513709290752085,0.002006913030098853,0.03817675275936365,0.023545083590059558,1.5487081260065367,2.365761538242795,1.5109368575577988,-0.9785287270189644,-0.6693027189960511,1.0485853136216772,-0.047574036738449815,0.14159625732367342,-0.2468831150511973,0.6328623325689845,-0.036103993022109225,-0.7830571225273651,0.14245619539543114,0.10210407394574812,0.09540593479775213,-1.1354886462014004,-1.1007009921062452,-0.8680314162862413,1.575065838549261,2.392126637804941,1.5180860496706106,-1.1614162295949166,-0.9236391599815941,1.0392371573601007,0.0,0.0,0.0,0.0,0.0,0.0,0.0,0.0,0.0,0.0,0.0,0.0,9.0,9.0,9.0,9.0,9.0,9.0,6.0,6.0,6.0,6.0,6.0,6.0,0.30048439931777793,42.155257439445535,11.024272586361578,0.2531669078577435,-0.02726914424992577,-0.00020666965991794628,1.2106080869562057
6.599999999999986,-0.18682852576406567,-0.5637741369829178,0.1589234650593292,-0.021235020909525434,-0.004287723204376478,0.0021904317661845824,0.12261622431121574,-0.01933038856312046,0.11305640032986258,0.0,0.0,0.0,-0.18414714993192804,-0.5621173389673522,0.15865937497965799,-0.033235414798194786,-0.0005918900133908898,-0.008436030963028798,0.14968703470611722,-0.05317639404020191,0.15781263723029415,0.0,0.0,0.0,0.529282278924021,0.9745358666080742,2.3276448084454757,0.5671801555351045,1.0103604927592087,2.348460553072968,-0.0029808917242512244,0.040708788853046206,0.02832740616425036,1.5472927718424896,2.3707358163103542,1.5027166781272248,-0.9588443485439975,-0.6725605757874449,1.0218499097480813,-0.04416509552709056,0.14668431379241698,-0.24669796029521338,0.6046416803556672,-0.07719180016858027,-0.7957271183143697,0.1022682363407776,0.15264169406230688,0.005554642679518115,-0.8466195663995177,-1.2326342143941311,-0.38009987361013825,1.575065838549261,2.392126637804941,1.5180860496706106,-1.1614162295949166,-0.9236391599815941,1.0392371573601007,0.0,0.0,0.0,0.0,0.0,0.0,0.0,0.0,0.0,0.0,0.0,0.0,9.0,9.0,9.0,9.0,9.0,9.0,6.0,6.0,6.0,6.0,6.0,6.0,0.23542490099984992,42.382838293525914,11.034784281878347,0.23296042971397346,-0.026052114687854733,-0.00011913466096236114,1.6320764436927166
6.6333333333333195,-0.18735931857036098,-0.5639366591469218,0.1591757914773508,-0.01768881033512338,-0.004590783742382526,0.005193502312970078,0.11012814920538908,-0.013125306364011843,0.09920585956886302,0.0,0.0,0.0,-0.18513663619021642,-0.5621738301129328,0.15849868255210783,-0.03031540570713163,-0.0015959430715835612,-0.005239906044174906,0.14703771729640724,-0.044651456415238044,0.14737024802970256,0.0,0.0,0.0,0.5160835070819373,0.9581985942963469,2.3230679014583036,0.55265291745304,1.001845109164192,2.345115091751911,-0.007514505120785917,0.04248306904514343,0.03262769844555179,1.545978895061617,2.3757833572615774,1.4946287822815005,-0.9402097513830172,-0.6768369558975312,0.9956528556819092,-0.04099923412648583,0.149845590288607,-0.24399057034622104,0.574239170004828,-0.11125820225792038,-0.7891834540948995,0.09497584201814183,0.09483829488570038,0.08122169846976979,-0.9120753105251747,-1.0219920626802037,0.19630992658410656,1.575065838549261,2.392126637804941,1.5180860496706106,-1.1614162295949166,-0.9236391599815941,1.0392371573601007,0.0,0.0,0.0,0.0,0.0,0.0,0.0,0.0,0.0,0.0,0.0,0.0,9.0,9.0,9.0,9.0,9.0,9.0,6.0,6.0,6.0,6.0,6.0,6.0,0.20241109942666125,42.45391332395319,11.053551862168112,0.21302557359672494,-0.023971636030276855,-4.986714930976799e-05,0.9992223057164001
6.666666666666653,-0.1877909762123297,-0.5641162722483332,0.15953835258907947,-0.014513617378611583,-0.005037051679040002,0.008404204611783669,0.10065549681817569,-0.016399893757332005,0.10381140093892166,0.0,0.0,0.0,-0.18603051867864634,-0.5622636823519301,0.15844989092019993,-0.02740718481448288,-0.0026052712911784075,-0.001876628201254882,0.1445654247005157,-0.04443517362040872,0.15366832751967419,0.0,0.0,0.0,0.5030084276086124,0.9417095811117913,2.317971727575022,0.538138079775277,0.9919903620681696,2.341278013705279,-0.011455123560816328,0.04383490532588194,0.03639049195392549,1.544769779348755,2.381102106383355,1.4864177750585912,-0.9217975651357095,-0.681876086557148,0.9694659422871358,-0.037848725632733615,0.15632351253175067,-0.2455503345735914,0.5596567816144279,-0.1378686806116428,-0.7867994192604363,0.09451525481256658,0.19433766729430968,-0.04679292682111101,-0.4374716517120039,-0.7983143506116732,0.07152104503389704,1.575065838549261,2.392126637804941,1.5180860496706106,-1.1614162295949166,-0.9236391599815941,1.0392371573601007,0.0,0.0,0.0,0.0,0.0,0.0,0.0,0.0,0.0,0.0,0.0,0.0,9.0,9.0,9.0,9.0,9.0,9.0,6.0,6.0,6.0,6.0,6.0,6.0,0.2306875177501202,42.79153037521693,11.07480957903968,0.19581788336467715,-0.021892423520459836,-2.1696299434381672e-05,1.6269333984401237
6.699999999999986,-0.1881281636435246,-0.56431361975677,0.16001780074428718,-0.0115557091675728,-0.005544367041380413,0.011819106050364542,0.09592454081972716,-0.017121627247463737,0.10864689256943161,0.0,0.0,0.0,-0.18682731030189212,-0.5623857168834371,0.1585179993157483,-0.02446333048692881,-0.0035846526982651642,0.001639715141395171,0.1444177773742048,-0.04255491203969086,0.15925477088684037,0.0,0.0,0.0,0.49000216826216253,0.9251406704150129,2.3124423781761845,0.523595357433686,0.9809705444975559,2.3369617326959946,-0.01487771746207265,0.044793239418934566,0.03961011055906248,1.5436655289788823,2.3866826285874674,1.478124623879097,-0.9036895320648967,-0.6875725134436091,0.9433616630862139,-0.03470124927503276,0.16371828159282636,-0.2477131351144142,0.5487129219544017,-0.15988476459976939,-0.7843520571052495,0.09442429073102576,0.22184307183227045,-0.06488401622468411,-0.3283157898007859,-0.6604825196437972,0.07342086465560475,1.575065838549261,2.392126637804941,1.5180860496706106,-1.1614162295949166,-0.9236391599815941,1.0392371573601007,0.0,0.0,0.0,0.0,0.0,0.0,0.0,0.0,0.0,0.0,0.0,0.0,9.0,9.0,9.0,9.0,9.0,9.0,6.0,6.0,6.0,6.0,6.0,6.0,0.23785733169159107,43.02061438931627,11.09646186478701,0.176611062752313,-0.02004492382383738,-1.0396945919810552e-05,1.5963623571738617
6.733333333333319,-0.18837975293112935,-0.5645285480421888,0.16062163926206613,-0.008845550083591069,-0.006067009428625878,0.015439614621752668,0.09053436130582676,-0.0164763580243532,0.11355858980760658,0.0,0.0,0.0,-0.18752759697571217,-0.5625382777061528,0.15870883746353706,-0.021530362696149583,-0.0045165413795022775,0.005328480627479143,0.14209560872570437,-0.039871308278884854,0.16573028981686555,0.0,0.0,0.0,0.47691418356417475,0.9082457172403188,2.306306197125838,0.5089696914145662,0.968790603105017,2.3320863241975567,-0.017859008842264924,0.04551571695729797,0.04247029938705599,1.5426342348692954,2.392607112050877,1.4696222467731055,-0.8856481700118308,-0.694088133920676,0.9170102373210617,-0.032192965283418244,0.17306242979913297,-0.25261858715796937,0.5437315483794488,-0.1836073310745944,-0.7884792010047951,0.07524851974843544,0.2803244461891985,-0.14716356130665503,-0.14944120724858664,-0.7116769942447506,-0.12381431698636859,1.575065838549261,2.392126637804941,1.5180860496706106,-1.1614162295949166,-0.9236391599815941,1.0392371573601007,0.0,0.0,0.0,0.0,0.0,0.0,0.0,0.0,0.0,0.0,0.0,0.0,9.0,9.0,9.0,9.0,9.0,9.0,6.0,6.0,6.0,6.0,6.0,6.0,0.2159004241756377,43.28691557305219,11.10338272814926,0.15621070122135172,-0.018638867024134864,-2.188926110652245e-05,2.0601638619028844
6.766666666666652,-0.18856427803529924,-0.5647517329185856,0.16131946914617432,-0.006590253896951328,-0.006411034088406677,0.018532050920137013,0.07853646692719889,-0.010229105093290673,0.09678784394118323,0.0,0.0,0.0,-0.18813700725675236,-0.5627156549395632,0.15901178188575932,-0.01874549311799672,-0.005293571250216856,0.008767237529710963,0.1333084531805917,-0.03211922566553582,0.1520627555635734,0.0,0.0,0.0,0.4638612973603446,0.8915185187155896,2.2997026971788603,0.49430143951035926,0.955734281502642,2.3266793966838915,-0.02032271641043982,0.0458625578488645,0.04481719224143597,1.541665027589702,2.3987451124167136,1.4610614009014173,-0.867891818293098,-0.701166019117468,0.8909337654496712,-0.03011513401967373,0.1804474839164426,-0.255423113153087,0.5363708838344704,-0.20276014762737027,-0.7843558377627439,0.062334937912335416,0.22155162351928875,-0.08413577985353003,-0.22081993634935076,-0.5745844965832758,0.12370089726153731,1.575065838549261,2.392126637804941,1.5180860496706106,-1.1614162295949166,-0.9236391599815941,1.0392371573601007,0.0,0.0,0.0,0.0,0.0,0.0,0.0,0.0,0.0,0.0,0.0,0.0,9.0,9.0,9.0,9.0,9.0,9.0,6.0,6.0,6.0,6.0,6.0,6.0,0.1702920336313105,43.363515363537296,11.107977569655404,0.13644253324315173,-0.016790942018761523,2.6830840713087944e-06,0.9820478455081671
6.799999999999986,-0.18869092051294287,-0.5649779836093255,0.16212772777772963,-0.0046700140711019595,-0.0065914884622751465,0.02176749417002183,0.07024821785598015,-0.004547067341568383,0.10008125420323813,0.0,0.0,0.0,-0.18865965042529306,-0.5629130441939482,0.15943241375791078,-0.016089743346942242,-0.005923264013530813,0.01231223778629703,0.12556406105201168,-0.024824950965253834,0.15554558959016296,0.0,0.0,0.0,0.45059973969623995,0.874936006024646,2.292541739948562,0.4795086760711089,0.9419213167823016,2.320695851218224,-0.02228381932739184,0.045998750377165824,0.04673950867463972,1.54073878634268,2.4051879066327952,1.4523450056146485,-0.8501341315598929,-0.708820798619246,0.8648567956882383,-0.02856320294699461,0.18900504562711443,-0.2594689434530737,0.5339440292755925,-0.22068230591134894,-0.7829913411495729,0.04655793218037358,0.25672685132015494,-0.12137490899960086,-0.07280563676633604,-0.5376647485193603,0.04093489839512887,1.575065838549261,2.392126637804941,1.5180860496706106,-1.1614162295949166,-0.9236391599815941,1.0392371573601007,0.0,0.0,0.0,0.0,0.0,0.0,0.0,0.0,0.0,0.0,0.0,0.0,9.0,9.0,9.0,9.0,9.0,9.0,6.0,6.0,6.0,6.0,6.0,6.0,0.14508049249786836,43.61295295528269,11.122614781835573,0.11728379700245417,-0.01522872777774742,5.4195713763416364e-06,1.2219944086431214
6.833333333333319,-0.1887696194969448,-0.5652025455243154,0.1630415451312405,-0.0030614029997007835,-0.006623212375423664,0.02494167484742757,0.06274306407059836,0.0005237553804323947,0.09732434930102503,0.0,0.0,0.0,-0.18910026769061944,-0.5631257763865214,0.15997019371097507,-0.013576558504906192,-0.006410286689018464,0.01585816496656871,0.11730435358022673,-0.017845180788583548,0.15400747758305133,0.0,0.0,0.0,0.43679900380099423,0.8584355219527451,2.2848952398656133,0.46443445754126483,0.9274282904060869,2.3141467269768436,-0.0237975299178969,0.04608281990968205,0.04822529637035864,1.539846695967495,2.4119743083164984,1.443416831799755,-0.8321078198659422,-0.7169433258340775,0.8384547805348166,-0.02736287515269892,0.1987297155497675,-0.26505312411555765,0.5385075769708795,-0.23601131293374722,-0.789037416784958,0.03600983382887073,0.2917400976795926,-0.1675254198745182,0.13690643085860998,-0.4598702106719487,-0.18138226906155164,1.575065838549261,2.392126637804941,1.5180860496706106,-1.1614162295949166,-0.9236391599815941,1.0392371573601007,0.0,0.0,0.0,0.0,0.0,0.0,0.0,0.0,0.0,0.0,0.0,0.0,9.0,9.0,9.0,9.0,9.0,9.0,6.0,6.0,6.0,6.0,6.0,6.0,0.13007187711380785,43.864456713556784,11.133058852558847,0.09834525758085691,-0.013556837637960673,-5.113041173732125e-06,1.11667552699086
6.866666666666652,-0.1888131892333768,-0.5654194924047754,0.16402589469440323,-0.0018154595399457948,-0.0064894773430812114,0.027422223911087465,0.053188338348429176,0.005941400071186161,0.07612473655885629,0.0,0.0,0.0,-0.18946551289688107,-0.5633486667436661,0.16060990426470967,-0.01125729907112151,-0.006742052335919819,0.019010013476464103,0.10672875108916058,-0.010353284303509014,0.13372358089184866,0.0,0.0,0.0,0.4228656056160494,0.8421096745303696,2.277014493145924,0.4492000927016784,0.912382899586208,2.307142061011005,-0.02499506132496062,0.04589569011801019,0.049220933333597706,1.5389798567269928,2.4188816686728174,1.4345399738210436,-0.8144472289002134,-0.7253753446467098,0.8123244570904085,-0.026457743194276986,0.20439044564296904,-0.2658882009460804,0.5327143449715354,-0.2473108138972306,-0.785618941149817,0.027153958752658077,0.16982190279604556,-0.02505230491568281,-0.17379695998032257,-0.3389850289045016,0.10255426905422942,1.575065838549261,2.392126637804941,1.5180860496706106,-1.1614162295949166,-0.9236391599815941,1.0392371573601007,0.0,0.0,0.0,0.0,0.0,0.0,0.0,0.0,0.0,0.0,0.0,0.0,9.0,9.0,9.0,9.0,9.0,9.0,6.0,6.0,6.0,6.0,6.0,6.0,0.0746411368585993,43.84877529694029,11.125690409399038,0.07663036286832473,-0.011735784127841598,2.300000418703485e-06,0.7460100532177245
6.899999999999985,-0.18882335555299007,-0.5656213021206247,0.16509091855897223,-0.0007227033916579455,-0.006150769413454738,0.029882654877631396,0.04996869737553562,0.012665965208445408,0.07506098826625253,0.0,0.0,0.0,-0.1897588209621186,-0.5635757132481836,0.16135210804599787,-0.00905630046649574,-0.006895620316987464,0.022117175617037427,0.09990659891906928,-0.0018609134139833117,0.13033742395293224,0.0,0.0,0.0,0.4088375636994778,0.8255111376711055,2.2688425150878593,0.4338500796588115,0.8966786121566618,2.299691467178896,-0.026050734415879285,0.045556772254670516,0.04992089876427552,1.5381165844750668,2.4259030013622214,1.4257353098872585,-0.7972916526923454,-0.734296752900715,0.7862618648400429,-0.0260846927699448,0.20855680233573443,-0.26472267899106133,0.5206829724812072,-0.2608651030458471,-0.7831248253905827,0.011191512729965658,0.12499070078296137,0.03496565865057275,-0.360941174709844,-0.40662867445849366,0.07482347277703022,1.575065838549261,2.392126637804941,1.5180860496706106,-1.1614162295949166,-0.9236391599815941,1.0392371573601007,0.0,0.0,0.0,0.0,0.0,0.0,0.0,0.0,0.0,0.0,0.0,0.0,9.0,9.0,9.0,9.0,9.0,9.0,6.0,6.0,6.0,6.0,6.0,6.0,0.026602535372221237,43.970750889545556,11.1238575602377,0.0545758855647355,-0.010435674598317846,-1.9076332836653886e-05,1.1057943814654316
6.9333333333333185,-0.1888073184162113,-0.565804900195529,0.1662309317324215,0.0001760336082311277,-0.0056827204993141235,0.03223132672436409,0.045426309673889484,0.01716634629152662,0.07132292928957229,0.0,0.0,0.0,-0.18998536964036863,-0.5638023262993651,0.16219341767228118,-0.00700731727847979,-0.006904150555296009,0.0251294633525367,0.09158353912586348,0.004952374506837387,0.12462886632773484,0.0,0.0,0.0,0.39482964902296624,0.8085934975799403,2.2603666981881076,0.4184503974356141,0.8803191707834942,2.2918020908783987,-0.026993202306942157,0.045046508198165996,0.05037495677744572,1.537240138638758,2.432990306079477,1.4170526902847607,-0.7807959612320167,-0.7437338119768502,0.7603811748170339,-0.02622381431615632,0.21126502845702902,-0.2618932850469742,0.5034748200336432,-0.27569621587131826,-0.7786554089237061,-0.004173646386345721,0.08124678363883787,0.08488181832261538,-0.5162445734269214,-0.4449333847641353,0.13408249400629935,1.575065838549261,2.392126637804941,1.5180860496706106,-1.1614162295949166,-0.9236391599815941,1.0392371573601007,0.0,0.0,0.0,0.0,0.0,0.0,0.0,0.0,0.0,0.0,0.0,0.0,9.0,9.0,9.0,9.0,9.0,9.0,6.0,6.0,6.0,6.0,6.0,6.0,-0.019677476392349735,44.089783556438256,11.116274283578571,0.03290803370135986,-0.009083276426473663,-2.6370727266328275e-05,0.7133808919798209
6.966666666666652,-0.1887728603244389,-0.5659719531596143,0.16743766896327023,0.0008506617819808576,-0.005202776857093458,0.03440326973106775,0.039678316006909777,0.01827258326281306,0.06590603221911123,0.0,0.0,0.0,-0.19015117723586272,-0.5640262347760485,0.16312851506668494,-0.005137018222433074,-0.006832539368451028,0.027989573625001006,0.08211245247373666,0.00859842523220955,0.11628561042320751,0.0,0.0,0.0,0.38105261164896054,0.7913715243902149,2.2519146466658473,0.4031071849238434,0.863348628184077,2.283624655319329,-0.027926786416657707,0.04426937509487626,0.050458827086096364,1.5363610488340809,2.4399956953880073,1.4086992298181138,-0.7654276528065489,-0.753426837151634,0.73500649683598,-0.026323067532261733,0.21052946232294367,-0.25436697101526135,0.4751911085205705,-0.2857592421194509,-0.7670453625956469,-0.0029775964831623572,-0.022066984022560774,0.22578942095138568,-0.84851134539218,-0.30189078744398024,0.3483013898417764,1.575065838549261,2.392126637804941,1.5180860496706106,-1.1614162295949166,-0.9236391599815941,1.0392371573601007,0.0,0.0,0.0,0.0,0.0,0.0,0.0,0.0,0.0,0.0,0.0,0.0,9.0,9.0,9.0,9.0,9.0,9.0,6.0,6.0,6.0,6.0,6.0,6.0,-0.047171726771017664,44.12012623033309,11.11112115523813,0.012020699636290377,-0.007340487744157187,-2.6855027713185153e-05,0.42682619214804857
6.999999999999985,-0.18872896021433772,-0.5661236996768773,0.16867367298737326,0.0012644945277324182,-0.004742514387902002,0.03577317982233371,0.03211655265301363,0.018156423577071118,0.04166949182071116,0.0,0.0,0.0,-0.19026348628598724,-0.5642455650513286,0.16413934420303444,-0.0034809309769231016,-0.0067007190545284165,0.03035981911327853,0.07108298155326809,0.011256071364384113,0.0919951699330328,0.0,0.0,0.0,0.3675744103795887,0.774372410198717,2.2436815522185554,0.387887138967404,0.8460398201890464,2.275285405254454,-0.02870104417949713,0.04312498479108193,0.05003125798880667,1.5354961470632407,2.4468153780065127,1.4007536261437297,-0.7511677098621244,-0.7630417453323026,0.7105036271009305,-0.026072391260892613,0.2065701398110839,-0.24370106382610365,0.4435958950620112,-0.28755124431985646,-0.7457391822328707,0.0075202881410735625,-0.11877967535579277,0.31997721567473086,-0.9478564037567789,-0.05376006601216566,0.6391854108832871,1.575065838549261,2.392126637804941,1.5180860496706106,-1.1614162295949166,-0.9236391599815941,1.0392371573601007,0.0,0.0,0.0,0.0,0.0,0.0,0.0,0.0,0.0,0.0,0.0,0.0,9.0,9.0,9.0,9.0,9.0,9.0,6.0,6.0,6.0,6.0,6.0,6.0,-0.05022394173273703,44.135408477143635,11.090392190904323,-0.006089302524950879,-0.005433526666173805,2.380243432090201e-06,0.13583947232227817
7.033333333333318,-0.18867804317125497,-0.5662639659273057,0.1699436724157681,0.0015433494352512858,-0.004364510042230818,0.03694878740658287,0.028486591448352992,0.015990142225591815,0.03548215938441861,0.0,0.0,0.0,-0.19032790296239338,-0.5644601232141842,0.165222230005335,-0.0020019489832824,-0.0065550817129834274,0.032561957670526734,0.06196722839118074,0.01167879325748622,0.08332393984522035,0.0,0.0,0.0,0.3540413787918996,0.7574368450680706,2.2354731865449846,0.37268640492348987,0.8284229914134383,2.2667528352719435,-0.029300081556899917,0.0418770987107785,0.049270864588972826,1.5346282702713032,2.4535914315269083,1.3929985550580661,-0.7374959706226027,-0.7727121465986763,0.6863521980561944,-0.026048332925710013,0.2043777836782727,-0.2363351096553065,0.4213000831444371,-0.28925844010075674,-0.7316083083056792,0.0007217500554780205,-0.0657706839843362,0.22097862512391522,-0.6688743575272226,-0.051215873427008694,0.4239262178157456,1.575065838549261,2.392126637804941,1.5180860496706106,-1.1614162295949166,-0.9236391599815941,1.0392371573601007,0.0,0.0,0.0,0.0,0.0,0.0,0.0,0.0,0.0,0.0,0.0,0.0,9.0,9.0,9.0,9.0,9.0,9.0,6.0,6.0,6.0,6.0,6.0,6.0,-0.04855776996000083,44.389535993034166,11.07302044220306,-0.023485250963604654,-0.004195746722027938,-2.774888759757288e-06,0.3578662888091453
7.066666666666651,-0.18862245118847223,-0.5663963036026374,0.17123805018844426,0.0017260613646488399,-0.004081835635102098,0.03787256244349189,0.025777293211893114,0.01336589080063959,0.027826886497519826,0.0,0.0,0.0,-0.19034933844987928,-0.5646703030693743,0.16636921022114864,-0.0006765291756294164,-0.00641770647521588,0.034533012482239445,0.05409403926455303,0.011050625130813785,0.07177265855042592,0.0,0.0,0.0,0.34058357221849245,0.7407426597743125,2.2275538868702687,0.3575413880414733,0.8106330758864438,2.258157573390377,-0.029756008611503643,0.040421491180122296,0.048064558835775095,1.5337799948862498,2.4602308146341265,1.3855574881300403,-0.7246209853682067,-0.7821757445860748,0.6628057087787702,-0.02564828534297508,0.20091359003711956,-0.22759970844561828,0.3979330661360658,-0.2856914397815561,-0.714799221650377,0.012001427482048018,-0.1039258092345944,0.2620620362906467,-0.7010105102511396,0.10701000957601878,0.5042725996590659,1.575065838549261,2.392126637804941,1.5180860496706106,-1.1614162295949166,-0.9236391599815941,1.0392371573601007,0.0,0.0,0.0,0.0,0.0,0.0,0.0,0.0,0.0,0.0,0.0,0.0,9.0,9.0,9.0,9.0,9.0,9.0,6.0,6.0,6.0,6.0,6.0,6.0,-0.0329932897917824,44.50399094795202,11.060283120377015,-0.04037927113317341,-0.002664322003242958,5.828806420998811e-06,0.13658112409890785
7.0999999999999845,-0.18856701513368823,-0.5665201100726625,0.17252587355141735,0.0017771665654797708,-0.003818336843991124,0.03809704983068335,0.021359201303290047,0.012772046498791089,0.0068211748032246874,0.0,0.0,0.0,-0.19033382708041796,-0.5648750711631347,0.16756266657966262,0.00046985296232440515,-0.006254972776557962,0.036014130744716155,0.04511364860310385,0.012034500911713764,0.048052536603705676,0.0,0.0,0.0,0.32749197912338546,0.7246387790814438,2.219991587456419,0.3425915914235318,0.792893371414323,2.2495824632327563,-0.030008376806619576,0.03860244288226823,0.04642013961325741,1.5329571920619338,2.4666206510132187,1.3785227652744851,-0.7126876335377365,-0.7912982813912457,0.6403049934445646,-0.02500548493398089,0.19476792426088047,-0.21656102659297846,0.3713113919880952,-0.2776812160306031,-0.6882807139009048,0.019284012269825616,-0.18436997328717283,0.3311604555791941,-0.7986502244391193,0.2403067125285908,0.7955552324841653,1.575065838549261,2.392126637804941,1.5180860496706106,-1.1614162295949166,-0.9236391599815941,1.0392371573601007,0.0,0.0,0.0,0.0,0.0,0.0,0.0,0.0,0.0,0.0,0.0,0.0,9.0,9.0,9.0,9.0,9.0,9.0,6.0,6.0,6.0,6.0,6.0,6.0,-0.03568283352059609,44.52221952813492,11.031387612038046,-0.056648971231363754,-0.001275427467127166,3.5045930510547996e-05,0.13390893381908361
7.133333333333318,-0.18851123543298573,-0.566641129701197,0.17381047575993747,0.0017941058330010907,-0.003674080034739324,0.03815436751069171,0.019703784254193876,0.00915564920416167,0.0017851395880547228,0.0,0.0,0.0,-0.1902858113383444,-0.5650761190172329,0.16879675567020572,0.0014746274393039784,-0.006132328001630782,0.037271402290420516,0.03803040958809234,0.009896920822619393,0.03728428876766854,0.0,0.0,0.0,0.31485755069189747,0.7090869017695074,2.2127815697779547,0.3279298932489507,0.7752851126794149,2.241076497654343,-0.030105114517554415,0.036465082230182244,0.04443484126835401,1.532160700149508,2.4727614102799595,1.3718847769928688,-0.7017288375853965,-0.8000930657020815,0.6188765231645176,-0.024264999893182513,0.1877378267551113,-0.2049467744966528,0.34294638304283165,-0.2684560915602488,-0.6579963102345755,0.022214551223951322,-0.21090292517307488,0.34842756288977006,-0.8509502683579063,0.2767537341106284,0.9085321099898813,1.575065838549261,2.392126637804941,1.5180860496706106,-1.1614162295949166,-0.9236391599815941,1.0392371573601007,0.0,0.0,0.0,0.0,0.0,0.0,0.0,0.0,0.0,0.0,0.0,0.0,9.0,9.0,9.0,9.0,9.0,9.0,6.0,6.0,6.0,6.0,6.0,6.0,-0.032663074576816165,44.631650326833835,11.00964048198241,-0.07281821071827943,-0.00018642378127653458,4.5492354607452185e-05,0.1331371850497587
7.166666666666651,-0.18845475324066907,-0.5667651487715177,0.17508628001262863,0.0018067652303325483,-0.0036840238763212255,0.03804109520772456,0.01882332449499119,0.004464009643503748,-0.0033529176555822625,0.0,0.0,0.0,-0.1902092404336363,-0.5652758758390031,0.17006407866126116,0.0023561536985478434,-0.006078539439928012,0.03830420330096452,0.031911961899078634,0.006420528288771266,0.026616690953344513,0.0,0.0,0.0,0.3027492938130074,0.6941074943729598,2.20592293928471,0.3136349827368745,0.7578850262284891,2.2326804175692927,-0.030058128406333085,0.03403778081787775,0.04217121809330867,1.5313933805019253,2.4786469773515507,1.3656257273410792,-0.6917262280879192,-0.8085509582230154,0.5985561165067295,-0.023434726249379187,0.18029061701685223,-0.193496584534677,0.31436765096382363,-0.25864321427209397,-0.6257402365672862,0.024908209314099827,-0.22341629214777253,0.3435056988592744,-0.857361962370241,0.2943863186446454,0.9676822100186806,1.575065838549261,2.392126637804941,1.5180860496706106,-1.1614162295949166,-0.9236391599815941,1.0392371573601007,0.0,0.0,0.0,0.0,0.0,0.0,0.0,0.0,0.0,0.0,0.0,0.0,9.0,9.0,9.0,9.0,9.0,9.0,6.0,6.0,6.0,6.0,6.0,6.0,-0.02580955912582139,44.75320927105664,10.986006431056692,-0.08793652424467241,0.0007755877082047391,5.2448648356033e-05,0.10687591668270836
7.199999999999984,-0.1883977453781273,-0.5668958034283381,0.17634938340968329,0.0018140988689390077,-0.003817099477504398,0.03778804694295467,0.01779343890174903,0.0006400085114831328,-0.00756434186818631,0.0,0.0,0.0,-0.19010797298486706,-0.5654763555139934,0.17135790218157282,0.003119543682377011,-0.006087116978238731,0.039129714282762504,0.026114617349797697,0.00329832894347426,0.016893115012104776,0.0,0.0,0.0,0.2912117364168612,0.6798058871907302,2.19942689087464,0.2997713550297249,0.7407989398851638,2.2244348771104554,-0.029845246818144572,0.0313357647517992,0.039661449335896486,1.530660715071108,2.484278739804746,1.359728207576339,-0.6826215866765081,-0.8166274670251873,0.5793986375715895,-0.022464884032805502,0.17273212140285366,-0.1824492568063609,0.2868820452161631,-0.2477445808008031,-0.5917296575585607,0.029095266497210556,-0.22675486841995732,0.3314198318494833,-0.8245681724298151,0.32695900413872603,1.0203173702617658,1.575065838549261,2.392126637804941,1.5180860496706106,-1.1614162295949166,-0.9236391599815941,1.0392371573601007,0.0,0.0,0.0,0.0,0.0,0.0,0.0,0.0,0.0,0.0,0.0,0.0,9.0,9.0,9.0,9.0,9.0,9.0,6.0,6.0,6.0,6.0,6.0,6.0,-0.013552746202056376,44.8854362898655,10.966036026999062,-0.10147528214828128,0.0016780727673255669,6.232900613058895e-05,0.08768669741033751
7.233333333333317,-0.18834232341955354,-0.5670308922527568,0.17758022474634888,0.0017765881213305662,-0.003947950149095809,0.0370908378351241,0.015262606179037151,0.000402759190215856,-0.020906550317599876,0.0,0.0,0.0,-0.18998651202513378,-0.5656772114309615,0.17266491470870157,0.0037489410569059,-0.0060960601516257965,0.03958051915397014,0.019635218298857282,0.003166624049805833,-0.0006841491672648914,0.0,0.0,0.0,0.28030399483773083,0.6663863111888877,2.1933284555469967,0.28640532609961844,0.7241807679091697,2.21638897102184,-0.029419771754889426,0.028344891437872693,0.03691157039996516,1.5299692602849673,2.4896225540972363,1.3542022386344619,-0.6743345203828299,-0.8242328443140673,0.5615230938588127,-0.021317390400416445,0.16445365965075523,-0.1713357977729955,0.26136867427894983,-0.23468907271120107,-0.5547540934417232,0.0344248089716717,-0.24835385256295306,0.3334037710009619,-0.7654011281163988,0.39166524268806135,1.1092669235051245,1.575065838549261,2.392126637804941,1.5180860496706106,-1.1614162295949166,-0.9236391599815941,1.0392371573601007,0.0,0.0,0.0,0.0,0.0,0.0,0.0,0.0,0.0,0.0,0.0,0.0,9.0,9.0,9.0,9.0,9.0,9.0,6.0,6.0,6.0,6.0,6.0,6.0,-0.003733537874455184,44.973057528403004,10.942997208392507,-0.11297653705252048,0.0025481167894687573,7.894151647359904e-05,0.12179286875222275
7.266666666666651,-0.18828856276004247,-0.5671749785428659,0.1787874662647553,0.0017238302284557899,-0.004168962531765305,0.03641453726786257,0.013740710588532,-0.0025345829305852847,-0.020260958835571302,0.0,0.0,0.0,-0.18984871372383214,-0.5658806084978327,0.17398205553693133,0.0042587569772368,-0.006161079098872964,0.03989684049136182,0.013920663946893619,0.0003878641083900902,-0.00662678857098653,0.0,0.0,0.0,0.26999077300560315,0.6536204173443682,2.1875866884151214,0.27356576526349385,0.7080091869551289,2.208563153200861,-0.028878560780348984,0.02519199679166856,0.03403186736791458,1.529311582250463,2.494713373769621,1.348999766513658,-0.6668328299286277,-0.8314491987286005,0.544745611913396,-0.020259357490223,0.15663427999794166,-0.16116137500707914,0.23715670051036278,-0.22255677919439762,-0.5204676700555755,0.031740987305803325,-0.23458138958440747,0.30523268297749157,-0.7263592130576119,0.3639688055041038,1.0285927015844325,1.575065838549261,2.392126637804941,1.5180860496706106,-1.1614162295949166,-0.9236391599815941,1.0392371573601007,0.0,0.0,0.0,0.0,0.0,0.0,0.0,0.0,0.0,0.0,0.0,0.0,9.0,9.0,9.0,9.0,9.0,9.0,6.0,6.0,6.0,6.0,6.0,6.0,-0.002864721137624926,45.11966988451436,10.92649344119453,-0.12474922289343687,0.003155879124740135,7.172294069779372e-05,0.13018371821052194
7.299999999999984,-0.18823898284045854,-0.5673274386883984,0.17997345192663072,0.0016160515249455908,-0.00440740885148534,0.03578596843124774,0.011174548374504326,-0.0032652042955871752,-0.018803915028502524,0.0,0.0,0.0,-0.1896989715253198,-0.5660869826003001,0.17530596610761365,0.004637282761154337,-0.006245733265517448,0.040106680022592385,0.0077173637634198045,-0.000621631243692633,-0.011175612521796108,0.0,0.0,0.0,0.2601330167322531,0.6414190021024228,2.182213251029843,0.26122281261220265,0.6922790508162837,2.200989262604856,-0.028236371225649783,0.021988286884089766,0.031048766395830468,1.5286853395729065,2.4995887911955994,1.344072413151782,-0.6599658235635816,-0.8382648661563962,0.5288583396699765,-0.019277972714539227,0.14971977518555468,-0.1522675255732099,0.21639236080437468,-0.21049894162071212,-0.491234668220249,0.029441543270513224,-0.20743514437160973,0.26681548301607694,-0.622930191179643,0.3617351272105648,0.8769900550597939,1.575065838549261,2.392126637804941,1.5180860496706106,-1.1614162295949166,-0.9236391599815941,1.0392371573601007,0.0,0.0,0.0,0.0,0.0,0.0,0.0,0.0,0.0,0.0,0.0,0.0,9.0,9.0,9.0,9.0,9.0,9.0,6.0,6.0,6.0,6.0,6.0,6.0,0.0009656052435467188,45.2868392122264,10.916708639781543,-0.1347508560813252,0.0037435036504827046,6.101583644141373e-05,0.13707903495322046
7.333333333333317,-0.18819476671729152,-0.5674831538805468,0.1811223011438472,0.0014658823856970038,-0.004550351387004872,0.034849644102496406,0.008844172021742544,-0.0007408343877333455,-0.02802236988910244,0.0,0.0,0.0,-0.1895409998850412,-0.5662945212695529,0.17662596807078343,0.004900372140690462,-0.006286489417782742,0.04002501887371201,0.002341282315882154,0.0014055877289411711,-0.024484897902557368,0.0,0.0,0.0,0.25071383795921354,0.6299866152053318,2.1772449986337215,0.2493765548112193,0.677104433204443,2.1937100624247026,-0.02742233321467999,0.01871276665499093,0.027943476177953112,1.528098622516581,2.5042332383614307,1.3394212001096744,-0.6536000538797994,-0.8445890341576056,0.513915888510182,-0.018160332031358892,0.1427955350451416,-0.1437801026998916,0.199446180610436,-0.19664967389775834,-0.4625939126026386,0.03352922049541008,-0.20772720421239324,0.25462268619954936,-0.5083854058181605,0.4154780316886138,0.8592226685283134,1.575065838549261,2.392126637804941,1.5180860496706106,-1.1614162295949166,-0.9236391599815941,1.0392371573601007,0.0,0.0,0.0,0.0,0.0,0.0,0.0,0.0,0.0,0.0,0.0,0.0,9.0,9.0,9.0,9.0,9.0,9.0,6.0,6.0,6.0,6.0,6.0,6.0,0.011977173026150645,45.39682042619396,10.903700665319958,-0.14285995487035008,0.004371878465977641,6.860310889354737e-05,0.25766957419670755
7.36666666666665,-0.18815866551746416,-0.5676422017809779,0.18224799269516892,0.0012472143353957667,-0.004662464950265345,0.03408403814520095,0.006034276806980297,-0.0001252657276574155,-0.022878667301324332,0.0,0.0,0.0,-0.18937909163535674,-0.5665030949690654,0.17794241343716047,0.005035464272885135,-0.006317428193601737,0.03990958312871224,-0.0035709789648645796,0.0017882556551089834,-0.025383640122231377,0.0,0.0,0.0,0.24141210774313518,0.6190831159117952,2.1726835024649644,0.23790046402014023,0.6624330619814499,2.186755054539577,-0.026490707979853777,0.01557865434686449,0.024761591660266216,1.5275449367125804,2.508740565949312,1.3349446180140059,-0.6474768969227949,-0.8504458574425718,0.4994706447851943,-0.01712716009046402,0.13774506343933912,-0.13745834281333394,0.18894519934356913,-0.18268635699857788,-0.4431028453672995,0.030995158226846207,-0.15151414817407383,0.18965279659673026,-0.31502943800600625,0.41889950697541334,0.5847320170601729,1.575065838549261,2.392126637804941,1.5180860496706106,-1.1614162295949166,-0.9236391599815941,1.0392371573601007,0.0,0.0,0.0,0.0,0.0,0.0,0.0,0.0,0.0,0.0,0.0,0.0,9.0,9.0,9.0,9.0,9.0,9.0,6.0,6.0,6.0,6.0,6.0,6.0,0.021096928324584763,45.608007069857806,10.903487102808135,-0.15077407152682576,0.004868608564511323,4.9328457569733364e-05,0.18483972239489133
7.3999999999999835,-0.1881377869893734,-0.5677995737401249,0.18335601024485243,0.0008639500551301041,-0.004663991271644801,0.03348091215695862,0.0005202588303974652,0.0028459687231871143,-0.017934793354577493,0.0,0.0,0.0,-0.18921916139511433,-0.5667105662016458,0.17925469003444133,0.004998812640695537,-0.006291709566665698,0.03977371279029136,-0.011498248017373314,0.00439694505386079,-0.02565128002426542,0.0,0.0,0.0,0.23210074476620435,0.6087092715964566,2.168526877850241,0.22671045805850942,0.6482769209409305,2.1801494181068,-0.025424837676643386,0.0126247974095544,0.021523984396927272,1.5270144951909757,2.513151835896598,1.330604512868935,-0.6414500402421384,-0.855815276266708,0.4853809542152659,-0.016317883795584645,0.1341404200921678,-0.13262155050586227,0.18351886672765175,-0.16828382881558243,-0.42949475985433594,0.024278288846381266,-0.10813930041513926,0.14510376922414986,-0.1627899784775215,0.4320758454898634,0.4082425653889067,1.575065838549261,2.392126637804941,1.5180860496706106,-1.1614162295949166,-0.9236391599815941,1.0392371573601007,0.0,0.0,0.0,0.0,0.0,0.0,0.0,0.0,0.0,0.0,0.0,0.0,9.0,9.0,9.0,9.0,9.0,9.0,6.0,6.0,6.0,6.0,6.0,6.0,0.015931692454704827,45.795340665350295,10.905333824969121,-0.1581817608536359,0.005365399926262615,3.9742015933194597e-05,0.26959814794984777
7.433333333333317,-0.18813814713517468,-0.5679516638774811,0.1844461160510445,0.0003063739647101958,-0.00455721029168777,0.03292588416553902,-0.0052166422066656,0.005750205300882384,-0.01635462885230316,0.0,0.0,0.0,-0.18906705306028926,-0.566914865590686,0.1805602761410745,0.00478580136464062,-0.006204156768533288,0.03957002425521662,-0.019555918803734862,0.007222735759659926,-0.028184742873392565,0.0,0.0,0.0,0.22280405654235452,0.5988023096452351,2.164727279712901,0.21578671357089235,0.6346262546019436,2.1738975388437147,-0.024259539021408982,0.009846362428481779,0.018298328013395298,1.5264919145541058,2.5174675153851402,1.3263964722118347,-0.6355252335767992,-0.8607470084304664,0.47162269794559586,-0.015890907335924104,0.13102706313490403,-0.12836799664396156,0.17966908888266636,-0.15472925288036368,-0.4183300453448459,0.01280929378981619,-0.09340070871791305,0.12760661585702165,-0.11549333534956123,0.4066372780565622,0.3349414352847014,1.575065838549261,2.392126637804941,1.5180860496706106,-1.1614162295949166,-0.9236391599815941,1.0392371573601007,0.0,0.0,0.0,0.0,0.0,0.0,0.0,0.0,0.0,0.0,0.0,0.0,9.0,9.0,9.0,9.0,9.0,9.0,6.0,6.0,6.0,6.0,6.0,6.0,-0.007222072942082214,45.92291140856875,10.898837188746256,-0.16621943049121446,0.005766937099862979,3.4341769041240644e-05,0.3478399202689341
7.46666666666665,-0.18815829850567203,-0.5680963058296301,0.18550211501568892,-0.00027987472380722883,-0.004372539233064809,0.0320634346337351,-0.006839037466791396,0.007688708316607978,-0.02543292739814191,0.0,0.0,0.0,-0.18892549722378554,-0.5671143448517061,0.1818496578116117,0.004476268367445704,-0.006064903419464413,0.03911075749014339,-0.023725561952496754,0.009535103599244366,-0.03963661229892468,0.0,0.0,0.0,0.21377830223259944,0.5895840214377043,2.161258779622288,0.20522107949372895,0.6215876733532023,2.1680063795734177,-0.022962780539809248,0.0070857637717244275,0.015112859317870908,1.5259810501954765,2.521621387386206,1.3223791716102395,-0.6298199530409864,-0.8652326242711682,0.4585283580184237,-0.015514256284561193,0.1267531277329447,-0.12313534424655354,0.17399530701047933,-0.14128873444082563,-0.4013301469917256,0.011299531540887314,-0.12821806205878036,0.15697957192224088,-0.17021345616561068,0.403215553186142,0.5099969505936093,1.575065838549261,2.392126637804941,1.5180860496706106,-1.1614162295949166,-0.9236391599815941,1.0392371573601007,0.0,0.0,0.0,0.0,0.0,0.0,0.0,0.0,0.0,0.0,0.0,0.0,9.0,9.0,9.0,9.0,9.0,9.0,6.0,6.0,6.0,6.0,6.0,6.0,-0.018150525772134163,45.95306071971504,10.879369284717894,-0.17432094826207079,0.006185483812325643,5.259883058966741e-05,0.6141502992303443
7.499999999999983,-0.18820362269935487,-0.5682331272747556,0.1865296058150669,-0.0009823671037110081,-0.004154815917198048,0.031209909925888766,-0.011053913083423796,0.008324382737035143,-0.025002837964981137,0.0,0.0,0.0,-0.18879954091163267,-0.5673081963648219,0.1831208541675251,0.004022215597776499,-0.005897197460592595,0.038562819586109943,-0.030138191358996647,0.01071674498301256,-0.04302458490693439,0.0,0.0,0.0,0.20499294456867956,0.5809294703893739,2.1580441399609813,0.19501900467785363,0.6091454860828702,2.1624560712120164,-0.021584204502059005,0.004417830242302252,0.012041986518529134,1.5254637525163348,2.5256421678503824,1.3185147634361558,-0.6243020352416042,-0.8693575925594769,0.4459927069374418,-0.015517372344354127,0.12266665186118225,-0.1183332782305271,0.16835679165780384,-0.12959561057978342,-0.384489737283546,-9.348179378801131e-05,-0.12259427615287354,0.1440619804807932,-0.16915546058026426,0.3507937158312659,0.5052122912453876,1.575065838549261,2.392126637804941,1.5180860496706106,-1.1614162295949166,-0.9236391599815941,1.0392371573601007,0.0,0.0,0.0,0.0,0.0,0.0,0.0,0.0,0.0,0.0,0.0,0.0,9.0,9.0,9.0,9.0,9.0,9.0,6.0,6.0,6.0,6.0,6.0,6.0,-0.0427611505237766,46.05183723389433,10.86682108469049,-0.18261404469817788,0.006505644410851108,5.186119339506412e-05,0.4103007297027668
7.533333333333316,-0.18827268543816322,-0.5683622328779423,0.1875238269379969,-0.0016945000200769547,-0.003928705397344816,0.03026312888147766,-0.012137070214760869,0.008185154589899726,-0.02766470901944355,0.0,0.0,0.0,-0.18869158046732076,-0.5674959495815828,0.18436911766402292,0.0034850696343908943,-0.005713209102309241,0.0378794918955413,-0.033561070196089116,0.011308721521890774,-0.04861222336928117,0.0,0.0,0.0,0.1965087615042665,0.5729994886893267,2.1550518743858498,0.18520781170849626,0.5973812971201288,2.1572367013299965,-0.020078671949338052,0.0017909834275574503,0.00909307194008577,1.5249432793722872,2.529530331229864,1.3147936231355035,-0.6189272107645334,-0.8731186740543878,0.4341334706012098,-0.015581920329066466,0.11865215154335396,-0.11386723208988506,0.16361542009401828,-0.1184201667581452,-0.3653479724858214,-0.0019364395413702011,-0.12043500953484877,0.1339813842192612,-0.14224114691356715,0.3352633146491461,0.5742529439317393,1.575065838549261,2.392126637804941,1.5180860496706106,-1.1614162295949166,-0.9236391599815941,1.0392371573601007,0.0,0.0,0.0,0.0,0.0,0.0,0.0,0.0,0.0,0.0,0.0,0.0,9.0,9.0,9.0,9.0,9.0,9.0,6.0,6.0,6.0,6.0,6.0,6.0,-0.04565827812052348,46.14162611892074,10.8538560512378,-0.19023331895104112,0.006879158226124282,6.293607666796319e-05,0.5400303425457247
7.5666666666666496,-0.1883590232287019,-0.5684824744808764,0.188472730082653,-0.0022798245158112632,-0.0036781585364911006,0.029044478522796315,-0.009201911750301155,0.008591700568282816,-0.035726578038822565,0.0,0.0,0.0,-0.18860120890026547,-0.5676767391681931,0.18558617680066317,0.0029464277820105455,-0.005504542774277186,0.03696277943107906,-0.03307126959799467,0.012296866123799433,-0.05881381778869743,0.0,0.0,0.0,0.18843374063138457,0.5656833946035906,2.152246494557467,0.17584073669995945,0.5862801160872734,2.1523361848267513,-0.01852911042256672,-0.0007932002439399559,0.0063162454107171745,1.524423095466614,2.5332369603451865,1.3112530940300873,-0.6138045318122731,-0.8765888832122717,0.4229931440961292,-0.015597651556486949,0.11368329948756994,-0.10876632613828965,0.15699205240987807,-0.10887757207705975,-0.34458918759688695,-0.00047193682261450776,-0.1490655616735205,0.1530271785478619,-0.1987010305242061,0.2862778404325635,0.6227635466680339,1.575065838549261,2.392126637804941,1.5180860496706106,-1.1614162295949166,-0.9236391599815941,1.0392371573601007,0.0,0.0,0.0,0.0,0.0,0.0,0.0,0.0,0.0,0.0,0.0,0.0,9.0,9.0,9.0,9.0,9.0,9.0,6.0,6.0,6.0,6.0,6.0,6.0,-0.047159090602844955,46.16830096504492,10.832330303240973,-0.19805648429340733,0.007131068708655874,6.401160294614017e-05,0.4990149549063979
7.599999999999983,-0.18846199941975778,-0.5685939613996737,0.1893785594010596,-0.002810070277450805,-0.003421977456458807,0.027776759522774506,-0.008332344434368253,0.008397434087143114,-0.03716442988705776,0.0,0.0,0.0,-0.188529496849608,-0.5678501225424244,0.1867689187416317,0.0023802012214488542,-0.0052808837965124585,0.035931532518191214,-0.03384007985183679,0.012816168885306567,-0.06325706425924338,0.0,0.0,0.0,0.18051321626685676,0.5590850889704116,2.149646044209266,0.16682295554168033,0.5758959826963533,2.1477593168513507,-0.016851659528313828,-0.003241272218480196,0.003664734287171639,1.5239103804219423,2.536838311573474,1.3078039099605068,-0.6086292303880734,-0.8797153885814982,0.4123663634243508,-0.015453518078927473,0.10992145772827495,-0.10523912343770846,0.1558367126206209,-0.0988226314102161,-0.32739867596786465,0.004324004326784298,-0.11285525277884965,0.10581608101743588,-0.03466019367771489,0.30164822000530944,0.5157153488706695,1.575065838549261,2.392126637804941,1.5180860496706106,-1.1614162295949166,-0.9236391599815941,1.0392371573601007,0.0,0.0,0.0,0.0,0.0,0.0,0.0,0.0,0.0,0.0,0.0,0.0,9.0,9.0,9.0,9.0,9.0,9.0,6.0,6.0,6.0,6.0,6.0,6.0,-0.02653883223992093,46.31360657872134,10.827562157799324,-0.20421871600363795,0.007530979111272096,6.304934596834677e-05,0.48914442436025585
7.633333333333316,-0.18858087630506534,-0.5686959256846763,0.19024292404268398,-0.0033067942715210167,-0.0031486890765211398,0.02652523193538467,-0.008080766758468942,0.008587685653219218,-0.03663645052727675,0.0,0.0,0.0,-0.18847739667713692,-0.5680154292418794,0.18791503751934252,0.0017855727278788323,-0.005037781192438328,0.034824271068032236,-0.03464966017786253,0.013545031050888667,-0.06583496001163702,0.0,0.0,0.0,0.1728602140523305,0.55318579302285,2.1472221641399645,0.1581793393488677,0.5662450623630231,2.1434976787271727,-0.015100250879778693,-0.005599411605378105,0.0011758454012864962,1.5234024335859353,2.540314173604529,1.304473706662478,-0.603501499593212,-0.88253615882878,0.4023437749230982,-0.015310109413113346,0.10615772653052301,-0.1016837737731424,0.15450018677076754,-0.08935628208237413,-0.3095846620143394,0.0043022599744238,-0.11291193593255854,0.10666048993698174,-0.04009577549560068,0.28399047983525916,0.5344204186057582,1.575065838549261,2.392126637804941,1.5180860496706106,-1.1614162295949166,-0.9236391599815941,1.0392371573601007,0.0,0.0,0.0,0.0,0.0,0.0,0.0,0.0,0.0,0.0,0.0,0.0,9.0,9.0,9.0,9.0,9.0,9.0,6.0,6.0,6.0,6.0,6.0,6.0,-0.02593225352728501,46.3940448063383,10.818544690589693,-0.21141323702097609,0.007860108054637216,6.53106672218462e-05,0.5322067554170243
7.666666666666649,-0.18871100138570499,-0.5687877454203898,0.1910607175472732,-0.003698872155097202,-0.002857634773261327,0.025177771912548837,-0.005710277483625804,0.00886713267978663,-0.03949986293262508,0.0,0.0,0.0,-0.18844401013135234,-0.568171968812067,0.18901992474074153,0.0012102546427546837,-0.004774060058300754,0.033587206709556526,-0.03319023498883977,0.014325117409576649,-0.07096276885373864,0.0,0.0,0.0,0.1655864485546535,0.5479347395884658,2.1449590126282456,0.14995737123583944,0.557321943097296,2.1395436368277445,-0.013331346742450064,-0.007893408957590138,-0.0011267774966346048,1.5229032147154389,2.543626773276207,1.30130125412489,-0.5985321966554907,-0.8850897015533293,0.39300223718003807,-0.015087747214299632,0.10163790227706329,-0.09734364200947446,0.15088612101134657,-0.08085628185177822,-0.2900256421993155,0.006670865964411438,-0.1355947276037914,0.13020395291003836,-0.1084219727826292,0.25500000691787716,0.5867705944507167,1.575065838549261,2.392126637804941,1.5180860496706106,-1.1614162295949166,-0.9236391599815941,1.0392371573601007,0.0,0.0,0.0,0.0,0.0,0.0,0.0,0.0,0.0,0.0,0.0,0.0,9.0,9.0,9.0,9.0,9.0,9.0,6.0,6.0,6.0,6.0,6.0,6.0,-0.024349259365481046,46.4283575048471,10.80390133435639,-0.21878410786196678,0.008142351013609161,6.671257980600531e-05,0.5467590200741981
7.699999999999982,-0.18885082610877704,-0.5688703337383083,0.19184088700289256,-0.00402463438440475,-0.0025784098404778204,0.023977940562279514,-0.004432772116409228,0.008313666696455857,-0.035081236143385784,0.0,0.0,0.0,-0.18842911790668007,-0.5683196786122622,0.1900846090880412,0.0006437652333663047,-0.0045057765936830346,0.032358082783296147,-0.03225787504040012,0.01433598145947812,-0.06949644952831635,0.0,0.0,0.0,0.1587608768173697,0.5433129141766072,2.1427880637392187,0.1421977212863461,0.5491263287511247,2.1358646572321245,-0.011564862930026435,-0.010130714047762376,-0.0032040673744873514,1.5224080148019663,2.5467872072008264,1.2982820482946464,-0.5937734475479323,-0.8874449386094915,0.38439100381995583,-0.014933247340886179,0.09708797925140972,-0.0928319972746961,0.1454703558216197,-0.07405683507383716,-0.2688998812680829,0.004634996202403583,-0.13649769076960733,0.13534934204335078,-0.16247295569180592,0.2039834033382319,0.6337728279369774,1.575065838549261,2.392126637804941,1.5180860496706106,-1.1614162295949166,-0.9236391599815941,1.0392371573601007,0.0,0.0,0.0,0.0,0.0,0.0,0.0,0.0,0.0,0.0,0.0,0.0,9.0,9.0,9.0,9.0,9.0,9.0,6.0,6.0,6.0,6.0,6.0,6.0,-0.028382356174563306,46.501596133301945,10.795342577930038,-0.22628825267972552,0.008380813997789449,6.896001632078486e-05,0.5202987653486362
7.733333333333316,-0.18899871261506526,-0.5689438842162162,0.19258487619678008,-0.004295126344885411,-0.0023067710449597855,0.022856490717417386,-0.0034415106721792047,0.007921361044171776,-0.03276249186931649,0.0,0.0,0.0,-0.1884323174588262,-0.5684583435587222,0.19110847947369777,8.927234786585499e-05,-0.004231371990406526,0.03111494265310029,-0.03119623536004923,0.014425070545659224,-0.06911440767502874,0.0,0.0,0.0,0.15244732722711368,0.5392838767180802,2.140637804126124,0.1349407335237318,0.5416489047774204,2.132418425198799,-0.009826936461595714,-0.01231259962379893,-0.00502294335756681,1.5219115422993166,2.54979290856678,1.2954150744687678,-0.5892716562454708,-0.8896763209369208,0.3765482917782378,-0.014907199166622096,0.09247668706954258,-0.0882834756091373,0.13852594465643522,-0.06931325823986828,-0.2464875345903878,0.0007814452279224966,-0.1383387654560141,0.13645564996676404,-0.20833233495553452,0.1423073050190664,0.672370400330853,1.575065838549261,2.392126637804941,1.5180860496706106,-1.1614162295949166,-0.9236391599815941,1.0392371573601007,0.0,0.0,0.0,0.0,0.0,0.0,0.0,0.0,0.0,0.0,0.0,0.0,9.0,9.0,9.0,9.0,9.0,9.0,6.0,6.0,6.0,6.0,6.0,6.0,-0.03686700442497326,46.565496191174766,10.784622414423552,-0.23350151587868284,0.008577837999343085,7.03889124581969e-05,0.5002347678804436
7.766666666666649,-0.18915276465004943,-0.5690105861467143,0.1932900718500166,-0.004509025340896987,-0.002081362850375023,0.021708953131330186,-0.0023737678301369927,0.006400487723111374,-0.033595462403650765,0.0,0.0,0.0,-0.18845289217383765,-0.5685886199963274,0.192089248957292,-0.0004446485591786452,-0.003973137668805646,0.029811194425929846,-0.029749099441708005,0.013456472862806379,-0.07097521280396668,0.0,0.0,0.0,0.14667511968604377,0.535800304740324,2.1384671648492657,0.12821348453350162,0.5348714996505648,2.129169369835086,-0.008142479992535208,-0.01442694987311063,-0.006576020794206868,1.5214119153381083,2.5526399528780117,1.292692695305593,-0.5850469589431786,-0.8918325725548556,0.369476762513373,-0.014961605613043156,0.08776644858114217,-0.08387540846654376,0.13066926093132405,-0.06622945177198455,-0.22359309682742387,-0.0016321933926317848,-0.14130715465201218,0.13224201427780619,-0.23570051175333478,0.09251419403651161,0.6868331328889182,1.575065838549261,2.392126637804941,1.5180860496706106,-1.1614162295949166,-0.9236391599815941,1.0392371573601007,0.0,0.0,0.0,0.0,0.0,0.0,0.0,0.0,0.0,0.0,0.0,0.0,9.0,9.0,9.0,9.0,9.0,9.0,6.0,6.0,6.0,6.0,6.0,6.0,-0.041830322788147356,46.619241563892054,10.77101678773366,-0.24029834014335655,0.008787066538496369,6.96110964517882e-05,0.48404090962950536
7.799999999999982,-0.18930748722605625,-0.5690709033675738,0.19395013852453197,-0.004594090373974264,-0.0018809251939851507,0.020425737085286708,0.0008985718012100691,0.005561281199108153,-0.03773904172851102,0.0,0.0,0.0,-0.18848834305491222,-0.5687106889197459,0.19302272990225694,-0.0009106687333919983,-0.0037220875063155552,0.028390792474855785,-0.02607653674516852,0.012931021291683109,-0.07550153872411114,0.0,0.0,0.0,0.1414142418896403,0.5327889774225666,2.1363105374508797,0.12201529140725986,0.5287597334022305,2.12611299861531,-0.0065398172679235565,-0.016440048391867267,-0.007901357585979854,1.5209196776717815,2.5553122779257387,1.2901265124668846,-0.5811011881436313,-0.8939049112475927,0.36311401700449636,-0.014831955197552866,0.08270198381492573,-0.07928212626301491,0.12247183630138553,-0.06352325777873796,-0.2017859424533415,0.0038895124647087033,-0.15193394298649343,0.13779846610586566,-0.24592273889815577,0.08118581979739756,0.6542146312224713,1.575065838549261,2.392126637804941,1.5180860496706106,-1.1614162295949166,-0.9236391599815941,1.0392371573601007,0.0,0.0,0.0,0.0,0.0,0.0,0.0,0.0,0.0,0.0,0.0,0.0,9.0,9.0,9.0,9.0,9.0,9.0,6.0,6.0,6.0,6.0,6.0,6.0,-0.0295239496652564,46.65767637144496,10.758118196510152,-0.24614457543287804,0.009039788804868554,6.410815229093703e-05,0.47225346782878297
7.833333333333315,-0.18945867793547305,-0.5691247063684928,0.19456185652276592,-0.004552031976889774,-0.0016864267848431033,0.019032619268504542,0.004165726433145323,0.005332914869600779,-0.04112349877847457,0.0,0.0,0.0,-0.18853607478529522,-0.5688244350275582,0.19390553134059732,-0.0012993017707042995,-0.0034692230158951455,0.026866026891699042,-0.022005161254268213,0.012843722766458399,-0.0794100182349573,0.0,0.0,0.0,0.13665874722551186,0.5301904751811612,2.134156100494442,0.11634826162680581,0.5232782591116424,2.1232325821281828,-0.005037031417537095,-0.018335543008301095,-0.009004512977296604,1.5204390642378949,2.5578015244295917,1.2877208539122504,-0.577443511125045,-0.8959206944845551,0.35742615959582297,-0.014556253743585355,0.07735225801536229,-0.07454054651368978,0.1139774858055205,-0.06149008399882547,-0.18101912899124795,0.00827104361902531,-0.16049177398690337,0.14224739247975374,-0.2548305148759507,0.060995213397374876,0.6230044038628069,1.575065838549261,2.392126637804941,1.5180860496706106,-1.1614162295949166,-0.9236391599815941,1.0392371573601007,0.0,0.0,0.0,0.0,0.0,0.0,0.0,0.0,0.0,0.0,0.0,0.0,9.0,9.0,9.0,9.0,9.0,9.0,6.0,6.0,6.0,6.0,6.0,6.0,-0.019525689615195407,46.696597633696136,10.74679273658869,-0.25158829379460423,0.009245565665162658,5.898388406877508e-05,0.4470296845536209
7.8666666666666485,-0.18960312126854012,-0.5691727824020111,0.19512143741492768,-0.004403199164447786,-0.001509774676403365,0.017526829084083574,0.006871680254394143,0.004781138476310742,-0.044596593881283446,0.0,0.0,0.0,-0.18859360898286612,-0.568930074681859,0.19473411697886384,-0.0016121939473558726,-0.0032217784014774518,0.025234980325728597,-0.01806838926964227,0.012416744568092497,-0.08338471658314983,0.0,0.0,0.0,0.1323922396655815,0.5279470846479125,2.131998413392778,0.11120866832447818,0.518388852772681,2.1205122203752427,-0.003647847246996035,-0.020096282966642398,-0.009897771630120773,1.519973529077092,2.560101939805401,1.2854744336560804,-0.574071899956314,-0.8978994746111981,0.3523705803233153,-0.01416278779725534,0.07179239352130853,-0.06977525396129901,0.10542471864312625,-0.060072297199133255,-0.16145129511390294,0.011803978389900474,-0.16679593482161256,0.1429587765717233,-0.2565830148718275,0.04253360399076645,0.5870350163203499,1.575065838549261,2.392126637804941,1.5180860496706106,-1.1614162295949166,-0.9236391599815941,1.0392371573601007,0.0,0.0,0.0,0.0,0.0,0.0,0.0,0.0,0.0,0.0,0.0,0.0,9.0,9.0,9.0,9.0,9.0,9.0,6.0,6.0,6.0,6.0,6.0,6.0,-0.010987375118878262,46.73457331106456,10.735893503483814,-0.25663560628218013,0.009437321381772446,5.3698498734544575e-05,0.4230282614023695
7.899999999999982,-0.1897381638259195,-0.5692154730749975,0.19563088690513203,-0.004165758708129111,-0.001345835769285834,0.016022735992218547,0.009121022874654824,0.004400372193079365,-0.04463727529052488,0.0,0.0,0.0,-0.18865854407539318,-0.5690277299065273,0.19550742968207577,-0.001851605684119362,-0.0029783844066499153,0.023561463605089344,-0.014292704695294756,0.012063422121562084,-0.0842977142676502,0.0,0.0,0.0,0.1284585102767793,0.5260183925727517,2.129882572375121,0.10653030670188214,0.5140565747449508,2.1179573532375806,-0.002351945111305839,-0.021659437819217454,-0.010633683026615,1.5195314687028159,2.5622442401679315,1.2833563731864055,-0.57086598520713,-0.8998072779717251,0.3477808009259733,-0.013562136751271934,0.06677680509104482,-0.065619627380598,0.09925986786472261,-0.05818016627691845,-0.14561268631814075,0.01801953137950217,-0.15046765290791136,0.12466879742103035,-0.18494552335210895,0.05676392766644418,0.4751582638728652,1.575065838549261,2.392126637804941,1.5180860496706106,-1.1614162295949166,-0.9236391599815941,1.0392371573601007,0.0,0.0,0.0,0.0,0.0,0.0,0.0,0.0,0.0,0.0,0.0,0.0,9.0,9.0,9.0,9.0,9.0,9.0,6.0,6.0,6.0,6.0,6.0,6.0,0.00852365701929525,46.81495579427671,10.733789788376672,-0.2607424811252157,0.00968523840943325,4.4680280763820246e-05,0.3888027418051242
7.933333333333315,-0.18986200030843994,-0.5692527975958801,0.1960906124992535,-0.0038627029301466637,-0.0011862764055324592,0.014527421852745089,0.010715283455777118,0.004280300447605467,-0.044459986474676555,0.0,0.0,0.0,-0.18872870090201996,-0.5691174061972142,0.19622441331912813,-0.0020236503583430606,-0.0027358214665723223,0.02185496993760735,-0.010858449320754193,0.01187075375763591,-0.08477058375392721,0.0,0.0,0.0,0.1249116190108309,0.5244503975537086,2.127818801113606,0.10231761974899706,0.5102835544746552,2.115565736599384,-0.0011414548116452684,-0.023078191368420792,-0.011228775232234825,1.5191177044496351,2.564217480186974,1.2813842743464654,-0.5678609943885101,-0.9016289343193845,0.3437264444736169,-0.012795997314040351,0.06172373541119767,-0.06131518592566804,0.09318643899396951,-0.055826515712161975,-0.12962469115317457,0.02298418311694751,-0.1515920903954145,0.1291332436478987,-0.18220286612259287,0.07060951694269427,0.47963985494898564,1.575065838549261,2.392126637804941,1.5180860496706106,-1.1614162295949166,-0.9236391599815941,1.0392371573601007,0.0,0.0,0.0,0.0,0.0,0.0,0.0,0.0,0.0,0.0,0.0,0.0,9.0,9.0,9.0,9.0,9.0,9.0,6.0,6.0,6.0,6.0,6.0,6.0,0.020988733062741627,46.86211531283216,10.730178874387834,-0.2648894891430639,0.009920158899791254,4.5784700437145887e-05,0.4378116732539241
7.966666666666648,-0.18997472736211135,-0.5692834501791361,0.19650118947411732,-0.0035398273055051396,-0.001001800913797354,0.013046424197172795,0.010959710266505858,0.0050370021675200894,-0.04411452085431624,0.0,0.0,0.0,-0.1888027048137512,-0.5691985279723089,0.1968843199494175,-0.0021500565528437886,-0.002478588869596744,0.02012486534414308,-0.008503582700936096,0.012421070888004593,-0.08481437260690905,0.0,0.0,0.0,0.12175314343569904,0.5233333082778744,2.1258496115043215,0.09856627991610024,0.5070995696625105,2.1133488929580846,1.6107915210405305e-05,-0.024383837021863725,-0.011725495233907328,1.5187384071692442,2.566021230944026,1.2795681290447172,-0.5650330865224046,-0.9033068011323085,0.3402461958988903,-0.011851278045831668,0.05664959361143581,-0.05676130134352244,0.08762030365343323,-0.05216617482920126,-0.11281320187892216,0.02834157804626051,-0.1522242539928557,0.13661653746436805,-0.1669840602160885,0.10981022648882158,0.5043446782275725,1.575065838549261,2.392126637804941,1.5180860496706106,-1.1614162295949166,-0.9236391599815941,1.0392371573601007,0.0,0.0,0.0,0.0,0.0,0.0,0.0,0.0,0.0,0.0,0.0,0.0,9.0,9.0,9.0,9.0,9.0,9.0,6.0,6.0,6.0,6.0,6.0,6.0,0.03400757785540387,46.90923522293907,10.729697528390032,-0.26840120117288013,0.01019931183335343,5.085882499700212e-05,0.4478493575698788
7.999999999999981,-0.19007631884938475,-0.5693037120210681,0.1968641588835457,-0.0032098690828715527,-0.0007344549018169829,0.011600922897442625,0.010858972203654074,0.007537966674776877,-0.04312282198085521,0.0,0.0,0.0,-0.18887931570766792,-0.5692693294434154,0.19748704059031383,-0.002237546146780709,-0.002173622941469087,0.018389043878832678,-0.006500270557230792,0.014541158513717178,-0.08402804194382485,0.0,0.0,0.0,0.11896435583697826,0.5226803916340524,2.124012094578268,0.09526388727717393,0.5045113699788083,2.1113201555866667,0.0011225487798505766,-0.025576300651903736,-0.012150964955366123,1.5183974802947906,2.5676510756198527,1.277926859315988,-0.5623771910413682,-0.9048036717161017,0.33732572703669705,-0.010768963504351182,0.05148009138701592,-0.05174582835575817,0.08232467750520696,-0.04732613661892952,-0.09601377787017229,0.03246943624441462,-0.1550850667325968,0.15046418963292824,-0.15886878444678823,0.14520114630815223,0.5039827202624959,1.575065838549261,2.392126637804941,1.5180860496706106,-1.1614162295949166,-0.9236391599815941,1.0392371573601007,0.0,0.0,0.0,0.0,0.0,0.0,0.0,0.0,0.0,0.0,0.0,0.0,9.0,9.0,9.0,9.0,9.0,9.0,6.0,6.0,6.0,6.0,6.0,6.0,0.04310293744739946,46.95116362203413,10.731572535145801,-0.2714986498762423,0.01044721502942636,5.238738404025889e-05,0.37585052165538946
8.033333333333315,-0.19016684210288481,-0.5693139781029815,0.19718316877974085,-0.002878777742232881,-0.000447087802069447,0.010240307266989919,0.010653820916871674,0.008180115841409876,-0.04062807506653183,0.0,0.0,0.0,-0.1889573996010141,-0.5693294284851633,0.19803369062887433,-0.0022898754886332587,-0.0018517922026304416,0.016681792001627904,-0.0047025795030672946,0.01517025462639765,-0.0816410004756829,0.0,0.0,0.0,0.11647808555519869,0.522295270899183,2.1222890558803216,0.09237588797672361,0.5024328768104245,2.1094705607552835,0.002115493744144466,-0.026585455685618653,-0.012484360337234775,1.5180889163814058,2.5691154629275634,1.2764505014062568,-0.5599104234025325,-0.9061728069976602,0.3348141436511901,-0.009760932769146906,0.046447776616556066,-0.046775767646545764,0.07677691194511489,-0.04315808450414741,-0.08223626033352899,0.03024092205612827,-0.15096944311379548,0.14910182127637214,-0.16643296680276215,0.12504156344346312,0.41332552609929923,1.575065838549261,2.392126637804941,1.5180860496706106,-1.1614162295949166,-0.9236391599815941,1.0392371573601007,0.0,0.0,0.0,0.0,0.0,0.0,0.0,0.0,0.0,0.0,0.0,0.0,9.0,9.0,9.0,9.0,9.0,9.0,6.0,6.0,6.0,6.0,6.0,6.0,0.03902466676210237,46.99540882262465,10.729861552311808,-0.2751567277432922,0.010572886729395048,4.011941873086067e-05,0.2240206095234137
8.066666666666649,-0.1902459583249063,-0.5693093016012353,0.19745609195889263,-0.002540016779079701,-5.472787701621493e-05,0.00886392804394927,0.010696147043240645,0.011332246396730866,-0.041149986057785234,0.0,0.0,0.0,-0.18903567830831916,-0.569376377866793,0.19852344463455857,-0.002303888610536203,-0.0014643033024714107,0.014958005982430288,-0.0027786024747085136,0.018117193383655916,-0.08144938607501251,0.0,0.0,0.0,0.11420651761592092,0.522249571067472,2.1203709478710686,0.08984981310913859,0.5008683476952005,2.107661941502714,0.003086125695288173,-0.027396529343779105,-0.012577774878593198,1.5177846726967859,2.57048532310235,1.275027490295712,-0.5574188502943129,-0.9076657398142323,0.33266263798173457,-0.009338517948779105,0.042879795701253616,-0.04405214475974235,0.07542376614609696,-0.044244684499490226,-0.07044220016695382,0.012672444611034018,-0.10703942745907348,0.08170868660410262,-0.04059437397053821,-0.032597999860284506,0.35382180499725513,1.575065838549261,2.392126637804941,1.5180860496706106,-1.1614162295949166,-0.9236391599815941,1.0392371573601007,0.0,0.0,0.0,0.0,0.0,0.0,0.0,0.0,0.0,0.0,0.0,0.0,9.0,9.0,9.0,9.0,9.0,9.0,6.0,6.0,6.0,6.0,6.0,6.0,0.006801410372930583,47.09091907171299,10.726126046207451,-0.27851248749418334,0.010347118139466982,4.092343809952714e-05,0.23967008226833178
8.099999999999982,-0.19031377275828343,-0.5692845416542359,0.19768131759609409,-0.002200178028955894,0.00047443229727113165,0.007448277932745411,0.010572072752176594,0.015404569276123718,-0.042364628999771184,0.0,0.0,0.0,-0.18911305261378564,-0.5694071385417968,0.19895535356541857,-0.002283757190055135,-0.0009886327585628618,0.013207781596978397,-0.0010780381826038798,0.022104472288459576,-0.0817511620123792,0.0,0.0,0.0,0.11205915486718641,0.5226113811846193,2.117991787046464,0.08762396261241713,0.499838526744075,2.105736992297109,0.004096776024734288,-0.027998348310305694,-0.01233864451885795,1.517460030265586,2.571824532640078,1.2735607420259165,-0.5547055023074191,-0.9094962061309202,0.33082018890859666,-0.009605687940254886,0.041077455988313805,-0.04401901364915362,0.0794082151199078,-0.05135755450025617,-0.060329714851743,-0.00801509974427341,-0.05407019138819424,0.0009939333176617136,0.11953346921432499,-0.21338610002297836,0.3033745594563245,1.575065838549261,2.392126637804941,1.5180860496706106,-1.1614162295949166,-0.9236391599815941,1.0392371573601007,0.0,0.0,0.0,0.0,0.0,0.0,0.0,0.0,0.0,0.0,0.0,0.0,9.0,9.0,9.0,9.0,9.0,9.0,6.0,6.0,6.0,6.0,6.0,6.0,-0.0314174699160108,47.19836660163996,10.7235102587051,-0.28170041512644123,0.010058177786305578,4.53420306095742e-05,0.2462609805773611
8.133333333333315,-0.19037075736006875,-0.5692419149412518,0.1978641248430574,-0.0018694992801872486,0.0010050624059176707,0.006125418753181398,0.010150398870305803,0.015461261111883225,-0.03957936466486544,0.0,0.0,0.0,-0.18918864104621327,-0.5694215262502873,0.19933133613738746,-0.002235741271326644,-0.0004952514508905389,0.01150376483943851,0.00030289934101146443,0.022695278737252522,-0.07861190982252397,0.0,0.0,0.0,0.11005022373649394,0.5233413996390973,2.1153326556795107,0.0856769410603757,0.49932449247041766,2.103712374943444,0.005088590874548361,-0.02842442896972864,-0.011918610233020968,1.5171311233864249,2.5731065013261936,1.2721063590152224,-0.5518648931581576,-0.9115135700049127,0.3292820969623256,-0.009780033563308031,0.03933185905175384,-0.043760664763599376,0.08328158802520043,-0.0574664623132677,-0.05087174387600285,-0.005230368691594324,-0.05236790809679887,0.007750466566627398,0.11620118715877892,-0.18326723439034584,0.28373912927220457,1.575065838549261,2.392126637804941,1.5180860496706106,-1.1614162295949166,-0.9236391599815941,1.0392371573601007,0.0,0.0,0.0,0.0,0.0,0.0,0.0,0.0,0.0,0.0,0.0,0.0,9.0,9.0,9.0,9.0,9.0,9.0,6.0,6.0,6.0,6.0,6.0,6.0,-0.024684891591384428,47.23721158647168,10.725860948901207,-0.28496886300914137,0.010294269972425774,4.304825928164169e-05,0.23973169964574711
8.166666666666648,-0.1904166430987761,-0.5691703152432732,0.19799795281156155,-0.0015353068531197842,0.0017556232606323933,0.004698611211263366,0.010127683781954165,0.02203569944005353,-0.04270602829228776,0.0,0.0,0.0,-0.1892613779333975,-0.5694141921842296,0.1996491270463487,-0.0021560190831753753,0.0001388695003761804,0.009748561002676532,0.0018481869100255288,0.02913843161172025,-0.08016349691370772,0.0,0.0,0.0,0.10791831691049654,0.5244410061605579,2.1119819029725475,0.08387685800831858,0.499318685913699,2.1013907907820983,0.006156906692602344,-0.028566220809525443,-0.011128870148996621,1.5167578075920012,2.574437987687617,1.2705007463436773,-0.5485246802098408,-0.9140680274709707,0.3278133340522032,-0.010726327076242912,0.039740346912391276,-0.04669914168543492,0.09456478830806729,-0.07024463675891629,-0.046332506161114596,-0.028388805388046424,0.01225463581912316,-0.08815430765506625,0.3384960084860059,-0.3833452333694577,0.13617713144664761,1.575065838549261,2.392126637804941,1.5180860496706106,-1.1614162295949166,-0.9236391599815941,1.0392371573601007,0.0,0.0,0.0,0.0,0.0,0.0,0.0,0.0,0.0,0.0,0.0,0.0,9.0,9.0,9.0,9.0,9.0,9.0,6.0,6.0,6.0,6.0,6.0,6.0,-0.06719502722710269,47.3627761284619,10.726705860414617,-0.28791376949528885,0.009948003958765383,3.93042864205162e-05,0.1754158215925982
8.199999999999982,-0.1904510008835797,-0.5690581242758768,0.1980765359297408,-0.0011879310100789174,0.0028055500419937873,0.0031055853810526605,0.010363718834046414,0.03095250735440358,-0.04768802029989971,0.0,0.0,0.0,-0.18933016073152853,-0.5693782242849281,0.19990566429348636,-0.002043081091414829,0.0009723618725652516,0.007907117462196784,0.003446199599763222,0.03830011894466523,-0.08338252076299124,0.0,0.0,0.0,0.10549694569498254,0.5258000318586008,2.107268493802621,0.08210142113753495,0.49976951199839315,2.098410886288984,0.007334647756345326,-0.02833818029345256,-0.009665536273643192,1.51627117676627,2.5759345100650504,1.2685462375222687,-0.5443795239289734,-0.9177628398561588,0.3262296011554869,-0.013308058873371522,0.043177229852801195,-0.05465655698998023,0.11442472172003876,-0.09731112662340025,-0.04711882665469784,-0.07745195391385833,0.10310648821229756,-0.23872245913635945,0.5957980023591443,-0.8119946959345188,-0.023589614807497328,1.575065838549261,2.392126637804941,1.5180860496706106,-1.1614162295949166,-0.9236391599815941,1.0392371573601007,0.0,0.0,0.0,0.0,0.0,0.0,0.0,0.0,0.0,0.0,0.0,0.0,9.0,9.0,9.0,9.0,9.0,9.0,6.0,6.0,6.0,6.0,6.0,6.0,-0.16660383287611413,47.51531111834617,10.719557672662924,-0.29247150783036774,0.009074914106514509,3.471463265586339e-05,0.3404048639743775
8.233333333333315,-0.19047406354297286,-0.5688903322074256,0.1980890218121612,-0.0008335826491497993,0.004241630061980492,0.001228004679722957,0.010264520218553853,0.04241488547097622,-0.05621257644738196,0.0,0.0,0.0,-0.18939426397072395,-0.5693043252594419,0.20009551241128978,-0.0019064608125170545,0.0020755253873420876,0.005912892477422131,0.004571220435774848,0.05070469357832863,-0.08974756839335596,0.0,0.0,0.0,0.10256167035752958,0.5274623907378241,2.100410814911664,0.08019510176735992,0.5006796728218031,2.094302226622698,0.008734021001192457,-0.02767920300684639,-0.007243781397805039,1.5155929101538337,2.577744765709609,1.2659973588178566,-0.5389750755374801,-0.9232616402494779,0.3243733025647934,-0.018001351873185713,0.05059752284211216,-0.06919642641823986,0.14623054173654393,-0.14241305007418084,-0.0528322473654355,-0.14079878999442574,0.22260878967932884,-0.4361960828477889,0.9541746004951552,-1.3530577035234177,-0.1714026213221297,1.575065838549261,2.392126637804941,1.5180860496706106,-1.1614162295949166,-0.9236391599815941,1.0392371573601007,0.0,0.0,0.0,0.0,0.0,0.0,0.0,0.0,0.0,0.0,0.0,0.0,9.0,9.0,9.0,9.0,9.0,9.0,6.0,6.0,6.0,6.0,6.0,6.0,-0.29545660977075805,47.71190110431106,10.71276322742417,-0.2976667395559027,0.00794678116635561,3.824408791741618e-05,0.6072292631322185
8.266666666666648,-0.1904860245481403,-0.5686723697935321,0.19804366214862543,-0.0004760805695985769,0.005688466303634902,-0.0005843164602269239,0.009796489783873237,0.04283412722783734,-0.05405672792846749,0.0,0.0,0.0,-0.18945308518072757,-0.5691911187285176,0.20022040082568685,-0.0017507605824511594,0.003253979027237547,0.0039412368747715676,0.005463910031719532,0.053721001052332795,-0.08771133840001344,0.0,0.0,0.0,0.09916152547229076,0.5293265085110858,2.0916739814584164,0.07810780628434306,0.5019955912754893,2.088988466605819,0.010222653618009269,-0.026673931780393643,-0.004173714729981555,1.5147443288793674,2.5798187957409917,1.262952690901725,-0.5325144221491729,-0.930354716371537,0.32226519993388686,-0.022972076113718952,0.05834644157501944,-0.08395883379537675,0.17795658167832526,-0.18933253913257667,-0.0597728017399423,-0.1491217272159971,0.23246756198721846,-0.4428722213141064,0.9517811982534397,-1.407584671751875,-0.208216631235204,1.575065838549261,2.392126637804941,1.5180860496706106,-1.1614162295949166,-0.9236391599815941,1.0392371573601007,0.0,0.0,0.0,0.0,0.0,0.0,0.0,0.0,0.0,0.0,0.0,0.0,9.0,9.0,9.0,9.0,9.0,9.0,6.0,6.0,6.0,6.0,6.0,6.0,-0.31593495188313536,47.774106689648605,10.717790286935726,-0.30409393462928574,0.008067379041977851,3.248517574355736e-05,0.08941933960552595
8.299999999999981,-0.19048320984498307,-0.5683712154170257,0.19791445944300673,-2.817701173773654e-05,0.007767971045962873,-0.002914160607211545,0.011546020137785846,0.061778238043226345,-0.06940212849632461,0.0,0.0,0.0,-0.189504696688663,-0.5690220545780131,0.20026932427485478,-0.001542415902957744,0.004871058447931626,0.0016889948936140708,0.007943447551250316,0.07400206743838211,-0.10014430820916242,0.0,0.0,0.0,0.09503694865192605,0.5313368418870065,2.079983133210211,0.0756777904612731,0.5036763480858127,2.0819045732029577,0.011927240755778694,-0.025194731607195056,2.4942535232973413e-05,1.5136170802809894,2.5822889094973833,1.2591732781549418,-0.524511565515913,-0.9399846624923726,0.31970755171896875,-0.030202330672136242,0.06885108898616958,-0.10357453286745935,0.21937599322463736,-0.25570976879423557,-0.0710772315450104,-0.2169076367525187,0.31513942233450437,-0.5884709721624782,1.2425823463893624,-1.9913168898497664,-0.33913289415204284,1.575065838549261,2.392126637804941,1.5180860496706106,-1.1614162295949166,-0.9236391599815941,1.0392371573601007,0.0,0.0,0.0,0.0,0.0,0.0,0.0,0.0,0.0,0.0,0.0,0.0,9.0,9.0,9.0,9.0,9.0,9.0,6.0,6.0,6.0,6.0,6.0,6.0,-0.46741737631319236,47.925509697963676,10.714833468908282,-0.3107713949506206,0.006827871256684048,3.293854961455844e-05,0.9137485732871966
8.333333333333314,-0.19045785917434377,-0.5679683495743759,0.19768499639238174,0.0006292187666976957,0.01037808818361902,-0.0057715021337613,0.01606256306359205,0.07775723366839112,-0.08491372985222473,0.0,0.0,0.0,-0.18954535604306835,-0.568782831820247,0.20023217281750527,-0.001229551867730317,0.006922441310404023,-0.0008656265053497982,0.012862474242269606,0.09384840566475638,-0.11348514754658945,0.0,0.0,0.0,0.08987532786610249,0.5333712281743918,2.064504542133563,0.07269338954741279,0.5056495208786146,2.0724673165051724,0.013907283659137374,-0.023121836929404307,0.0055857933986581156,1.5121287198132907,2.585283710624802,1.2544501121644003,-0.5145573481124738,-0.9529033686040314,0.3164532126790306,-0.039834652911357585,0.08284638554376154,-0.12898816409998398,0.27220967914366523,-0.3436107118312562,-0.08877919131376691,-0.2889696671766404,0.419858896727759,-0.7624089369757393,1.585010577570836,-2.637028291110619,-0.5310587930626951,1.575065838549261,2.392126637804941,1.5180860496706106,-1.1614162295949166,-0.9236391599815941,1.0392371573601007,0.0,0.0,0.0,0.0,0.0,0.0,0.0,0.0,0.0,0.0,0.0,0.0,9.0,9.0,9.0,9.0,9.0,9.0,6.0,6.0,6.0,6.0,6.0,6.0,-0.6262854779970461,48.124001643936985,10.71596652902078,-0.3192071505479362,0.00547115901696138,2.7685873570104658e-05,1.256577997729327
8.366666666666648,-0.19040964835034324,-0.567484257545327,0.19737598066818546,0.0013655090164207094,0.01274453187698123,-0.008376976155486653,0.015937416348051885,0.07145113482487016,-0.0764245629453455,0.0,0.0,0.0,-0.1895737850711173,-0.5684762469769876,0.20011336802367732,-0.0008681959121049781,0.008965425862429089,-0.003350175402273168,0.015058111630936288,0.09240977864071986,-0.10896575303728584,0.0,0.0,0.0,0.08415749173028408,0.5353698271764192,2.046225827188215,0.06926036286979455,0.50785397218001,2.0608346456763607,0.015870126396353063,-0.020801142496602715,0.011753890669446739,1.5103690264116278,2.588559384065448,1.2491981612740986,-0.5034978512258893,-0.9682712826691272,0.3129529218449574,-0.04847208567037388,0.0931289306608403,-0.14803507250603232,0.31192649744624507,-0.42189518524566905,-0.09959888045272063,-0.25912298277048895,0.3084763535123628,-0.5714072521814496,1.1915045490773948,-2.3485342024323868,-0.32459067416861165,1.575065838549261,2.392126637804941,1.5180860496706106,-1.1614162295949166,-0.9236391599815941,1.0392371573601007,0.0,0.0,0.0,0.0,0.0,0.0,0.0,0.0,0.0,0.0,0.0,0.0,9.0,9.0,9.0,9.0,9.0,9.0,6.0,6.0,6.0,6.0,6.0,6.0,-0.5848681057141971,48.04546207305228,10.732015104390427,-0.3303441655619788,0.006510996300645999,2.6060801856631066e-05,0.18428223321257503
8.39999999999998,-0.19032257823348356,-0.5668918701241044,0.19696203219685302,0.0024834019917430034,0.015491424644412308,-0.011423249983717028,0.024044298765041997,0.08346978175617502,-0.08895632613055282,0.0,0.0,0.0,-0.18958307558778958,-0.5680875107643178,0.19990213941117518,-0.0003211560328332533,0.01138886267231523,-0.006102081414335041,0.023758128434716586,0.10951254473236993,-0.120580485160652,0.0,0.0,0.0,0.07748852215942055,0.5369135584304323,2.02371520719311,0.06519345664054112,0.5100792357922995,2.0463099942056253,0.017904752746186935,-0.017910184562099717,0.019240302480721984,1.5081930845696903,2.5922845661179674,1.2431154927517303,-0.4908585647121619,-0.9874329112001011,0.30881648431202835,-0.059676198728878374,0.10554661793733994,-0.1709983946160419,0.35676122942329774,-0.5238642990346997,-0.11592837747615461,-0.33612339175513484,0.37253061829498896,-0.6888996633002877,1.3450419593115797,-3.0590734136709177,-0.48988491070301976,1.575065838549261,2.392126637804941,1.5180860496706106,-1.1614162295949166,-0.9236391599815941,1.0392371573601007,0.0,0.0,0.0,0.0,0.0,0.0,0.0,0.0,0.0,0.0,0.0,0.0,9.0,9.0,9.0,9.0,9.0,9.0,6.0,6.0,6.0,6.0,6.0,6.0,-0.7678199131553414,48.19695148858385,10.732292618187884,-0.34311610840637413,0.005015919812624059,9.125185536917879e-06,2.2885267359423307
8.433333333333314,-0.19018315656776796,-0.5661836982083832,0.19643490505631833,0.004021038983597049,0.018447161096649716,-0.01477172231087356,0.03183253626974913,0.09131150471384138,-0.09695499818113694,0.0,0.0,0.0,-0.18956593040074848,-0.5676073017583535,0.199591055448962,0.0004419338931361355,0.01410904645235853,-0.009085071221078943,0.03380245766729972,0.1224492708505629,-0.1303535792641224,0.0,0.0,0.0,0.07001677143398846,0.5379094260347719,1.9968958837090176,0.060475282721345745,0.5122079808101003,2.0285892223969086,0.019931769541721475,-0.014589257819800642,0.027838970243510903,1.5055930388404701,2.5963479650002,1.2363769753207259,-0.4769394772026705,-1.0104878008742315,0.30425507936563273,-0.07189298082736265,0.11645018362376858,-0.19176981349210312,0.397302159997594,-0.6357192264941773,-0.12987089141996405,-0.3665034629545283,0.3271069705928594,-0.6231425662818362,1.216227917228888,-3.35564782378433,-0.4182754183142834,1.575065838549261,2.392126637804941,1.5180860496706106,-1.1614162295949166,-0.9236391599815941,1.0392371573601007,0.0,0.0,0.0,0.0,0.0,0.0,0.0,0.0,0.0,0.0,0.0,0.0,9.0,9.0,9.0,9.0,9.0,9.0,6.0,6.0,6.0,6.0,6.0,6.0,-0.8638889744768523,48.21076949664841,10.74422356456599,-0.3561623952876609,0.004471032162094879,5.359609920874142e-06,1.252835728381217
8.466666666666647,-0.1899956132527275,-0.5653919549204198,0.1958250143003107,0.005599427534300816,0.020825893617740357,-0.017570755875334982,0.027759564898321445,0.07681114221735717,-0.07925649692338008,0.0,0.0,0.0,-0.1895218494637007,-0.5670448039625806,0.1991891991900024,0.0012498248228864635,0.016635149079105918,-0.011866839921202502,0.035583415266886576,0.1119004565147872,-0.11946431741476049,0.0,0.0,0.0,0.062052843791486484,0.5383758900685904,1.9667855590012635,0.05519539734503063,0.5141812825113496,2.0079001299931947,0.021774249826313815,-0.011100170782629298,0.03680216579691945,1.5026539079942938,2.600573845426352,1.229316021926135,-0.4623825975769001,-1.0365392640377458,0.2995870287059881,-0.08274694386598247,0.12333433639762387,-0.20514233905584964,0.4235716458479391,-0.732935672101675,-0.13665131033288172,-0.32561889115859455,0.20652458321565892,-0.40117576691239565,0.7880845755103532,-2.9164933682249305,-0.2034125673875303,1.575065838549261,2.392126637804941,1.5180860496706106,-1.1614162295949166,-0.9236391599815941,1.0392371573601007,0.0,0.0,0.0,0.0,0.0,0.0,0.0,0.0,0.0,0.0,0.0,0.0,9.0,9.0,9.0,9.0,9.0,9.0,6.0,6.0,6.0,6.0,6.0,6.0,-0.8000265203640493,48.15958873245562,10.772832575877583,-0.37127340475851256,0.005818758945085101,2.8442179612064855e-06,0.44028649937865677
8.49999999999998,-0.18973806535657423,-0.5645010272304805,0.195109511331664,0.007646179645393186,0.023239442115019073,-0.02062409171073426,0.035780781727933586,0.08058382164250635,-0.08598296431621431,0.0,0.0,0.0,-0.1894410682691291,-0.5663919816777786,0.19868804392358314,0.0023165504176290075,0.019339478012542686,-0.014838468406217754,0.04753499283611973,0.11921967076844275,-0.12734046767041773,0.0,0.0,0.0,0.05350603119630049,0.5381788074031412,1.9325670704809805,0.04931573937651815,0.5158935040997704,1.9838418267346372,0.023525444065608234,-0.007333972877460331,0.04652280235755739,1.4993002932777602,2.6049699908624713,1.2218954082473317,-0.44706998777083534,-1.0663408995447543,0.2948230641711983,-0.0946546089526692,0.12903435418826273,-0.21679305326134965,0.447442744737275,-0.8403446008407288,-0.14082972747342248,-0.3572299526006019,0.17100053371916593,-0.34952142616500026,0.7161329666800771,-3.2222678621716163,-0.12535251421622262,1.575065838549261,2.392126637804941,1.5180860496706106,-1.1614162295949166,-0.9236391599815941,1.0392371573601007,0.0,0.0,0.0,0.0,0.0,0.0,0.0,0.0,0.0,0.0,0.0,0.0,9.0,9.0,9.0,9.0,9.0,9.0,6.0,6.0,6.0,6.0,6.0,6.0,-0.8973680103697903,48.201696821295606,10.787737297019158,-0.38599649223813454,0.005098337850090395,4.270334563294398e-06,2.596536797278736
8.533333333333314,-0.18939562273134228,-0.5635198425989287,0.1942867160579462,0.010167468272041,0.025368615658030145,-0.023750849695383516,0.04281055605910919,0.07545655754869501,-0.08736091266823068,0.0,0.0,0.0,-0.18931491476997958,-0.5656481458844195,0.19808401150522745,0.0036455730951306872,0.022087376698042237,-0.01793006973554484,0.05951668896503337,0.12006788274411662,-0.131820955527588,0.0,0.0,0.0,0.044447134029231804,0.536852837328436,1.8935062039749997,0.04284286638794379,0.5170826284892824,1.955919375998718,0.025074055882671926,-0.0031978524007210338,0.05727052972604969,1.4954410432980458,2.6095134198704852,1.2141136591327544,-0.4312074100137836,-1.1006384846685326,0.2899745345481391,-0.10873653591184153,0.13388003155637035,-0.22789933337865992,0.46639913672012695,-0.9660665694224768,-0.14391383495232526,-0.42245780877517014,0.14537032104322822,-0.3331884035193079,0.5686917594855578,-3.77165905745244,-0.09252322436708321,1.575065838549261,2.392126637804941,1.5180860496706106,-1.1614162295949166,-0.9236391599815941,1.0392371573601007,0.0,0.0,0.0,0.0,0.0,0.0,0.0,0.0,0.0,0.0,0.0,0.0,9.0,9.0,9.0,9.0,9.0,9.0,6.0,6.0,6.0,6.0,6.0,6.0,-1.0765002956908751,48.243306447969864,10.790813698402086,-0.4037085608435395,0.003726138569426052,-6.3077936348632235e-06,4.160014499889305
8.566666666666647,-0.18895487897049112,-0.5624593080700914,0.19335590669472655,0.013087834297016307,0.027133065440572403,-0.02687019324227396,0.04664795166269303,0.07004133911569196,-0.08675373730249905,0.0,0.0,0.0,-0.18913443798705729,-0.5648163967977912,0.19737469696358573,0.005244541041488688,0.024760917584542862,-0.021100927624078253,0.07173005155862766,0.11531932056637295,-0.13433562619928052,0.0,0.0,0.0,0.03488668940412123,0.5345692165709859,1.8501502138518244,0.035769726873016515,0.5177192987465908,1.9241376746602865,0.02645582764203323,0.0011627173202009046,0.06848632179513356,1.4911380081704584,2.614061366790779,1.2062371102923075,-0.41498106869744095,-1.1389236120360386,0.28518405559957527,-0.12230621452236366,0.13558561559132906,-0.23349742126848647,0.4799932052335624,-1.0877247371576113,-0.1437808572887188,-0.4070903583156641,0.051167521048761655,-0.16794263669479653,0.4078220554030635,-3.649745032054037,0.003989329908193728,1.575065838549261,2.392126637804941,1.5180860496706106,-1.1614162295949166,-0.9236391599815941,1.0392371573601007,0.0,0.0,0.0,0.0,0.0,0.0,0.0,0.0,0.0,0.0,0.0,0.0,9.0,9.0,9.0,9.0,9.0,9.0,6.0,6.0,6.0,6.0,6.0,6.0,-1.0720530731406346,48.22772248069772,10.82093877865021,-0.417819873931902,0.0037456219282911984,-6.34297848717269e-06,2.072576438388553
8.59999999999998,-0.1884312718083829,-0.5613548064653414,0.19235226984460396,0.01574729091124777,0.02817586585303484,-0.029237722791884684,0.032009681573142254,0.05566416757282888,-0.06423885542624211,0.0,0.0,0.0,-0.1889020457235579,-0.563913361746461,0.19657360024322798,0.006820913470434718,0.02699299110897117,-0.023933885913130757,0.06989067946100702,0.09318300808831559,-0.11699573042474576,0.0,0.0,0.0,0.025202712569953562,0.531821882800401,1.8042314905991776,0.028251114357616614,0.5179717094951692,1.8891367487389739,0.027586022299950233,0.005325609080465955,0.07909918631499346,1.4865620432745719,2.6183884879154697,1.1987078634066854,-0.3989265838959872,-1.1795579685664892,0.28088305876323216,-0.1322880360918529,0.13173762769091865,-0.22841741146860264,0.4810874311069302,-1.1752620429948808,-0.13394688915643566,-0.29945464708467723,-0.1154396370123121,0.1524002939965148,0.03282677620103373,-2.626119175118083,0.2950190439684947,1.575065838549261,2.392126637804941,1.5180860496706106,-1.1614162295949166,-0.9236391599815941,1.0392371573601007,0.0,0.0,0.0,0.0,0.0,0.0,0.0,0.0,0.0,0.0,0.0,0.0,9.0,9.0,9.0,9.0,9.0,9.0,6.0,6.0,6.0,6.0,6.0,6.0,-0.8477980197118389,48.1479029844794,10.86778442511918,-0.43198601677597875,0.005900545815305858,9.667335635454855e-06,1.1568925062185942
8.633333333333313,-0.18780188987891883,-0.5602193513562032,0.191257231272128,0.018766142427088642,0.028580424374385023,-0.03169949356459205,0.03630328695303173,0.04230143376787372,-0.06769230236627372,0.0,0.0,0.0,-0.1886070181007982,-0.5629451937357784,0.19567609394139165,0.008670601559875276,0.028999995858232708,-0.026835696298912942,0.08216942381344872,0.08162985907160625,-0.11924251658660134,0.0,0.0,0.0,0.01467839653976139,0.5280843179626337,1.7544561109260433,0.020032903650681583,0.517617575941184,1.8504642835895506,0.028643340921720675,0.009880329557193857,0.08988119639992147,1.4815753341234514,2.6226732164747943,1.1912274452492597,-0.38246982040259325,-1.2238037240814152,0.27644285898968046,-0.14383019505302955,0.1296071137501307,-0.2257475003047171,0.4894977469035212,-1.276669124630149,-0.13345295852317918,-0.346264768835299,-0.0639154182236387,0.08009733491656604,0.2523094738977301,-3.0422124490580424,0.014817918997694385,1.575065838549261,2.392126637804941,1.5180860496706106,-1.1614162295949166,-0.9236391599815941,1.0392371573601007,0.0,0.0,0.0,0.0,0.0,0.0,0.0,0.0,0.0,0.0,0.0,0.0,9.0,9.0,9.0,9.0,9.0,9.0,6.0,6.0,6.0,6.0,6.0,6.0,-0.9619572280834408,48.32863336477268,10.888080846699895,-0.44801294535012537,0.004289128308417434,-2.003145850576482e-05,6.528260778541321
8.666666666666647,-0.18705992023889745,-0.5590705040737752,0.19007465147749755,0.021998119418620635,0.0283227231988146,-0.034058254798914694,0.03594076535392039,0.029681293175680856,-0.06567074129097335,0.0,0.0,0.0,-0.18824238860209053,-0.5619212857039303,0.19468270285503783,0.010740447235964052,0.030730403110225495,-0.02973357175176954,0.091787477133769,0.06777913290659399,-0.11801993267096256,0.0,0.0,0.0,0.003197285460232892,0.5230879513200732,1.700604350767204,0.010999627002862328,0.5164665046349509,1.8078985100670673,0.029592382561577982,0.014893225032417065,0.10083069285747903,1.4761416717438367,2.6268518256726643,1.1838987656979212,-0.3657171592079698,-1.2719203359368085,0.2717518840156639,-0.15661664594330596,0.1267745552074402,-0.22182275779501123,0.4982191395269759,-1.3878886119845832,-0.13830381898805813,-0.3835935267082922,-0.08497675628071523,0.11774227529117628,0.26164177870364014,-3.336584620633033,-0.14552581394636865,1.575065838549261,2.392126637804941,1.5180860496706106,-1.1614162295949166,-0.9236391599815941,1.0392371573601007,0.0,0.0,0.0,0.0,0.0,0.0,0.0,0.0,0.0,0.0,0.0,0.0,9.0,9.0,9.0,9.0,9.0,9.0,6.0,6.0,6.0,6.0,6.0,6.0,-1.070108667768145,48.396574767842104,10.907668212076981,-0.46404619277346215,0.002755184776258135,-4.567752870721087e-05,5.798426234175283
8.69999999999998,-0.18622812482338333,-0.5579304071703788,0.18884294578698224,0.024745599286530445,0.027569279981653767,-0.03558238512426935,0.016647930821235266,0.02414519505960941,-0.042355999210391605,0.0,0.0,0.0,-0.18781350965892743,-0.5608579141158072,0.1936100701618382,0.012704083907532828,0.031998739991861126,-0.032200099849163485,0.08577863974573585,0.0452813463810795,-0.09649467166644898,0.0,0.0,0.0,-0.00872651645386092,0.5173348511613086,1.6444892648243186,0.0013161917388552567,0.514670546728368,1.7621098398373196,0.030284648557262022,0.019824065420468176,0.11085127265597071,1.47045014788628,2.6306580319381987,1.1772188650147444,-0.3492830972786611,-1.322204467948951,0.26727945029532274,-0.1660360257989045,0.11838231037983554,-0.20753893292854111,0.494754285095167,-1.4683121775710428,-0.13554994740284276,-0.2825813956679565,-0.25176734482813945,0.42851474599410394,-0.10394563295426686,-2.4127069675937887,0.08261614755646123,1.575065838549261,2.392126637804941,1.5180860496706106,-1.1614162295949166,-0.9236391599815941,1.0392371573601007,0.0,0.0,0.0,0.0,0.0,0.0,0.0,0.0,0.0,0.0,0.0,0.0,9.0,9.0,9.0,9.0,9.0,9.0,6.0,6.0,6.0,6.0,6.0,6.0,-0.8551836449723098,48.29546884423427,10.94524241764439,-0.4789577328035736,0.003990156778933551,-3.61066533448029e-05,1.7113645247627447
8.733333333333313,-0.18528716052287422,-0.556811234318203,0.1875547199538565,0.02766091188780745,0.02641094046356813,-0.03693154929103967,0.018129027205450197,0.02002433485379762,-0.039310304666419466,0.0,0.0,0.0,-0.18731081110859796,-0.5597647517925931,0.19245962639768338,0.014898825949326134,0.03294831879286733,-0.03456519599198538,0.09591148328257626,0.029880705918026607,-0.09094432379610318,0.0,0.0,0.0,-0.021099681960668287,0.5104583761594627,1.5858913705729432,-0.00898304617672816,0.5120727908660561,1.713145090402449,0.03065575367853111,0.024865699604131285,0.1202153938171883,1.4644966019879109,2.6339753035919644,1.1713200984481131,-0.33334766971863405,-1.374968337498991,0.2628909094580657,-0.17441625990035237,0.10580620320192016,-0.1871549756421416,0.48362664623226315,-1.5447147835244786,-0.132954132546089,-0.25140702304343554,-0.37728321533746134,0.6115187185919858,-0.3338291658871151,-2.2920781786030737,0.07787444570261252,1.575065838549261,2.392126637804941,1.5180860496706106,-1.1614162295949166,-0.9236391599815941,1.0392371573601007,0.0,0.0,0.0,0.0,0.0,0.0,0.0,0.0,0.0,0.0,0.0,0.0,9.0,9.0,9.0,9.0,9.0,9.0,6.0,6.0,6.0,6.0,6.0,6.0,-0.8017653608966719,48.18780948173094,10.949213255327992,-0.4945839999049788,0.002895598217347528,-4.851186553339604e-05,4.570979947153526
8.766666666666646,-0.18423235636224564,-0.5557308670752225,0.186229858628183,0.030660327902519116,0.024794400198548658,-0.03779446629244778,0.018370396194513403,0.014618314984222142,-0.02768063778749484,0.0,0.0,0.0,-0.18672773695922903,-0.5586543951586446,0.19124180332410476,0.017296785075202294,0.03352495531549484,-0.03664522565075981,0.10461437014295827,0.012089478338550563,-0.07673645442705146,0.0,0.0,0.0,-0.03386126059582101,0.5024462276360384,1.525024185972838,-0.0198546459944454,0.5086154788065774,1.6611398575578085,0.03071919957296503,0.029993334027100062,0.12883665781256498,1.4583228345942751,2.6367270035208197,1.166345487795362,-0.31805593220118306,-1.4300526869793195,0.25860758232838943,-0.18161410117283383,0.09030273297774288,-0.16187720493573507,0.46704363242644126,-1.616591917448064,-0.12998458677555522,-0.2159352381744442,-0.46510410672531854,0.758333121192196,-0.497490414174657,-2.156314017707569,0.08908637311601346,1.575065838549261,2.392126637804941,1.5180860496706106,-1.1614162295949166,-0.9236391599815941,1.0392371573601007,0.0,0.0,0.0,0.0,0.0,0.0,0.0,0.0,0.0,0.0,0.0,0.0,9.0,9.0,9.0,9.0,9.0,9.0,6.0,6.0,6.0,6.0,6.0,6.0,-0.7262266625491696,48.14236369490119,10.960442956892358,-0.5101856753227922,0.0015881698921542675,-5.408527814892983e-05,4.556322857338265
8.79999999999998,-0.18306286604550298,-0.5547079466314377,0.18489593099168294,0.033640835451449,0.02275048341588833,-0.0379386721738427,0.01753138069164864,0.010450749400246234,-0.009752065495431908,0.0,0.0,0.0,-0.18605913989341763,-0.5575414365572485,0.18997256706284807,0.019857361522723438,0.033669136116558473,-0.038269977408322865,0.11130151074604644,-0.008321319985645559,-0.05461104797959715,0.0,0.0,0.0,-0.046841352403787374,0.4934960159864688,1.4624352707467643,-0.031206590262273355,0.5043516768451293,1.606388090912974,0.03048508442177854,0.03505702997153927,0.1364605505825302,1.4520199667918756,2.638841787341763,1.1624492012229681,-0.30355464693419754,-1.4869594811267377,0.25457770471901947,-0.1865953897722672,0.07239658741144941,-0.1318847997597911,0.4457069161485242,-1.676999855431053,-0.12392574777925097,-0.149438657983001,-0.5371843669888039,0.8997721552783194,-0.6401014883375122,-1.8122381394896647,0.18176516988912755,1.575065838549261,2.392126637804941,1.5180860496706106,-1.1614162295949166,-0.9236391599815941,1.0392371573601007,0.0,0.0,0.0,0.0,0.0,0.0,0.0,0.0,0.0,0.0,0.0,0.0,9.0,9.0,9.0,9.0,9.0,9.0,6.0,6.0,6.0,6.0,6.0,6.0,-0.5636554700682863,48.12536462131032,10.975846881668426,-0.5255784409855246,0.0005151991795379063,-4.749702466022576e-05,3.6354431371799674
8.833333333333313,-0.18181760169944083,-0.5537514235821548,0.18358676998804144,0.03580545209735053,0.02068399702118414,-0.03724758325293707,-0.003966694483320057,0.017720795802620926,0.011675951660457075,0.0,0.0,0.0,-0.18531695506399481,-0.5564395766098407,0.1886737648970637,0.02213294837824325,0.033395211304835595,-0.03926232040655613,0.0966313461128947,-0.0278101040164902,-0.024329253738986534,0.0,0.0,0.0,-0.05981419050782616,0.4845162659779783,1.3998408193589185,-0.04290463207799711,0.4996934934392393,1.5497387415983084,0.03005709899939063,0.039589422736117284,0.1422092478100787,1.4457924488266258,2.6403169699002937,1.159748844204611,-0.2897629825852995,-1.5439647892279258,0.2511671221314604,-0.18674882256241615,0.05363584697443233,-0.09796874028706773,0.4244022590274696,-1.6991061138341133,-0.10952023434426482,-0.004602983704468707,-0.5628222131105127,1.0174817841817008,-0.6391397136316386,-0.663187752091809,0.4321654030495846,1.575065838549261,2.392126637804941,1.5180860496706106,-1.1614162295949166,-0.9236391599815941,1.0392371573601007,0.0,0.0,0.0,0.0,0.0,0.0,0.0,0.0,0.0,0.0,0.0,0.0,9.0,9.0,9.0,9.0,9.0,9.0,6.0,6.0,6.0,6.0,6.0,6.0,-0.1861274665224284,48.20946392387094,11.007712833733407,-0.5400577383778976,0.0012796819901359502,-1.9903988594471844e-05,1.7852326529433258
8.866666666666646,-0.18048125720691202,-0.5528791313343263,0.18232549952402194,0.037982409668560146,0.018248775096253205,-0.03579847419635566,0.00041709292149066934,0.011246266128473514,0.03140920680910046,0.0,0.0,0.0,-0.1844933717536274,-0.5553606885638815,0.18736333502878114,0.0245675918465439,0.03275267299156109,-0.039697205902670556,0.103287693997971,-0.04472046468123558,0.0020223248994297727,0.0,0.0,0.0,-0.07267974731873064,0.4749727992595383,1.336520842739945,-0.05484154886843541,0.4944895865408548,1.4911779895275814,0.029323273462565802,0.043918425695742266,0.14680839531129192,1.4395860429709166,2.6411451667557673,1.158217698713325,-0.27687020364757664,-1.6018531322893588,0.24825967469671162,-0.186377724634987,0.03444255276761039,-0.06327915658808031,0.39932299843027996,-1.7241355658400304,-0.09465569347639717,0.01113293782287418,-0.5757988262046579,1.0406875109696228,-0.752377817915688,-0.7508835601775099,0.44593622603602945,1.575065838549261,2.392126637804941,1.5180860496706106,-1.1614162295949166,-0.9236391599815941,1.0392371573601007,0.0,0.0,0.0,0.0,0.0,0.0,0.0,0.0,0.0,0.0,0.0,0.0,9.0,9.0,9.0,9.0,9.0,9.0,6.0,6.0,6.0,6.0,6.0,6.0,-0.13567771582613664,48.2230866692184,10.999832572217604,-0.5571192474227993,-0.0012767723420862298,-1.8771443047349567e-05,5.695435111976737
8.899999999999979,-0.17906636587527838,-0.5520914267903814,0.18113183426832813,0.039904243903659084,0.01577596198393423,-0.033727239418413046,-0.002076964593999836,0.014306263867352731,0.046869073163718286,0.0,0.0,0.0,-0.1835890621815577,-0.5543128557131461,0.18605887577214353,0.027007918088210132,0.03184693919323134,-0.03959472434372704,0.10258521328568726,-0.05642636691038305,0.027108286760865852,0.0,0.0,0.0,-0.08521183255816381,0.4649740531234984,1.2728577714183462,-0.06686423177618236,0.48876827123044037,1.4309828076435582,0.02826121787647195,0.04793429967021409,0.1501668468208028,1.4334600101219697,2.6412941281272864,1.1579206806677456,-0.26497772023456684,-1.6602688482729653,0.24598842279852434,-0.18464656519060316,0.014460078352920805,-0.02703341310761853,0.3709573344036231,-1.743026174952139,-0.07697693578921122,0.05193478333151563,-0.5994742324406876,1.0873723044138535,-0.8509699207997051,-0.5667182733632576,0.5303627306155786,1.575065838549261,2.392126637804941,1.5180860496706106,-1.1614162295949166,-0.9236391599815941,1.0392371573601007,0.0,0.0,0.0,0.0,0.0,0.0,0.0,0.0,0.0,0.0,0.0,0.0,9.0,9.0,9.0,9.0,9.0,9.0,6.0,6.0,6.0,6.0,6.0,6.0,-0.023447785053831716,48.211843096866076,10.992414139059273,-0.5724205871484732,-0.003333105698375416,-7.36692118388782e-06,3.696659892713912
8.933333333333312,-0.17761243015904646,-0.5513835486740468,0.18001568316090555,0.040986397199863994,0.0135771950272469,-0.031330576851920686,-0.020817406986564327,0.025166806411846876,0.053997995388486174,0.0,0.0,0.0,-0.18261835298276288,-0.5533020768745324,0.18477472974202877,0.029078234117570743,0.03074761060958777,-0.03904217645571816,0.08403365019924225,-0.06469782213551234,0.04775178239551936,0.0,0.0,0.0,-0.0973357306606036,0.45505736959869,1.2098527632194807,-0.07886979714216252,0.4827763918155536,1.3697356941327032,0.02697532459045872,0.051399866136941086,0.1518541284140655,1.4275224046961548,2.640833852820155,1.1587931080451543,-0.25386487410951425,-1.7181860459843588,0.24451729581518117,-0.18030096357982983,-0.004385480024985167,0.008437409845635666,0.3459093673022598,-1.7393526792119145,-0.05508151826326714,0.1303680483232001,-0.5653667513371792,1.0641246885976259,-0.7514390130408987,0.11020487220673708,0.6568625257783223,1.575065838549261,2.392126637804941,1.5180860496706106,-1.1614162295949166,-0.9236391599815941,1.0392371573601007,0.0,0.0,0.0,0.0,0.0,0.0,0.0,0.0,0.0,0.0,0.0,0.0,9.0,9.0,9.0,9.0,9.0,9.0,6.0,6.0,6.0,6.0,6.0,6.0,0.19780365638414832,48.28893765541992,10.989324583506942,-0.5864605946877098,-0.004242773653381771,7.593186286153353e-06,1.8143254906842325
8.966666666666645,-0.1761157956852689,-0.5507492634109313,0.17898688270885146,0.04189012243219464,0.011653162774583177,-0.02866058702708882,-0.01992872538272289,0.03401648394419374,0.060463214465368814,0.0,0.0,0.0,-0.1815806875647438,-0.5523305779605335,0.18352380791425668,0.031107598518672563,0.029562587714648265,-0.03808965991170669,0.08137977478364,-0.06775565488418422,0.06578173577328528,0.0,0.0,0.0,-0.10890230487403567,0.4451976660001026,1.1474747027132586,-0.0907273489340025,0.47655964808419665,1.3076780677199276,0.025443678667979877,0.05437437403791685,0.1521540432165436,1.4217999737648686,2.6397794774588315,1.160812715810113,-0.243531912457893,-1.7756503809008075,0.24394146503162656,-0.17454893981900163,-0.022549333901474396,0.04320462524771726,0.3219623554665116,-1.7290709247329472,-0.02987712175884795,0.17256071282484567,-0.5449156162946769,1.0430164620624478,-0.718410355072447,0.30845263436901993,0.7561318951325757,1.575065838549261,2.392126637804941,1.5180860496706106,-1.1614162295949166,-0.9236391599815941,1.0392371573601007,0.0,0.0,0.0,0.0,0.0,0.0,0.0,0.0,0.0,0.0,0.0,0.0,9.0,9.0,9.0,9.0,9.0,9.0,6.0,6.0,6.0,6.0,6.0,6.0,0.3215020891478928,48.309762354886495,10.974332428424484,-0.6001289627615656,-0.006555420617300356,2.094437492308754e-05,2.7922525073274516
8.999999999999979,-0.17458821926417628,-0.5501796912864587,0.1780502596785037,0.04256974604207693,0.010127124339566272,-0.025872475549788054,-0.020113913908523948,0.045812369432618266,0.06276215628069735,0.0,0.0,0.0,-0.18048055299927682,-0.5513999022263733,0.18231732188296923,0.03301452425878321,0.028325544548125955,-0.036788649050988026,0.07489421288652043,-0.06919545434864993,0.0811683526655469,0.0,0.0,0.0,-0.12000823197315019,0.43583594538884085,1.0865077560093939,-0.10240927079646447,0.47034186591882166,1.245330800206344,0.02380655288158284,0.056723614159233035,0.15078053204183997,1.4164060592250631,2.6382644953820904,1.163827568759829,-0.2336313812363145,-1.8318782060208276,0.24433789700771988,-0.16606127073577603,-0.037816086168646554,0.07469860074355766,0.3053314095870735,-1.700913477311384,-0.0020304010644164074,0.25463007249676806,-0.45800256801516465,0.9448192648752122,-0.4989283763831423,0.8447234226468936,0.8354016208329462,1.575065838549261,2.392126637804941,1.5180860496706106,-1.1614162295949166,-0.9236391599815941,1.0392371573601007,0.0,0.0,0.0,0.0,0.0,0.0,0.0,0.0,0.0,0.0,0.0,0.0,9.0,9.0,9.0,9.0,9.0,9.0,6.0,6.0,6.0,6.0,6.0,6.0,0.561393152993128,48.43819769795844,10.964877672171518,-0.6134385489981389,-0.008146452853084074,2.4575057156250857e-05,1.443452852414917
9.033333333333312,-0.17304351335629298,-0.5496682049497896,0.17721163291673894,0.04296735870769586,0.0089300800391739,-0.022974084356287647,-0.02243294196347699,0.053831329579473286,0.06569863713304028,0.0,0.0,0.0,-0.17932395934316692,-0.5505103543381384,0.18116582278138896,0.03474759887508292,0.0270734933453298,-0.03516394846985865,0.06605265391816362,-0.06887792076303434,0.0952160422803967,0.0,0.0,0.0,-0.13067203589179577,0.427134322703341,1.0272558220862322,-0.11387987527550737,0.46425817046665485,1.1830804212426096,0.02210528654654453,0.058441421237849074,0.14781489571734666,1.4113782851746846,2.636409253119551,1.1676701277424477,-0.22393753122583385,-1.8865523426071729,0.2457669483548885,-0.15590923791949945,-0.04971020730700387,0.10175071323356218,0.2956541367386372,-1.6604538908306992,0.027904226588567123,0.304560984488297,-0.35682363415071966,0.8115633747001354,-0.2903181854530885,1.2137875944205454,0.8980388295895059,1.575065838549261,2.392126637804941,1.5180860496706106,-1.1614162295949166,-0.9236391599815941,1.0392371573601007,0.0,0.0,0.0,0.0,0.0,0.0,0.0,0.0,0.0,0.0,0.0,0.0,9.0,9.0,9.0,9.0,9.0,9.0,6.0,6.0,6.0,6.0,6.0,6.0,0.7182868108840645,48.55990400489085,10.944158769710857,-0.6274521150694071,-0.01017149012861654,2.5262819474555775e-05,1.4745978702882616
9.066666666666645,-0.17151335784899038,-0.5492107955361257,0.17646720302554703,0.04273161143781819,0.007996075319547075,-0.020173330713238173,-0.03539355395398504,0.058061300316652756,0.06330063882539409,0.0,0.0,0.0,-0.1781260137912582,-0.5496634764207904,0.18007580405601697,0.03606411411562359,0.025779929432755373,-0.033324203329173546,0.045778558490007004,-0.06984627735242377,0.10395442325664606,0.0,0.0,0.0,-0.1408667075048502,0.4194922343074303,0.9703323599861763,-0.1250921692525848,0.4585407488181177,1.121428799347592,0.020389742021328316,0.05936165337387783,0.14315618408061762,1.406766334252044,2.6343982829718597,1.172063161114552,-0.21407344293510444,-1.9389917642306687,0.2484197733531931,-0.14420876442597858,-0.056789472056160695,0.12177757185327374,0.29583314472746686,-1.6022730627468147,0.06235790882894793,0.3510142048056263,-0.21237794247470462,0.600805758591347,0.005370239664889358,1.7454248425165366,1.0336104672114241,1.575065838549261,2.392126637804941,1.5180860496706106,-1.1614162295949166,-0.9236391599815941,1.0392371573601007,0.0,0.0,0.0,0.0,0.0,0.0,0.0,0.0,0.0,0.0,0.0,0.0,9.0,9.0,9.0,9.0,9.0,9.0,6.0,6.0,6.0,6.0,6.0,6.0,0.8735246689901095,48.72569538541351,10.910656981454295,-0.6426461144997125,-0.011771084443668332,3.0832012368010864e-05,0.9276955614087177
9.099999999999978,-0.16999762626181156,-0.5487962251015431,0.17582209191765125,0.0423126723030182,0.007313237335719522,-0.01729516650232252,-0.03638220324693579,0.06069645316372789,0.06681785316107333,0.0,0.0,0.0,-0.1768899852357768,-0.5488562484822481,0.17905544626896042,0.0372341737223254,0.02455883371761738,-0.031241977723541047,0.03860730773514254,-0.06539981272939777,0.11392476173711685,0.0,0.0,0.0,-0.1504474735272126,0.4125108092857707,0.9152369142125523,-0.13594055154788412,0.4530834636750845,1.0604422501794997,0.01853886436284563,0.05973845692638441,0.13739237622795988,1.4025034627776922,2.6322195813484375,1.1769857889337716,-0.2041872128400922,-1.9897123820193499,0.2522718704668976,-0.1333270176290301,-0.0625038564871687,0.13904508033548077,0.29633565014273394,-1.5485033766892278,0.09782791188373828,0.3264524039084541,-0.17143153293024033,0.518025254466211,0.015075162458012305,1.6130905817276084,1.0641000916437107,1.575065838549261,2.392126637804941,1.5180860496706106,-1.1614162295949166,-0.9236391599815941,1.0392371573601007,0.0,0.0,0.0,0.0,0.0,0.0,0.0,0.0,0.0,0.0,0.0,0.0,9.0,9.0,9.0,9.0,9.0,9.0,6.0,6.0,6.0,6.0,6.0,6.0,0.8192846234120955,48.69516015471116,10.863711419661637,-0.6571244503128427,-0.015027768360340546,3.557949233807395e-05,2.0778506343518512
9.133333333333312,-0.16850076811428266,-0.5484148360676804,0.17527536961142434,0.04178748702646917,0.006889519454717691,-0.014427822782794975,-0.03566885003121721,0.063601386489645,0.067565580097225,0.0,0.0,0.0,-0.17562062364722703,-0.5480865249831764,0.17811106392508924,0.038259647948701334,0.023404484205502327,-0.02896148154771331,0.031614373993825495,-0.06129869402496979,0.12170468148496116,0.0,0.0,0.0,-0.15928875356004976,0.40608288197190295,0.862128099698669,-0.14632155726512389,0.4478365669255455,1.0003540096225925,0.016479481885329102,0.059602019275381404,0.13061870708811105,1.398599747087894,2.6299048522997626,1.18235560894104,-0.19432517513823794,-2.0385876464965422,0.2573230759462436,-0.122516653005641,-0.06712919980255432,0.1537447602571979,0.29601930408466354,-1.4936730817735897,0.13363341354816546,0.3243109387016729,-0.1387602994615684,0.4409903976515145,-0.009490381742112024,1.6449088474691411,1.0741650499328155,1.575065838549261,2.392126637804941,1.5180860496706106,-1.1614162295949166,-0.9236391599815941,1.0392371573601007,0.0,0.0,0.0,0.0,0.0,0.0,0.0,0.0,0.0,0.0,0.0,0.0,9.0,9.0,9.0,9.0,9.0,9.0,6.0,6.0,6.0,6.0,6.0,6.0,0.8216846926495214,48.642881996080206,10.807734204371515,-0.6722308328531297,-0.0179247557057163,3.940560325544837e-05,1.4393531551167467
9.166666666666645,-0.16702798130540109,-0.5480607795712482,0.1748221036700724,0.04114973802425619,0.006630584313747329,-0.011668831099591406,-0.03590377160721207,0.06358194113660673,0.06551252296856791,0.0,0.0,0.0,-0.1743230477699669,-0.5473528369549004,0.17724606012303823,0.03913133130214433,0.022298504822626516,-0.026564566008278966,0.024268794766021617,-0.058139473913195516,0.1255308295802786,0.0,0.0,0.0,-0.1672429380254106,0.4001309597776766,0.8108903685556079,-0.15611788679728134,0.44275897511831497,0.9412924951914332,0.014178022651593444,0.058993617064799796,0.12309257420633564,1.3950326219052434,2.627492954553361,1.1880798983805014,-0.1844560868391574,-2.085708801604011,0.2636754805544342,-0.11218138798822158,-0.07061435486221079,0.16573404220829407,0.29605486734316533,-1.4403141294072397,0.17159256334653405,0.31005795052258284,-0.10455465178969439,0.3596784585328846,0.0010668977550535794,1.600768570990503,1.138774493951058,1.575065838549261,2.392126637804941,1.5180860496706106,-1.1614162295949166,-0.9236391599815941,1.0392371573601007,0.0,0.0,0.0,0.0,0.0,0.0,0.0,0.0,0.0,0.0,0.0,0.0,9.0,9.0,9.0,9.0,9.0,9.0,6.0,6.0,6.0,6.0,6.0,6.0,0.7917770764037649,48.58311700820571,10.749399729385521,-0.6867692810358532,-0.020994631076852753,5.094102795143857e-05,1.314118794817289
9.199999999999978,-0.1656027124469912,-0.5477335384661396,0.1744480181167672,0.04006049608427498,0.0064262381263453655,-0.009258693481573335,-0.04643874225677794,0.05977706074551389,0.05636138554105388,0.0,0.0,0.0,-0.1730112338164118,-0.5466563107640509,0.17645898892387457,0.039618960449616825,0.021171051929464686,-0.024188726977283245,0.006054113902316249,-0.05835864730260454,0.12280356609762011,0.0,0.0,0.0,-0.17449344700918296,0.3948341413215702,0.7619119566390412,-0.16535513138690866,0.4379206076805905,0.8835642230930624,0.011761801974642282,0.057877327292817124,0.11470842324103796,1.3918106669340247,2.6251354247328424,1.1939067339643632,-0.17425656696417707,-2.1306535258789765,0.27126990415087254,-0.1018328954204471,-0.07068871469777312,0.1717813924133344,0.30267535328066186,-1.3789991953017218,0.20908599304427905,0.3104547770332342,-0.002230795066869556,0.18142050615121008,0.19861457812489686,1.8394480231655401,1.1248028909323498,1.575065838549261,2.392126637804941,1.5180860496706106,-1.1614162295949166,-0.9236391599815941,1.0392371573601007,0.0,0.0,0.0,0.0,0.0,0.0,0.0,0.0,0.0,0.0,0.0,0.0,9.0,9.0,9.0,9.0,9.0,9.0,6.0,6.0,6.0,6.0,6.0,6.0,0.8140654235656115,48.62726445779343,10.688618775444787,-0.7020383892952975,-0.023336628422609376,4.1964857177924364e-05,1.1278057075305052
9.233333333333311,-0.16421877441863866,-0.5474264769323484,0.17414657043873535,0.0389695981593088,0.006330891071428826,-0.007101723409029523,-0.04422142865027738,0.057633917297833535,0.05018946436532697,0.0,0.0,0.0,-0.1716882744678262,-0.5459955931473569,0.1757493669280606,0.03996978803379086,0.020075841335276744,-0.021829460107276183,-0.00017994253434538976,-0.056035443210904035,0.12035799303627259,0.0,0.0,0.0,-0.18109737612743518,0.3901024441256695,0.7151428885735295,-0.17403801614167444,0.4333003556867421,0.8273290180783969,0.009249019680917053,0.05635431995638608,0.10566694959255674,1.3889260160223778,2.622873876715777,1.1997563015938109,-0.16366459445692336,-2.173482064396957,0.28004773876681577,-0.09163731670641868,-0.06879386524056783,0.17425181672673237,0.3127312345719614,-1.3162371687935184,0.24525202333362411,0.30586736142085236,0.05684548371615895,0.0741127294019389,0.30167643873898614,1.8828607952460994,1.0849809086803515,1.575065838549261,2.392126637804941,1.5180860496706106,-1.1614162295949166,-0.9236391599815941,1.0392371573601007,0.0,0.0,0.0,0.0,0.0,0.0,0.0,0.0,0.0,0.0,0.0,0.0,9.0,9.0,9.0,9.0,9.0,9.0,6.0,6.0,6.0,6.0,6.0,6.0,0.8127178841554297,48.60751868834139,10.630228718585194,-0.716638263702327,-0.02618269182350766,3.34274067182172e-05,1.3501293545917747
9.266666666666644,-0.16287926821304188,-0.5471391444545227,0.17390532731673644,0.03781802452671385,0.006224737373811351,-0.00526728223317368,-0.04437274285863334,0.0522017897195519,0.04195018187805492,0.0,0.0,0.0,-0.17035920480491162,-0.5453709859456418,0.1751134042984377,0.04017035554757064,0.018978042248485573,-0.019571525244180744,-0.00698591278510774,-0.0554132403245049,0.11394181000923975,0.0,0.0,0.0,-0.18711676227109256,0.38583713738799763,0.6703244463699761,-0.18217603780860692,0.42885765306552387,0.7726211741249565,0.006688951227184773,0.05452958397565081,0.09624594922342354,1.386335655877182,2.620744396527578,1.2055429040588914,-0.15255962548255345,-2.2144221196533973,0.2900006791840721,-0.08235297513939015,-0.06552089217750234,0.17381598821052488,0.32634312434471885,-1.2575468280599815,0.2808094827896682,0.27853024701085616,0.0981891918919643,-0.01307485548622463,0.4083566931827237,1.760710222006104,1.0667237836813235,1.575065838549261,2.392126637804941,1.5180860496706106,-1.1614162295949166,-0.9236391599815941,1.0392371573601007,0.0,0.0,0.0,0.0,0.0,0.0,0.0,0.0,0.0,0.0,0.0,0.0,9.0,9.0,9.0,9.0,9.0,9.0,6.0,6.0,6.0,6.0,6.0,6.0,0.7485442522430182,48.551706379624896,10.56957109765052,-0.7304819608396089,-0.029378298213533938,2.8229475070667975e-05,1.459829684006265
9.299999999999978,-0.16159985275477914,-0.5468713839684889,0.17371146314056582,0.03636677720512571,0.006091570603197968,-0.003817571174148632,-0.05164797508240365,0.04621487636983707,0.03162038713812631,0.0,0.0,0.0,-0.16903543128601436,-0.5447835295143629,0.17454630254733502,0.04005402043726467,0.01785338147420425,-0.017453515928549747,-0.02164756750197938,-0.055968562857614756,0.10579773317844321,0.0,0.0,0.0,-0.19267261208777037,0.3820919128526017,0.6278004869302122,-0.18981757632377405,0.4246097287380263,0.719686343577364,0.004116159446698079,0.052377095981395144,0.08634128029585367,1.3840401672706877,2.618831242163873,1.2111005705597522,-0.1408375285104059,-2.2531327156058785,0.3009829356318289,-0.0733607638430175,-0.06010338466660071,0.1690919927540575,0.3432229808911906,-1.1933941950696167,0.3132482898850255,0.26976633889117957,0.162525225327049,-0.14171986369402134,0.5063956963941518,1.9245789897109462,0.9731642128607194,1.575065838549261,2.392126637804941,1.5180860496706106,-1.1614162295949166,-0.9236391599815941,1.0392371573601007,0.0,0.0,0.0,0.0,0.0,0.0,0.0,0.0,0.0,0.0,0.0,0.0,9.0,9.0,9.0,9.0,9.0,9.0,6.0,6.0,6.0,6.0,6.0,6.0,0.738938038792152,48.53076246695357,10.49958822507016,-0.7465989192568645,-0.03186070913511285,1.3637495481833017e-05,2.1356729407035773
9.33333333333331,-0.16037440054567448,-0.5466212990771272,0.17355444273911963,0.03493003729427209,0.0059374192451201735,-0.002696996367940331,-0.050104942131644306,0.04079868974010938,0.022987417287142466,0.0,0.0,0.0,-0.16771980481547785,-0.5442333559997673,0.17404249563018231,0.03981727941849945,0.01672172589559939,-0.015500929206715863,-0.026793262921887884,-0.055586579563827954,0.09656728667103787,0.0,0.0,0.0,-0.19776713448761837,0.37868456606579276,0.587262357597424,-0.19696492957354067,0.42048732109674436,0.668533023706606,0.001529911672852522,0.050034218124639075,0.07626095254059344,1.382000013674543,2.617110524210098,1.2164297402068243,-0.12853271085121523,-2.2899248363121583,0.31294764407674347,-0.06525665987056628,-0.05444882063104671,0.162947390526127,0.3605040134808771,-1.1336404791487968,0.34371026552663386,0.24312311917353654,0.16963692106661998,-0.18433806683791482,0.5184309776905952,1.792611477624598,0.9138592692482501,1.575065838549261,2.392126637804941,1.5180860496706106,-1.1614162295949166,-0.9236391599815941,1.0392371573601007,0.0,0.0,0.0,0.0,0.0,0.0,0.0,0.0,0.0,0.0,0.0,0.0,9.0,9.0,9.0,9.0,9.0,9.0,6.0,6.0,6.0,6.0,6.0,6.0,0.6702651836336961,48.42374805476799,10.433820954957964,-0.7612425146252595,-0.0350307749880262,9.563770712206487e-06,2.0994504618211955
9.366666666666644,-0.15920266228496027,-0.5463869719205507,0.1734263515171181,0.03349366097405745,0.005774127558579888,-0.0018365487865372315,-0.049250061750802,0.03627982211149683,0.016226388592214674,0.0,0.0,0.0,-0.16641638062675154,-0.5437202563391852,0.17359691006062836,0.03945820491608525,0.015594833764359325,-0.013704740473169722,-0.03198135830034987,-0.05466411116851866,0.08790350357081023,0.0,0.0,0.0,-0.20235078162909587,0.3754829329359906,0.5485176242736556,-0.20359318664653114,0.4164231725144327,0.6191589055492825,-0.0010896967344201439,0.04757524394690246,0.06619454416113994,1.380181318796386,2.6155641370123335,1.2215250447563952,-0.11570038372012162,-2.32498878663247,0.325874986769452,-0.05812611751999529,-0.04907735083229628,0.15622188783346003,0.37681454711549806,-1.0791591661225075,0.37311694236304827,0.2139162705171299,0.161144093962513,-0.20176508078000888,0.4893160090386298,1.6344393907886796,0.8822003050924325,1.575065838549261,2.392126637804941,1.5180860496706106,-1.1614162295949166,-0.9236391599815941,1.0392371573601007,0.0,0.0,0.0,0.0,0.0,0.0,0.0,0.0,0.0,0.0,0.0,0.0,9.0,9.0,9.0,9.0,9.0,9.0,6.0,6.0,6.0,6.0,6.0,6.0,0.5920783148154948,48.298436943707856,10.369855913982045,-0.7760684784982967,-0.03822712262389227,1.2430923477191325e-05,2.425571863075125
9.399999999999977,-0.15809739559800437,-0.546166869756413,0.17332063662666783,0.03182580075997956,0.005615013342903867,-0.0012149545354881094,-0.05518282005883328,0.03207845859227959,0.009891405507007824,0.0,0.0,0.0,-0.165135287847934,-0.5432439940304737,0.17320506805626434,0.03881954131241782,0.014475145722583328,-0.01204813908964573,-0.04460354930065735,-0.053650568687910294,0.08016736281530434,0.0,0.0,0.0,-0.20654820470687754,0.3726026154931308,0.5119205833699507,-0.20975268175733727,0.4124497314994204,0.5717711595380311,-0.003685810193160652,0.04492205391104361,0.055989244207474864,1.3785860697250985,2.614272994763752,1.2262517710788177,-0.10227746646985014,-2.357963168230056,0.3396084128899286,-0.05128035393241523,-0.04218196191573465,0.14660848905960533,0.39406319404392876,-1.0192073539925453,0.39904083653054806,0.20537290762740185,0.20686166749684887,-0.2884019632156408,0.5174594078529205,1.7985543638988681,0.7777168250249942,1.575065838549261,2.392126637804941,1.5180860496706106,-1.1614162295949166,-0.9236391599815941,1.0392371573601007,0.0,0.0,0.0,0.0,0.0,0.0,0.0,0.0,0.0,0.0,0.0,0.0,9.0,9.0,9.0,9.0,9.0,9.0,6.0,6.0,6.0,6.0,6.0,6.0,0.5795957701391283,48.272042344774874,10.306690185969778,-0.7933136625757404,-0.04063386020156656,1.3501007218863492e-06,3.3619447355884486
9.43333333333331,-0.15705559003755637,-0.5459580724466531,0.17323272708680415,0.03011878804456148,0.0054767216076365074,-0.0007461300217994071,-0.05588005059958673,0.028748177386603947,0.006311489328024979,0.0,0.0,0.0,-0.16388034880494257,-0.54280348956916,0.17286232664715995,0.03804103656553523,0.013384799292658033,-0.010532833666218107,-0.0504397249323989,-0.05160926129308763,0.07246402381693651,0.0,0.0,0.0,-0.21044587056468037,0.36987891389085364,0.4770288997758307,-0.2154837854466404,0.4085073028238242,0.5262810838213519,-0.006187257971106044,0.04222834300429222,0.04597133825585302,1.3771594932852587,2.6132074766756572,1.2306510319158772,-0.08825077451548503,-2.389275053883763,0.35410129792217543,-0.04562498010760206,-0.03537101573380817,0.13685471309439368,0.41188823710194505,-0.9659734977383281,0.42287131282178614,0.16966121474439502,0.20432838545779436,-0.29261327895634953,0.5347512917404886,1.597015687626516,0.7149142887371431,1.575065838549261,2.392126637804941,1.5180860496706106,-1.1614162295949166,-0.9236391599815941,1.0392371573601007,0.0,0.0,0.0,0.0,0.0,0.0,0.0,0.0,0.0,0.0,0.0,0.0,9.0,9.0,9.0,9.0,9.0,9.0,6.0,6.0,6.0,6.0,6.0,6.0,0.4856446272952184,48.17988226157105,10.256414002344636,-0.8078998223983604,-0.043843266711695694,-4.376691088270324e-06,2.6938595716888205
9.466666666666644,-0.15607615614984915,-0.5457586897605359,0.17315785537284292,0.02841938341053543,0.005360691674676621,-0.0004276764680181469,-0.055149365732718926,0.025865191614953698,0.002543668024250323,0.0,0.0,0.0,-0.1626557373139606,-0.5423978233394793,0.1725643440062235,0.0371343837617625,0.012322927052725016,-0.009151230227286308,-0.055666711645200984,-0.04964656123470412,0.06523344297518552,0.0,0.0,0.0,-0.213911764613696,0.3672826033827082,0.44389085289591174,-0.22074429318078184,0.40457514226196883,0.482738473444093,-0.008680689459769258,0.03947514729370498,0.036162638237628976,1.3758942118921655,2.6123542421042782,1.2347164260719055,-0.07374821681501845,-2.4188814008776043,0.36934303432205395,-0.040513954564398234,-0.028855030005508882,0.12692612081869623,0.42734723304331335,-0.9141181057896052,0.4457918322714992,0.15333076629611478,0.19547957184897874,-0.29785776827092364,0.4637698782410488,1.5556617584616865,0.6876155834913928,1.575065838549261,2.392126637804941,1.5180860496706106,-1.1614162295949166,-0.9236391599815941,1.0392371573601007,0.0,0.0,0.0,0.0,0.0,0.0,0.0,0.0,0.0,0.0,0.0,0.0,9.0,9.0,9.0,9.0,9.0,9.0,6.0,6.0,6.0,6.0,6.0,6.0,0.4417239161085307,48.081173745112544,10.19851739392196,-0.824377581545833,-0.04666662078193662,2.519382227283984e-06,3.5519877657753014
9.499999999999977,-0.15515910139036354,-0.5455668971195446,0.1730923934337187,0.026718695412121525,0.0052650549278794034,-0.0002317729010032077,-0.05478113984978087,0.02315607101607481,-0.00043181893037391034,0.0,0.0,0.0,-0.16146559618631673,-0.5420257599769441,0.17230687056952965,0.03610214581146785,0.01129754126367804,-0.007899757261907505,-0.06072727307073,-0.04733824299013101,0.058276337718714544,0.0,0.0,0.0,-0.21707448163268425,0.36482285185463975,0.41247437821178345,-0.22558104780527402,0.4006528742427303,0.4411709083323288,-0.011077135668290697,0.03667799443853602,0.026603175323328607,1.374773982786365,2.611735645912494,1.238419532738347,-0.058731500141068184,-2.4468063209258113,0.38522575864780906,-0.035909233637478125,-0.021990267170853558,0.11637084026839715,0.4427834111601098,-0.8632044362273376,0.4662517639389347,0.13814162780760333,0.2059428850396597,-0.31665841650897203,0.4630853435038926,1.527410086868028,0.613797950023065,1.575065838549261,2.392126637804941,1.5180860496706106,-1.1614162295949166,-0.9236391599815941,1.0392371573601007,0.0,0.0,0.0,0.0,0.0,0.0,0.0,0.0,0.0,0.0,0.0,0.0,9.0,9.0,9.0,9.0,9.0,9.0,6.0,6.0,6.0,6.0,6.0,6.0,0.4043450124507759,48.02732074781718,10.149158380414741,-0.8406951434191945,-0.049413549237518506,-3.5882873767878465e-06,3.599123853470429
9.53333333333331,-0.15430873780057394,-0.5453812554118216,0.17303357365336128,0.024933266384543545,0.005185777104876353,-0.00013935633115567947,-0.056926791805464214,0.02044684051231049,-0.00290647342914295,0.0,0.0,0.0,-0.16031580538518533,-0.54168605985849,0.1720860558210842,0.034899825311237975,0.01030991923905565,-0.00676751378899322,-0.06786362751067543,-0.04500817047831873,0.05193612898278532,0.0,0.0,0.0,-0.219957968296396,0.3625191354933156,0.38287019322856,-0.2300173090401037,0.3967515016142376,0.4016525408042434,-0.01337725236832521,0.033820589588194144,0.017277825513145335,1.3737857857894038,2.6113611497624682,1.2417351845700748,-0.04328252125933667,-2.472960019510261,0.40161914251771474,-0.031733684485047854,-0.014820012057471792,0.10510331672402762,0.4565740480213336,-0.810808783764773,0.4832849320444259,0.12526647457290815,0.215107653401453,-0.3380257063310861,0.41371910583671534,1.5718695738769382,0.5109950431647362,1.575065838549261,2.392126637804941,1.5180860496706106,-1.1614162295949166,-0.9236391599815941,1.0392371573601007,0.0,0.0,0.0,0.0,0.0,0.0,0.0,0.0,0.0,0.0,0.0,0.0,9.0,9.0,9.0,9.0,9.0,9.0,6.0,6.0,6.0,6.0,6.0,6.0,0.3736416411564849,47.97621382284281,10.097410749201622,-0.8580989478634802,-0.051947263170118996,-8.238021094175707e-06,4.0450834091745875
9.566666666666643,-0.15352145685772794,-0.545200899115163,0.1729784735180164,0.02317689061639723,0.005110976015408171,-0.00013009932230974297,-0.05585627942298371,0.017750609746498114,-0.0047220638841163,0.0,0.0,0.0,-0.1592088387148975,-0.5413776344072053,0.1718976776922267,0.03360889525455049,0.009356324369644172,-0.005762434366070996,-0.07105771632693836,-0.04289439617660484,0.04530721717459851,0.0,0.0,0.0,-0.22252517945509817,0.36029294492932223,0.3548373842922737,-0.23404303214644925,0.39284922482955426,0.36412201624314616,-0.015584121154020365,0.03097301213330895,0.008360925775567888,1.3729015333527486,2.6111987692755796,1.2447052237981517,-0.02745604888266851,-2.4975743613465737,0.4185286503398901,-0.028262943561457282,-0.008187613756930952,0.09443522346954973,0.46872079687380763,-0.7625564313145139,0.49928513379164985,0.10412222770771719,0.19897194901622522,-0.3200427976343367,0.36440246557422085,1.447570573507772,0.48000605241671745,1.575065838549261,2.392126637804941,1.5180860496706106,-1.1614162295949166,-0.9236391599815941,1.0392371573601007,0.0,0.0,0.0,0.0,0.0,0.0,0.0,0.0,0.0,0.0,0.0,0.0,9.0,9.0,9.0,9.0,9.0,9.0,6.0,6.0,6.0,6.0,6.0,6.0,0.3159299395160873,47.89228312596667,10.051347356138542,-0.8740950542685071,-0.05480919835690501,-3.944277631617865e-06,3.610030566459171
9.599999999999977,-0.15279492557255359,-0.5450250564894336,0.17292404803650932,0.02147329714379743,0.0050379971496437095,-0.00021054599436026722,-0.05403218264489568,0.015221011005006758,-0.006863604151166984,0.0,0.0,0.0,-0.15814714334351151,-0.5410992367677451,0.1717376421104747,0.03224215017109271,0.008440272942192776,-0.004882336817435513,-0.07362574259804422,-0.040648444441867326,0.0388726318529411,0.0,0.0,0.0,-0.22483203839077362,0.35818130323427716,0.3284271967903967,-0.23768419620014913,0.38896168993638475,0.3286052675958145,-0.017666826866634754,0.028111978109285788,-0.00017683516456510067,1.3721176863197568,2.611255419752758,1.247317970803413,-0.011298801424765643,-2.520599467092828,0.43583907277268635,-0.02509792184699051,-0.0015961950420726309,0.08373334792840918,0.4793852147826599,-0.7146875920299192,0.5126368265864739,0.09495065143400315,0.19774256144574964,-0.32105626623421646,0.3199325372655679,1.4360651785378429,0.40055078384472326,1.575065838549261,2.392126637804941,1.5180860496706106,-1.1614162295949166,-0.9236391599815941,1.0392371573601007,0.0,0.0,0.0,0.0,0.0,0.0,0.0,0.0,0.0,0.0,0.0,0.0,9.0,9.0,9.0,9.0,9.0,9.0,6.0,6.0,6.0,6.0,6.0,6.0,0.2922548373317291,47.84146799256503,10.005886689166594,-0.8909665985175055,-0.05736355337852439,-6.681468712077532e-06,4.016705048424757
9.63333333333331,-0.15213039524179695,-0.5448524319505561,0.17286987980071483,0.019756671499687274,0.004977285389047348,-0.0003279074464685519,-0.05421903990304501,0.013178017426245421,-0.0074298590144357135,0.0,0.0,0.0,-0.15713419512421797,-0.5408492556514073,0.17160283898905523,0.030774905711902202,0.0075716862488480145,-0.004101413797065316,-0.07735890787255739,-0.03796639525362089,0.033752420771888225,0.0,0.0,0.0,-0.22697659625722108,0.3562076764420853,0.30361689140647097,-0.2409915152799001,0.3851080079322329,0.29510716240838025,-0.019571785701096193,0.02523778354012848,-0.008318218093576364,1.3714186640598118,2.6115376091430287,1.2495713036021194,0.005159694012607794,-2.54205131330372,0.45342053028153784,-0.022346419147898696,0.005111722791378891,0.07297777195026144,0.4889649803416887,-0.6672661215611527,0.5225080923725217,0.08254508097275448,0.20123753500354566,-0.32266727934443235,0.2873929667708649,1.4226441140629937,0.2961379735814346,1.575065838549261,2.392126637804941,1.5180860496706106,-1.1614162295949166,-0.9236391599815941,1.0392371573601007,0.0,0.0,0.0,0.0,0.0,0.0,0.0,0.0,0.0,0.0,0.0,0.0,9.0,9.0,9.0,9.0,9.0,9.0,6.0,6.0,6.0,6.0,6.0,6.0,0.26127410720557265,47.80790937134938,9.965251107635726,-0.9077906456556746,-0.05985582344281104,-1.4098226640557598e-05,3.9506752272685253
9.666666666666643,-0.15152366446990206,-0.5446827212719585,0.17281309045605486,0.018108772081238664,0.004918156287795482,-0.000507807302340537,-0.052029814186704396,0.011156852421528377,-0.008785352616975751,0.0,0.0,0.0,-0.15617110998962866,-0.5406264192843975,0.1714893065854885,0.0292645092221403,0.006743238396747134,-0.0034378077648343787,-0.07834012370773014,-0.03567339956826743,0.027837886551638213,0.0,0.0,0.0,-0.2288503018606882,0.3543128521247369,0.28026413682878487,-0.2439339436851818,0.38127982141458694,0.26357543984437276,-0.02136191125973627,0.022397015087366877,-0.015965410358106922,1.3707888720468828,2.6119998412441516,1.2515166982942478,0.021786775474198165,-2.5620761833382484,0.47126836498204416,-0.020044646641214525,0.010948549619582843,0.06323381782598587,0.4955299560123703,-0.6229194412109536,0.5311260581343008,0.06905317520052509,0.17510480484611857,-0.2923186237282669,0.196949270120448,1.3304004105059757,0.2585389728533726,1.575065838549261,2.392126637804941,1.5180860496706106,-1.1614162295949166,-0.9236391599815941,1.0392371573601007,0.0,0.0,0.0,0.0,0.0,0.0,0.0,0.0,0.0,0.0,0.0,0.0,9.0,9.0,9.0,9.0,9.0,9.0,6.0,6.0,6.0,6.0,6.0,6.0,0.22159916169545602,47.727965553390156,9.922150636077236,-0.9240630092640973,-0.06245495639424181,-6.5306061625136635e-06,3.774880593236805
9.699999999999976,-0.1509713236641323,-0.5445159904141619,0.17275241617101045,0.016544092685032204,0.004847470153721695,-0.0007284085881364248,-0.04940028167741578,0.008946339005100296,-0.009543229208772607,0.0,0.0,0.0,-0.1552586947415046,-0.5404294226186169,0.1713937004647939,0.027727459597379663,0.005954681759207452,-0.002878212138666796,-0.07854631394306377,-0.03342719862361854,0.022633556750859096,0.0,0.0,0.0,-0.23058132896018885,0.3525439384622466,0.2583150348604014,-0.2465646535793082,0.3775026523342556,0.23397491640037377,-0.022954479653983458,0.019575354088740123,-0.023113526828620088,1.3702216154052327,2.612656732258845,1.2531488328997047,0.038623491146149005,-2.58071325992859,0.48929745222465265,-0.01802668171340878,0.016787336833729353,0.05372063138446302,0.5019109654431403,-0.5803813455438147,0.5376237642302705,0.060538947834172414,0.1751636164243953,-0.28539559324568564,0.19143028292309916,1.2761428700141642,0.19493118287908895,1.575065838549261,2.392126637804941,1.5180860496706106,-1.1614162295949166,-0.9236391599815941,1.0392371573601007,0.0,0.0,0.0,0.0,0.0,0.0,0.0,0.0,0.0,0.0,0.0,0.0,9.0,9.0,9.0,9.0,9.0,9.0,6.0,6.0,6.0,6.0,6.0,6.0,0.19941545811824568,47.70289509206614,9.886836622368186,-0.9400481449182028,-0.06490056131775734,-1.2190084715424376e-05,3.670063072646202
9.73333333333331,-0.15047092747543897,-0.5443530378180178,0.17268549150886792,0.015051942900667158,0.004750649237107937,-0.0010087650033470189,-0.04705534685437994,0.006522248686462746,-0.01094689097493623,0.0,0.0,0.0,-0.15439777002508176,-0.5402573096263084,0.17131242773848435,0.026165837666589187,0.005196938822592566,-0.0024270349636358515,-0.07867256091496344,-0.03164669217578897,0.017286489672632133,0.0,0.0,0.0,-0.23211398937185748,0.3509188824127255,0.2378004406863471,-0.2488774286071749,0.3737995892893606,0.20630502131816064,-0.02440057206138404,0.016762855394583033,-0.029783396347763464,1.3697143844878767,2.6134853958729956,1.254485871771172,0.055523644835181275,-2.5979379817978154,0.5074128765842123,-0.016153512251585546,0.0221690512275901,0.04464765455749895,0.5053067289283588,-0.5379548858991117,0.5415164086012845,0.05619508385469702,0.16145143181582253,-0.2721893048089221,0.10187290455655582,1.2727937893410926,0.11677933113041933,1.575065838549261,2.392126637804941,1.5180860496706106,-1.1614162295949166,-0.9236391599815941,1.0392371573601007,0.0,0.0,0.0,0.0,0.0,0.0,0.0,0.0,0.0,0.0,0.0,0.0,9.0,9.0,9.0,9.0,9.0,9.0,6.0,6.0,6.0,6.0,6.0,6.0,0.18597745974404667,47.655885189677704,9.845416041261805,-0.9567738397463512,-0.06716240292105269,-9.94064136827788e-06,3.8452900455373347
9.766666666666643,-0.15002125317345405,-0.5441929820030689,0.17261356454050328,0.01359827119304629,0.004656732012458777,-0.0012747627715950331,-0.04579245341889518,0.005160052555374311,-0.010102892650304757,0.0,0.0,0.0,-0.15358927202096503,-0.5401084315427894,0.17124326789517372,0.024576954786548956,0.004486551900252661,-0.0020494191012000434,-0.07894638093140527,-0.029106556559806762,0.013665435893337019,0.0,0.0,0.0,-0.23353942659168164,0.3494247852540983,0.2185576863305203,-0.2509144898632661,0.3701816961731543,0.1804861789926621,-0.025637394677575715,0.01399419774097176,-0.035906913142466204,1.3692493390075826,2.614478870693562,1.2555539355028786,0.07250466058161166,-2.613900985885388,0.5255621813047358,-0.014685413689746636,0.02725918015386254,0.03624382615329721,0.5080558912380608,-0.49857837705115354,0.5434915639442299,0.04404295685516727,0.15270386778817324,-0.2521148521260523,0.08247486929106135,1.1812952654387434,0.059254660288362834,1.575065838549261,2.392126637804941,1.5180860496706106,-1.1614162295949166,-0.9236391599815941,1.0392371573601007,0.0,0.0,0.0,0.0,0.0,0.0,0.0,0.0,0.0,0.0,0.0,0.0,9.0,9.0,9.0,9.0,9.0,9.0,6.0,6.0,6.0,6.0,6.0,6.0,0.1526962482513241,47.62809274071728,9.814243549534288,-0.9721028214181526,-0.06953514921507642,-1.365495107830128e-05,3.2687712464563408
9.799999999999976,-0.14962044854411222,-0.5440367647635366,0.1725344823474016,0.012190336349598756,0.004539916459427612,-0.001576563134753517,-0.04426566935890773,0.0031736172181603857,-0.010839363673687648,0.0,0.0,0.0,-0.15283385895755472,-0.5399817306643188,0.17118315950788102,0.02296758625303837,0.003810678728201449,-0.0017618992377806226,-0.0789152859569513,-0.02721351051738985,0.009303066486820555,0.0,0.0,0.0,-0.23486749846260663,0.34811195279413115,0.20061724874142342,-0.2526977132951057,0.3666832951129899,0.15650093318297015,-0.026680324214600037,0.011240383356981166,-0.041525788328490035,1.3688254380878395,2.6156298155909075,1.2563581351583861,0.08948394832133061,-2.628565951838437,0.5436458306111766,-0.013373156291444683,0.03210529133152784,0.02816526849458109,0.5089377185403994,-0.45949211141135915,0.5428368407768918,0.039367721949058604,0.14538333532995895,-0.24235672976148345,0.026454819070156968,1.1725879691938326,-0.019641695020144633,1.575065838549261,2.392126637804941,1.5180860496706106,-1.1614162295949166,-0.9236391599815941,1.0392371573601007,0.0,0.0,0.0,0.0,0.0,0.0,0.0,0.0,0.0,0.0,0.0,0.0,9.0,9.0,9.0,9.0,9.0,9.0,6.0,6.0,6.0,6.0,6.0,6.0,0.13944234769693864,47.60429982070577,9.778856705809494,-0.9880363870345472,-0.07164607950425106,-1.5595327126805003e-05,3.422743455622368
9.833333333333309,-0.1492663264648983,-0.5438843242710854,0.17244881372311935,0.010835654246599564,0.004413891465187739,-0.0018737979932524768,-0.04252194107447123,0.0017634100247504413,-0.010379163168626138,0.0,0.0,0.0,-0.1521316990493952,-0.5398758714060834,0.1711300281258559,0.021351391934562123,0.0031745794950767798,-0.0015413884631096885,-0.07825494670343147,-0.025097739196512592,0.006092641776148877,0.0,0.0,0.0,-0.23611342894814483,0.34699153205575506,0.18392814740711,-0.25424712803012756,0.36332914694109686,0.13430571023488333,-0.02753140790062735,0.008510726222236727,-0.046633028706815155,1.3684361282007411,2.616922441639754,1.2569224359520905,0.1063869899962451,-2.641981451135339,0.5615828103151747,-0.012243916505784406,0.03655428475410642,0.020674438705617686,0.507706739678423,-0.42147402307516957,0.5396852076722604,0.03387719356980831,0.13346980267735736,-0.2247248936689022,-0.03692936585929344,1.1405426500856866,-0.09454899313894276,1.575065838549261,2.392126637804941,1.5180860496706106,-1.1614162295949166,-0.9236391599815941,1.0392371573601007,0.0,0.0,0.0,0.0,0.0,0.0,0.0,0.0,0.0,0.0,0.0,0.0,9.0,9.0,9.0,9.0,9.0,9.0,6.0,6.0,6.0,6.0,6.0,6.0,0.12295521402556897,47.57918782703528,9.746079044127738,-1.003509170732345,-0.07372792497950176,-1.6482752210222884e-05,3.1371525255397117
9.866666666666642,-0.14895636218194236,-0.5437344364140214,0.1723583569426846,0.009539433181041782,0.004308551625192246,-0.0021223117418561963,-0.040678732711439444,0.001435601318232933,-0.008587747544467407,0.0,0.0,0.0,-0.1514824607212166,-0.539788964842374,0.17108257793491755,0.01974330249153081,0.00259332089439874,-0.0013643109009581255,-0.07691195068617418,-0.02229469346328017,0.004042657691183393,0.0,0.0,0.0,-0.2373152341491624,0.3460134087406693,0.1682815503341024,-0.2555897913461758,0.3601175511297585,0.11378147769955424,-0.02816467663853554,0.005862101961996855,-0.05114952077691371,1.3680652967756655,2.6183363413757883,1.257289766135154,0.12323025673457196,-2.6543500386355317,0.5793830838873565,-0.011497934003442331,0.04046275630539181,0.014238083229812454,0.5061009146593449,-0.3878630910289021,0.5359005406677233,0.022379475070262257,0.11725414653856164,-0.19309066427415694,-0.04817475057234135,1.0083279613880247,-0.11354001013611309,1.575065838549261,2.392126637804941,1.5180860496706106,-1.1614162295949166,-0.9236391599815941,1.0392371573601007,0.0,0.0,0.0,0.0,0.0,0.0,0.0,0.0,0.0,0.0,0.0,0.0,9.0,9.0,9.0,9.0,9.0,9.0,6.0,6.0,6.0,6.0,6.0,6.0,0.08942296428846763,47.55403783662878,9.720320864941971,-1.0173855827210025,-0.07593972126162196,-1.6896096064478172e-05,2.5785256092250926
9.899999999999975,-0.1486866391947289,-0.5435880615221697,0.17226174081871243,0.008337194333051322,0.004190466758459431,-0.0023779001088169507,-0.03772913502188545,0.00024150574480217603,-0.00855869114220343,0.0,0.0,0.0,-0.15088505078889494,-0.5397198470144855,0.17103869466303284,0.018165200407597074,0.002050379683066147,-0.0012483079411555334,-0.07456304839278127,-0.02031512967720417,0.001177240248984024,0.0,0.0,0.0,-0.23846638186284846,0.34520668558278406,0.153693993112985,-0.2567395454862675,0.3570706278256488,0.09488370438077914,-0.028606519521688304,0.0032746215258023775,-0.05512957637133973,1.3677161016637893,2.619854694276737,1.2574759891034417,0.1399169379472423,-2.6656594110892704,0.5969540735454685,-0.010816546905333867,0.043854643454108534,0.008470487109024427,0.5024339291398555,-0.35547514608441155,0.530053306718148,0.020441612943253924,0.1017566144615016,-0.17302788362364083,-0.11000956558468214,0.9716383483347164,-0.1754170184872585,1.575065838549261,2.392126637804941,1.5180860496706106,-1.1614162295949166,-0.9236391599815941,1.0392371573601007,0.0,0.0,0.0,0.0,0.0,0.0,0.0,0.0,0.0,0.0,0.0,0.0,9.0,9.0,9.0,9.0,9.0,9.0,6.0,6.0,6.0,6.0,6.0,6.0,0.08112909683377545,47.530031621342154,9.688819847044648,-1.03196338034543,-0.07786380569718698,-1.6555595395928435e-05,2.713824094898827
9.933333333333309,-0.14845323436606986,-0.543446037453959,0.17215782828757445,0.007236431838150249,0.004050230717725034,-0.0026484593373523185,-0.0346000638907555,-0.0010912222610518166,-0.00876691801523899,0.0,0.0,0.0,-0.15033782757268246,-0.5396674497130944,0.170996142105351,0.016634485335391205,0.0015408124878906106,-0.0011991314689733933,-0.07143279063845753,-0.018597485232762168,-0.0019286510792815292,0.0,0.0,0.0,-0.23959781472354988,0.34453505727463063,0.13993967671470928,-0.2577204631584547,0.35418927354409074,0.07747445643395282,-0.028833807156289058,0.0007948686375014204,-0.05849406996335859,1.3673777580036046,2.6214719189408635,1.2575045003555694,0.15655753621076132,-2.676113473258384,0.6144013842200231,-0.010372388838805561,0.04696270776723018,0.003393720745559016,0.5002899416503325,-0.3275729587437445,0.5256306490638092,0.013324741995849161,0.09324192939364939,-0.15230299090396235,-0.06431962468569141,0.837065620220013,-0.1326797296301631,1.575065838549261,2.392126637804941,1.5180860496706106,-1.1614162295949166,-0.9236391599815941,1.0392371573601007,0.0,0.0,0.0,0.0,0.0,0.0,0.0,0.0,0.0,0.0,0.0,0.0,9.0,9.0,9.0,9.0,9.0,9.0,6.0,6.0,6.0,6.0,6.0,6.0,0.06010914825251845,47.52249054219661,9.66493305680796,-1.044568876140009,-0.0799114997773458,-1.5710745015162786e-05,2.1149833938242857
9.966666666666642,-0.14825168582202103,-0.5433095145823633,0.17204489719141577,0.006256336727983996,0.0038808815385619217,-0.0029552554371495253,-0.03084909991936435,-0.0024975874826632556,-0.009696090443005838,0.0,0.0,0.0,-0.14983868970128716,-0.5396309428463713,0.1709526105433386,0.015165591197299598,0.0010577173565063669,-0.0012195153703357699,-0.06767064152020996,-0.01723130449361321,-0.005129221933829253,0.0,0.0,0.0,-0.2406971532600388,0.3440140792658581,0.12705831894528752,-0.25854339951875865,0.3514876353089103,0.06150687918940464,-0.028880394289849527,-0.001593444029770106,-0.061322569392631664,1.3670564933218934,2.623163582621952,1.2573947319178682,0.1730259055488012,-2.6856900077719796,0.6316061937096656,-0.009882756580491517,0.049487509544176495,-0.0010641285055034283,0.4961307006442418,-0.3007216765198241,0.5193064061474543,0.014688967749421336,0.07574405330838932,-0.13373547753187331,-0.12477723018271945,0.8055384667176102,-0.18972728749064613,1.575065838549261,2.392126637804941,1.5180860496706106,-1.1614162295949166,-0.9236391599815941,1.0392371573601007,0.0,0.0,0.0,0.0,0.0,0.0,0.0,0.0,0.0,0.0,0.0,0.0,9.0,9.0,9.0,9.0,9.0,9.0,6.0,6.0,6.0,6.0,6.0,6.0,0.05989465809870609,47.4991260791708,9.633236340011564,-1.0582977685678476,-0.08166729853495358,-1.4964543237461214e-05,2.262431131155619
9.999999999999975,-0.14807789134067073,-0.5431777304505038,0.1719253999845815,0.005392367184336406,0.003717330782218588,-0.003216954006480057,-0.02727953318056067,-0.002755908988706387,-0.008181645420586463,0.0,0.0,0.0,-0.14938521397898996,-0.5396087563568416,0.1709074640293758,0.01376894436410882,0.0006191855933590404,-0.0012665815970151148,-0.06347369435780204,-0.015022653310110101,-0.006253645730731172,0.0,0.0,0.0,-0.24179460639657896,0.34359548896203973,0.1148485707101158,-0.25923163641604685,0.34895706220363415,0.04684605306944229,-0.028726208308845286,-0.003843406433168913,-0.06355737480795197,1.3667439609831074,2.624925499398768,1.2571745792934625,0.189417430264867,-2.6945786109771857,0.6486664155175201,-0.009544898969216876,0.05173417205104135,-0.004757761989950605,0.493207394536063,-0.2780126229440543,0.5143065715395758,0.01013572833823924,0.06739987520594554,-0.1108090045334153,-0.08769918324536503,0.6812716072730948,-0.14999503823635482,1.575065838549261,2.392126637804941,1.5180860496706106,-1.1614162295949166,-0.9236391599815941,1.0392371573601007,0.0,0.0,0.0,0.0,0.0,0.0,0.0,0.0,0.0,0.0,0.0,0.0,9.0,9.0,9.0,9.0,9.0,9.0,6.0,6.0,6.0,6.0,6.0,6.0,0.045198824829743245,47.4995780360573,9.612175603064737,-1.0703082755274398,-0.08355570823961855,-1.4343229544078184e-05,1.6984423969700235
10.033333333333308,-0.1479285320014233,-0.5430520971018805,0.1717954617326375,0.004632507075076171,0.0035349553336890636,-0.0035373647623126656,-0.024034088051851633,-0.0036014947201168076,-0.009837998590205125,0.0,0.0,0.0,-0.14897514470198422,-0.5396002197262565,0.17085797684501527,0.012441726170266844,0.00020463595429624863,-0.0013879743179585641,-0.05947613124903084,-0.01382138303740632,-0.009634771693891597,0.0,0.0,0.0,-0.24291084529659437,0.343220847548307,0.10337514859931926,-0.2598084784268656,0.3465736789695314,0.03345126628747108,-0.02838792405229969,-0.005937384716835921,-0.06530527626820137,1.366443327142736,2.626693911395899,1.2568881654647575,0.20547887834495668,-2.7027918190923934,0.6652954459955264,-0.009194309797164917,0.05261296395963744,-0.007314197237421409,0.4856314264471481,-0.2569350366188402,0.5040161334066497,0.010517675161558769,0.026363757257882654,-0.07669305742412412,-0.22727904266744836,0.6323275897564228,-0.30871314398778205,1.575065838549261,2.392126637804941,1.5180860496706106,-1.1614162295949166,-0.9236391599815941,1.0392371573601007,0.0,0.0,0.0,0.0,0.0,0.0,0.0,0.0,0.0,0.0,0.0,0.0,9.0,9.0,9.0,9.0,9.0,9.0,6.0,6.0,6.0,6.0,6.0,6.0,0.038638778005717356,47.43479816823209,9.57461128397304,-1.0833854193714383,-0.08520080676609432,-1.6848914323297493e-05,1.789645759888899
10.066666666666642,-0.1478007901467061,-0.542934590445911,0.17165449645240038,0.003958730016680715,0.0033039522959693556,-0.00388304146599012,-0.02136854479596382,-0.005359413584098513,-0.010499906045879482,0.0,0.0,0.0,-0.14860617557036782,-0.5396049129664436,0.17080234901363048,0.011184790707292608,-0.00019547176659750868,-0.0015668175304514264,-0.05549949413038702,-0.013089572014266082,-0.012175834976575928,0.0,0.0,0.0,-0.24405093262367525,0.34289519761647,0.09242764072103128,-0.2602912834631212,0.3443394262429864,0.021182303091276975,-0.027861911155366386,-0.007869627840488318,-0.06649610826836451,1.3661486195367907,2.628498848712967,1.2565237094412898,0.2214462076286337,-2.71048406214817,0.6817457130005389,-0.008958922051299155,0.053636400994574125,-0.009727186215160992,0.4812237278225898,-0.23948987332180924,0.4970107179024683,0.0070616323759728275,0.030703111048100706,-0.07238966933218752,-0.13223095873674837,0.5233548989109289,-0.2101624651254438,1.575065838549261,2.392126637804941,1.5180860496706106,-1.1614162295949166,-0.9236391599815941,1.0392371573601007,0.0,0.0,0.0,0.0,0.0,0.0,0.0,0.0,0.0,0.0,0.0,0.0,9.0,9.0,9.0,9.0,9.0,9.0,6.0,6.0,6.0,6.0,6.0,6.0,0.029588999229625657,47.45603352042508,9.554371726501412,-1.0942123702571234,-0.08690591845897622,-1.5013739269598148e-05,1.2691341861781438
10.099999999999975,-0.14769214262203403,-0.5428233786721034,0.17150604027133692,0.0033640918935009994,0.003096489829026893,-0.004165351130935163,-0.018879793643065457,-0.004862632048570974,-0.008550622349733375,0.0,0.0,0.0,-0.14827609865084102,-0.5396211563677686,0.17074084536058382,0.009995687839882767,-0.0005499983386904792,-0.001747219856714731,-0.05169951653245608,-0.01088561840412261,-0.012031043974476852,0.0,0.0,0.0,-0.24519301982733427,0.34263148227455764,0.08208245981144817,-0.26068587114048697,0.3422594649793159,0.0100003962231441,-0.027190882312088625,-0.009664025976681624,-0.06723616282668213,1.3658649778559657,2.630315119466797,1.256106730631481,0.2371438877368662,-2.7176064080398796,0.6978627563252725,-0.008659140966930297,0.054204215408125374,-0.011581971601231478,0.4743615114388466,-0.222276875608133,0.4880111057954969,0.008993432531065736,0.017034432406537493,-0.05564356158211456,-0.2058664915122977,0.5163899314102869,-0.26998836320914227,1.575065838549261,2.392126637804941,1.5180860496706106,-1.1614162295949166,-0.9236391599815941,1.0392371573601007,0.0,0.0,0.0,0.0,0.0,0.0,0.0,0.0,0.0,0.0,0.0,0.0,9.0,9.0,9.0,9.0,9.0,9.0,6.0,6.0,6.0,6.0,6.0,6.0,0.03157630684889057,47.4494127869859,9.52803922942094,-1.106638301176944,-0.08834851556167322,-1.37411497767026e-05,1.3768664232853784
10.133333333333308,-0.1476006716210801,-0.5427205193464446,0.17134903227461026,0.0028335989048677928,0.002862953101349496,-0.004444280618191533,-0.016841790273927716,-0.005769603199203693,-0.008398951269086335,0.0,0.0,0.0,-0.14798281396175705,-0.5396487045829166,0.17067231761473434,0.008871231003578029,-0.0008914112016740657,-0.0019574122770731374,-0.04810792430560573,-0.010253511406178362,-0.013235766915623337,0.0,0.0,0.0,-0.24637089460510683,0.3423597179473116,0.07233059468943341,-0.26101598579555874,0.3403053516850963,-0.00014913120169021883,-0.02636909622444253,-0.011286493731345767,-0.06757758771120662,1.3655905400598622,2.632097535305777,1.2556677210990437,0.25241706358842403,-2.724232448833503,0.7134517384921016,-0.008375136244379541,0.05371638858231451,-0.012640847849158546,0.46358402084410527,-0.20661310774184966,0.4744500119350815,0.008520141676522684,-0.014634804774325834,-0.031766287437812055,-0.32332471784223904,0.4699130359885004,-0.4068328158124616,1.575065838549261,2.392126637804941,1.5180860496706106,-1.1614162295949166,-0.9236391599815941,1.0392371573601007,0.0,0.0,0.0,0.0,0.0,0.0,0.0,0.0,0.0,0.0,0.0,0.0,9.0,9.0,9.0,9.0,9.0,9.0,6.0,6.0,6.0,6.0,6.0,6.0,0.02489285637808969,47.404735741422236,9.494765195947286,-1.118402968342839,-0.08980218324591593,-1.5916145106764645e-05,1.1043119144618843
10.166666666666641,-0.14752482259485716,-0.5426269362277143,0.17118362647180038,0.0023515722631467766,0.0025973352939742973,-0.004714941322939882,-0.015317395769324246,-0.006927964677051552,-0.008104314370305796,0.0,0.0,0.0,-0.14772426982047687,-0.5396869535301657,0.17059597839169466,0.007809668267557895,-0.0012152626114808878,-0.0021922523166071624,-0.044652824640511124,-0.009417437059942912,-0.014185783619164116,0.0,0.0,0.0,-0.24758374089446433,0.34209524237987926,0.06296216210665588,-0.26129564247590703,0.33847896572320096,-0.00940623792679575,-0.025396594597459007,-0.012740306330463951,-0.06744870109819746,1.3653190621279885,2.633891176145293,1.2551858285758006,0.2675621268123421,-2.730498884646643,0.7288356268039142,-0.008221270718933771,0.05377827965109093,-0.013851466414577933,0.45742927142639683,-0.19419975217674712,0.46582777021461286,0.004615965763373089,0.0018567320632924798,-0.036318556962581613,-0.18464248253125282,0.37240066695307583,-0.2586672516140606,1.575065838549261,2.392126637804941,1.5180860496706106,-1.1614162295949166,-0.9236391599815941,1.0392371573601007,0.0,0.0,0.0,0.0,0.0,0.0,0.0,0.0,0.0,0.0,0.0,0.0,9.0,9.0,9.0,9.0,9.0,9.0,6.0,6.0,6.0,6.0,6.0,6.0,0.016849431310481222,47.45137806204502,9.480693639928855,-1.1276870153998062,-0.09128864392397862,-1.3556679704151975e-05,0.7264106162886925
10.199999999999974,-0.1474630521358356,-0.5425424406223935,0.17101139569049045,0.001916688824904892,0.0023259743211145687,-0.004951125853562666,-0.013800632930152105,-0.007227978213767097,-0.007059159331693707,0.0,0.0,0.0,-0.14749848863207693,-0.5397350962647376,0.17051183941978892,0.006808795659310663,-0.0015156543260061704,-0.0024303172245727514,-0.04135302901283344,-0.008310642625501075,-0.014109635734257164,0.0,0.0,0.0,-0.2488059151055606,0.3418675553291644,0.05404576576431523,-0.26152729454451906,0.33678962831252857,-0.017812389149534383,-0.024316569890751913,-0.014059306108342143,-0.06694925301888903,1.365055584927836,2.635682602832041,1.2546692329034845,0.2824571456423165,-2.736348785290041,0.743909726830409,-0.008009967576025344,0.053754626951992665,-0.014949068917845957,0.4503768004082865,-0.18173126359353897,0.45675792393476533,0.006339094287252828,-0.0007095809729479028,-0.032928075098040736,-0.21157413054331092,0.3740546574962448,-0.272095388395425,1.575065838549261,2.392126637804941,1.5180860496706106,-1.1614162295949166,-0.9236391599815941,1.0392371573601007,0.0,0.0,0.0,0.0,0.0,0.0,0.0,0.0,0.0,0.0,0.0,0.0,9.0,9.0,9.0,9.0,9.0,9.0,6.0,6.0,6.0,6.0,6.0,6.0,0.02062098656920419,47.4640685720398,9.457714220856358,-1.1384569724651086,-0.0925198904098199,-1.1684959463131861e-05,0.8127719005416345
10.233333333333308,-0.14741280187198022,-0.5424645819017172,0.1708368702440414,0.0015485523445447056,0.002103946824396766,-0.005084304141188172,-0.01170627637287363,-0.005842888619985293,-0.003958009890001614,0.0,0.0,0.0,-0.14730297968366826,-0.5397913320953008,0.17042142545207253,0.005881521762020148,-0.0017660318044507724,-0.002629321077911884,-0.037486547161254435,-0.0059532251561496,-0.01202689292004111,0.0,0.0,0.0,-0.25002791229596194,0.3416744720673968,0.04558237095048826,-0.26171535563550563,0.33523739928212165,-0.025417331887945586,-0.023148851498448652,-0.015247021021093467,-0.06612692120689154,1.3648020580127767,2.6374605885335547,1.2541380532784006,0.29703075458212885,-2.7417938506628308,0.7586221715787359,-0.007740527493195862,0.053477923014276264,-0.015606615474296367,0.4415977789323426,-0.16947839532030723,0.44650153627812667,0.008083202484884446,-0.008301118131492122,-0.019726396693512317,-0.26337064427831725,0.36758604819695206,-0.30769162969916036,1.575065838549261,2.392126637804941,1.5180860496706106,-1.1614162295949166,-0.9236391599815941,1.0392371573601007,0.0,0.0,0.0,0.0,0.0,0.0,0.0,0.0,0.0,0.0,0.0,0.0,9.0,9.0,9.0,9.0,9.0,9.0,6.0,6.0,6.0,6.0,6.0,6.0,0.02310869969127971,47.4723414010794,9.437285720191152,-1.1489422673372238,-0.09372258385257926,-1.0309235510153059e-05,0.6511628121799234
10.26666666666664,-0.14737301030451933,-0.5423934342680077,0.17066071646738587,0.0012205669128637965,0.001891708950869258,-0.005166732887880603,-0.010454992608969338,-0.005691662094240152,-0.002407513899663866,0.0,0.0,0.0,-0.14713567898090915,-0.5398545741079386,0.17032512889326928,0.005018702802887624,-0.0019809179449114824,-0.002812271326513411,-0.034108499157469385,-0.004314432039580041,-0.0110682386098655,0.0,0.0,0.0,-0.2512695939694339,0.3414999384943308,0.037371472021984986,-0.2618754239109988,0.3338158297156154,-0.03235476086195577,-0.02187677558309936,-0.016284151510130976,-0.06491930244388984,1.3645513653687056,2.639263310114633,1.253581013176376,0.31156362415332034,-2.7469781873282426,0.773264948211718,-0.007594028712487984,0.05388040595966277,-0.016343007198592347,0.43785665106794425,-0.1601795317483416,0.4416893780856838,0.004394963421236362,0.012074488361595262,-0.02209175172887939,-0.11223383593195105,0.27896590715896885,-0.1443647457732853,1.575065838549261,2.392126637804941,1.5180860496706106,-1.1614162295949166,-0.9236391599815941,1.0392371573601007,0.0,0.0,0.0,0.0,0.0,0.0,0.0,0.0,0.0,0.0,0.0,0.0,9.0,9.0,9.0,9.0,9.0,9.0,6.0,6.0,6.0,6.0,6.0,6.0,0.015887106202564283,47.53075718557418,9.428487629567051,-1.1569631054855378,-0.09502968973718762,-8.612540916441702e-06,0.36764778728739433
10.299999999999974,-0.14734112494427853,-0.5423264155756881,0.17048578072746934,0.0009583793664907892,0.0017432400464111033,-0.005174219781545256,-0.008412670859407178,-0.0037736240333581857,-0.00014679013343877516,0.0,0.0,0.0,-0.14699405421829023,-0.539923047776845,0.17022423973363648,0.0042310594998753595,-0.0021447061858894043,-0.0029593919349611836,-0.030266758728554777,-0.0019514707136902842,-0.009183891680201395,0.0,0.0,0.0,-0.25254728870861054,0.34128210102221507,0.029523221540246353,-0.2620237476113917,0.3324923776619588,-0.03864504932607291,-0.020518521966381705,-0.01715892666466081,-0.06345762121289356,1.3643069812723834,2.641024410672709,1.2530479691857423,0.3257330916119007,-2.7518929538870274,0.7874888599313086,-0.007419024830603244,0.05318214648139914,-0.01610854887887072,0.4293415661942563,-0.15168850842514092,0.4317080270870381,0.005250116456542199,-0.020947784347908862,0.007033749591648827,-0.2554525462106394,0.2547306996960202,-0.2994405299593713,1.575065838549261,2.392126637804941,1.5180860496706106,-1.1614162295949166,-0.9236391599815941,1.0392371573601007,0.0,0.0,0.0,0.0,0.0,0.0,0.0,0.0,0.0,0.0,0.0,0.0,9.0,9.0,9.0,9.0,9.0,9.0,6.0,6.0,6.0,6.0,6.0,6.0,0.01206640600542741,47.4902513259931,9.40060464000484,-1.1669185255446268,-0.09616709871996942,-1.084961566144571e-05,0.4319027502833805
10.333333333333307,-0.14731508080607836,-0.5422622207083049,0.1703154736081403,0.0007595951335472991,0.0016431483417200955,-0.005088558726107048,-0.006457809453322732,-0.002372109692736815,0.0026475175939995248,0.0,0.0,0.0,-0.1468755779070435,-0.5399950890788289,0.17012058933892693,0.003520029848500019,-0.0022579509778584833,-0.0030537682634187526,-0.026407608506358926,0.0003584139166346034,-0.006520700258494383,0.0,0.0,0.0,-0.25383076928597026,0.3410575418140341,0.022042736247555077,-0.26215861602234813,0.3312721722643469,-0.0443274835755507,-0.01910785691255463,-0.0179063870694837,-0.06177656085926598,1.3640727671680257,2.6427525496963287,1.252538321657198,0.3395334114271808,-2.756515308089331,0.8013232264903377,-0.007157290364022672,0.05229016263286658,-0.015562466863845307,0.41912025170368655,-0.14300992018779168,0.42059000687626263,0.00785203399741715,-0.02675951545597687,0.016382460450762377,-0.30663943471709165,0.2603576471204772,-0.33354060632326377,1.575065838549261,2.392126637804941,1.5180860496706106,-1.1614162295949166,-0.9236391599815941,1.0392371573601007,0.0,0.0,0.0,0.0,0.0,0.0,0.0,0.0,0.0,0.0,0.0,0.0,9.0,9.0,9.0,9.0,9.0,9.0,6.0,6.0,6.0,6.0,6.0,6.0,0.017251897482319478,47.50125139171011,9.381013464363644,-1.1762729519674764,-0.09719517549956969,-9.260832348090275e-06,0.34799817419488577
10.36666666666664,-0.14729265225327148,-0.5421992230294008,0.17015285276529407,0.0006262271291415209,0.0015917870803750052,-0.00491049439691248,-0.004454301263256427,-0.0009665836642039835,0.005420751669345282,0.0,0.0,0.0,-0.14677759990141875,-0.5400689536072263,0.1700161281287817,0.0028889690526017193,-0.0023186714990701958,-0.0030898316165694968,-0.022438992275304326,0.0027370330841289814,-0.0036272833154806783,0.0,0.0,0.0,-0.2551084671176886,0.3408421349161552,0.014916472343332208,-0.26228079854513575,0.3301588961193299,-0.049447543833517085,-0.01766099366427818,-0.018541210975881302,-0.05990390257735815,1.3638512208200797,2.644452061136111,1.2520569738192182,0.3529668954173354,-2.7608498816399623,0.8147902681392598,-0.006816690413597423,0.05142028300660408,-0.014814445714211671,0.40837643037098764,-0.1343614444085541,0.40953750193719735,0.010217998512757486,-0.026096388787874875,0.022440634489009063,-0.32231463998096715,0.2594542733771271,-0.3315751481719588,1.575065838549261,2.392126637804941,1.5180860496706106,-1.1614162295949166,-0.9236391599815941,1.0392371573601007,0.0,0.0,0.0,0.0,0.0,0.0,0.0,0.0,0.0,0.0,0.0,0.0,9.0,9.0,9.0,9.0,9.0,9.0,6.0,6.0,6.0,6.0,6.0,6.0,0.022763332223943777,47.52441425295991,9.364539892688459,-1.1849121764091923,-0.09818425757183302,-7.616739490678981e-06,0.25984265371014803
10.399999999999974,-0.14727050538112849,-0.5421357599579181,0.1700005188809701,0.0005810211035449171,0.0015898878141081367,-0.004649336657953234,-0.001777297648531971,0.0004717759481376437,0.00791525484753925,0.0,0.0,0.0,-0.14669693315443966,-0.5401428794687101,0.16991278775693439,0.002352224139011749,-0.0023261364411171176,-0.0030672613280622466,-0.017838153998113615,0.005124629708182837,-0.0007553971279512517,0.0,0.0,0.0,-0.25637158999641174,0.3406454373003358,0.008131686300213147,-0.2623911680542673,0.32915459845879813,-0.05404971547629458,-0.016191643817911567,-0.019073458531714244,-0.05786831962477742,1.363646556060717,2.6461242267978613,1.2516116815780784,0.36603190587260215,-2.7649058494553262,0.8279062416881862,-0.0063655253251237165,0.050583407570537205,-0.01384399339420013,0.39742568589566457,-0.12590650444345736,0.3988319716242595,0.01353495265421119,-0.025106263082006315,0.029113569600346244,-0.32852233425969174,0.2536481989529028,-0.321165909388136,1.575065838549261,2.392126637804941,1.5180860496706106,-1.1614162295949166,-0.9236391599815941,1.0392371573601007,0.0,0.0,0.0,0.0,0.0,0.0,0.0,0.0,0.0,0.0,0.0,0.0,9.0,9.0,9.0,9.0,9.0,9.0,6.0,6.0,6.0,6.0,6.0,6.0,0.03059254491118857,47.54809355153863,9.348913194110047,-1.192982524159084,-0.09913165372159849,-6.191751552364622e-06,0.19994313517641202
10.433333333333307,-0.14724776334499118,-0.5420714623649019,0.16985933322776747,0.0005825785906579317,0.0016127364455029887,-0.0043428554764512305,-0.0003451143004543785,0.0011839022668637383,0.009277376949571432,0.0,0.0,0.0,-0.14663126901572054,-0.5402156674992156,0.1698118587937674,0.001889187895404877,-0.0022947971290490712,-0.00300260091945596,-0.014274862641059372,0.006799163028299304,0.0012934865135472151,0.0,0.0,0.0,-0.2576138109251283,0.3404673006138164,0.00168153578039329,-0.2624907413616088,0.3282570588893529,-0.05817403988053683,-0.014711428935161818,-0.019508114195885422,-0.05570103769131532,1.3634590984953592,2.647763975514308,1.251206624756149,0.3787034280112907,-2.7686947207924524,0.8406519760524633,-0.005870993082196289,0.04965611018577646,-0.012715800903320716,0.38590567140565885,-0.11774626155700993,0.3878586778269618,0.014835967287822816,-0.02781892154282231,0.033845774726382415,-0.3456004347001712,0.24480728659342293,-0.32919881391893,1.575065838549261,2.392126637804941,1.5180860496706106,-1.1614162295949166,-0.9236391599815941,1.0392371573601007,0.0,0.0,0.0,0.0,0.0,0.0,0.0,0.0,0.0,0.0,0.0,0.0,9.0,9.0,9.0,9.0,9.0,9.0,6.0,6.0,6.0,6.0,6.0,6.0,0.03313203076244342,47.56106622378698,9.33043374571173,-1.2006042835670443,-0.10002752519023428,-5.1114674102237245e-06,0.1572191710590211
10.46666666666664,-0.14722316613479483,-0.5420050207322679,0.16973087701684011,0.0006245079372654313,0.0016696322205881162,-0.003989320311944464,0.000887301443922222,0.0021691290629122437,0.010691642973617198,0.0,0.0,0.0,-0.14657831133839058,-0.5402858467211169,0.16971484608014778,0.0014964527323479179,-0.0022197827147779387,-0.002892782608273923,-0.01091719891171028,0.008689057019841684,0.003463066655369662,0.0,0.0,0.0,-0.2588287278379415,0.3403171516843296,-0.004456534903165758,-0.26258005123397077,0.3274673769970604,-0.06186439916994758,-0.013229999189003867,-0.019854798093105953,-0.05342094677602498,1.3632895240918312,2.649375684202845,1.250844649550697,0.391001131753108,-2.7722284753006177,0.853060297615037,-0.005348485764623077,0.0487862104993387,-0.011478104410147605,0.3745892986382328,-0.10992384401564294,0.37745265719379284,0.015675219527196388,-0.026096990593132738,0.03713089479519335,-0.3394911830227803,0.23467252624100976,-0.31218061899506966,1.575065838549261,2.392126637804941,1.5180860496706106,-1.1614162295949166,-0.9236391599815941,1.0392371573601007,0.0,0.0,0.0,0.0,0.0,0.0,0.0,0.0,0.0,0.0,0.0,0.0,9.0,9.0,9.0,9.0,9.0,9.0,6.0,6.0,6.0,6.0,6.0,6.0,0.03508682148381226,47.582527676438495,9.31437107774024,-1.2076556802487532,-0.10087629909982443,-3.939434189526025e-06,0.12636686201079494
10.499999999999973,-0.14719733828735032,-0.541935913884199,0.16961538524261127,0.0006671718645747287,0.001748734585269519,-0.0036150371485158947,0.0009276335084666891,0.0028054622884238056,0.011318164775281348,0.0,0.0,0.0,-0.1465366272437944,-0.5403522895856528,0.1696227449445924,0.0011511760910202357,-0.002109257609963603,-0.002750535739197989,-0.008686640444534266,0.010171809256092956,0.0050007235838269715,0.0,0.0,0.0,-0.260011490199114,0.34019469300015404,-0.010295852489949364,-0.26265949280264694,0.32678305516263284,-0.06515995274107833,-0.011755990513441436,-0.020117805493719092,-0.05105241632333916,1.3631355066810438,2.6509560912702885,1.2505278102186785,0.40291438457323525,-2.775520068629736,0.8651242219378191,-0.004863176803957843,0.047870211515308646,-0.01016282144375271,0.3631281559486222,-0.10247314792090798,0.367096038853574,0.014559268819957012,-0.027479969520901683,0.03945848899184682,-0.34383428068831945,0.22352088284204868,-0.31069855020656517,1.575065838549261,2.392126637804941,1.5180860496706106,-1.1614162295949166,-0.9236391599815941,1.0392371573601007,0.0,0.0,0.0,0.0,0.0,0.0,0.0,0.0,0.0,0.0,0.0,0.0,9.0,9.0,9.0,9.0,9.0,9.0,6.0,6.0,6.0,6.0,6.0,6.0,0.03188815485192187,47.59532052888021,9.296230015962758,-1.2143114110845317,-0.10167357887863204,-2.9782324544314065e-06,0.10555608133155114
10.533333333333307,-0.14717036303291411,-0.5418634183530276,0.16951193876999704,0.0007081753165603109,0.0018500014884746344,-0.003251905295165775,0.0008910449195507356,0.0034415576056019657,0.010988250626990947,0.0,0.0,0.0,-0.14650481902539764,-0.5404138818741232,0.16953594790994783,0.0008490425999147758,-0.0019647862088447575,-0.00259334186740459,-0.0066873728274514654,0.011566694250154441,0.0056883668001050935,0.0,0.0,0.0,-0.26115647936915,0.3401000670897626,-0.015851274034845986,-0.2627286177309519,0.32620111580779276,-0.06809803939851969,-0.010297519766501336,-0.020301958118588183,-0.04861644004689782,1.362995621333186,2.652500956465652,1.2502591460733485,0.4144411186965724,-2.7785827547629047,0.8768462138122339,-0.0044187658918121795,0.04685404107903734,-0.008760890054517361,0.3515774011162846,-0.09541143863701342,0.3568051837728205,0.013332327364369902,-0.030485113088139316,0.04205794167706047,-0.34652264497012714,0.21185127851683683,-0.3087256524226055,1.575065838549261,2.392126637804941,1.5180860496706106,-1.1614162295949166,-0.9236391599815941,1.0392371573601007,0.0,0.0,0.0,0.0,0.0,0.0,0.0,0.0,0.0,0.0,0.0,0.0,9.0,9.0,9.0,9.0,9.0,9.0,6.0,6.0,6.0,6.0,6.0,6.0,0.028170642310218597,47.60349574754045,9.277404025225723,-1.2204631827502985,-0.10241755069173397,-2.0086003829078436e-06,0.09248639002090583
10.56666666666664,-0.14714216757258178,-0.5417890936954667,0.16941951046594655,0.0007498628875116319,0.0019278804531347466,-0.0029126410212041197,0.0009268791110093361,0.0027152043813716354,0.010275602442680687,0.0,0.0,0.0,-0.1464815323561223,-0.5404705416696131,0.1694546059990248,0.0005882773224168263,-0.0018132905286756566,-0.0024300431220966824,-0.004795236392955982,0.011668399656729278,0.005947568380070933,0.0,0.0,0.0,-0.26226381670196275,0.3400298165347473,-0.02113551633815015,-0.2627887544296316,0.3257166804503044,-0.07071305677230703,-0.008858682858018309,-0.020410608925763782,-0.04613404627516593,1.3628694748828292,2.6540087826117498,1.2500332007532,0.4255820530736964,-2.7814321940002693,0.8882205607488821,-0.003995850971073359,0.0457745366149708,-0.007439203087810778,0.3400111545812404,-0.08879259762629242,0.3464219999905707,0.012687447622164597,-0.03238513392199619,0.03965060900119751,-0.34698739605132584,0.1985652303216297,-0.311495513467494,1.575065838549261,2.392126637804941,1.5180860496706106,-1.1614162295949166,-0.9236391599815941,1.0392371573601007,0.0,0.0,0.0,0.0,0.0,0.0,0.0,0.0,0.0,0.0,0.0,0.0,9.0,9.0,9.0,9.0,9.0,9.0,6.0,6.0,6.0,6.0,6.0,6.0,0.0264695791560996,47.610618744338254,9.256950048737451,-1.2262577867299163,-0.10312504672166956,-1.5062268312604488e-06,0.08464430417281724
10.599999999999973,-0.14711359091790827,-0.5417134539301095,0.1693364934247909,0.000774710567103564,0.001987535412080614,-0.002613162104448525,0.00043666689326739153,0.002140092544799981,0.009083808210586682,0.0,0.0,0.0,-0.1464658816664646,-0.5405220541357064,0.16937848718055287,0.0003564883602614218,-0.0016553299472802736,-0.0022718548209846733,-0.0035137008813781456,0.011746990943214186,0.00567064899237657,0.0,0.0,0.0,-0.26333080165629774,0.3399854720986408,-0.02616702594619355,-0.2628401935152873,0.32532647375428275,-0.07303966253948514,-0.00744465144636298,-0.020449718187532395,-0.04362018296994163,1.3627548823138476,2.655479524812154,1.2498460348383087,0.436353305129064,-2.7840813171830137,0.8992619214252326,-0.0036238017033245586,0.044673022879739774,-0.00622305266042798,0.3287620926344322,-0.0825799961969821,0.3363012135238669,0.011161478032464022,-0.0330454120569309,0.03648451282148392,-0.3374718584042473,0.18637804287930948,-0.30362359400111544,1.575065838549261,2.392126637804941,1.5180860496706106,-1.1614162295949166,-0.9236391599815941,1.0392371573601007,0.0,0.0,0.0,0.0,0.0,0.0,0.0,0.0,0.0,0.0,0.0,0.0,9.0,9.0,9.0,9.0,9.0,9.0,6.0,6.0,6.0,6.0,6.0,6.0,0.022734003110238987,47.6191062067359,9.23720393764945,-1.2315839659729022,-0.10378191246887081,-8.745760888828613e-07,0.08303710086975145
10.633333333333306,-0.1470868187170411,-0.5416377066938223,0.16926114165699382,0.0007498694547477406,0.0020162619910067577,-0.0023615675821258017,-0.0010381845331691592,0.0011758452312859184,0.007648234812532537,0.0,0.0,0.0,-0.14645775577869763,-0.5405685865082721,0.169307125647002,0.00013181192587810359,-0.00150086115646716,-0.0021264824346208435,-0.003285800218657986,0.011355505749545358,0.0050310436790312885,0.0,0.0,0.0,-0.2643558084327177,0.33997236044909274,-0.03096919617323519,-0.26288328683974926,0.3250290937575687,-0.07511334170326893,-0.00605912385812702,-0.02042674683955468,-0.04108565502527036,1.3626477044911829,2.6569178666648954,1.2496881936902358,0.44678773218336576,-2.786540974917108,0.9099990960097105,-0.0033514903544010887,0.043657844681411734,-0.0052311738482696815,0.31827590529751276,-0.0767198200808806,0.3268438961975137,0.008169340467704098,-0.0304553459498411,0.029756364364748968,-0.3145856201075831,0.1758052834830448,-0.28371951979059595,1.575065838549261,2.392126637804941,1.5180860496706106,-1.1614162295949166,-0.9236391599815941,1.0392371573601007,0.0,0.0,0.0,0.0,0.0,0.0,0.0,0.0,0.0,0.0,0.0,0.0,9.0,9.0,9.0,9.0,9.0,9.0,6.0,6.0,6.0,6.0,6.0,6.0,0.01597507681256083,47.6320185478369,9.218083208824577,-1.2365070856524163,-0.10439334722924976,-2.297783892046823e-07,0.08569305540985053
10.66666666666664,-0.1470617320120131,-0.541562468554075,0.16919293826649365,0.0007115820571337186,0.002028552714942473,-0.002135432861358924,-0.0014169372055242192,0.0007110820344670143,0.0068879098186828145,0.0,0.0,0.0,-0.146456384597562,-0.5406103376297726,0.16924042667722528,-7.196670325822018e-05,-0.0013521741003906626,-0.0019854734875755374,-0.0024024029478626474,0.01086427338409024,0.004801849124934421,0.0,0.0,0.0,-0.26538141514790664,0.3398976695259615,-0.035522661786546526,-0.2629360656420109,0.32478077043734604,-0.07695040431882537,-0.0046813500054053835,-0.020298929664832654,-0.038575746442467466,1.3625441798888815,2.658276300943631,1.249579926980765,0.45671521734459136,-2.7888901509211976,0.920202330429705,-0.0031876554974951564,0.04172130046852193,-0.003909058805504134,0.3046416716570163,-0.07255679344208514,0.3130126537990602,0.004915045707177967,-0.058096326386694014,0.039663451282966423,-0.40902700921489404,0.12489079916386403,-0.4149372719536055,1.575065838549261,2.392126637804941,1.5180860496706106,-1.1614162295949166,-0.9236391599815941,1.0392371573601007,0.0,0.0,0.0,0.0,0.0,0.0,0.0,0.0,0.0,0.0,0.0,0.0,9.0,9.0,9.0,9.0,9.0,9.0,6.0,6.0,6.0,6.0,6.0,6.0,0.003950972453882429,47.58553084968759,9.189040361002975,-1.2414753833177787,-0.10506182813464537,-3.3467489988225907e-06,0.06708606987476164
10.699999999999973,-0.14704124112132402,-0.5414887048896069,0.16913037158722605,0.000610237193701011,0.0020143701782762936,-0.0019481105977865098,-0.003291539192097468,-0.00012404678285065588,0.005719740667849475,0.0,0.0,0.0,-0.14646222410552792,-0.5406475393222658,0.16917791289039477,-0.0002844970920025925,-0.0012104553705331992,-0.0018574621910500363,-0.0029381128129424283,0.010326794879485846,0.0041649610650003055,0.0,0.0,0.0,-0.26638214943322613,0.33980523049794814,-0.03985051293431603,-0.26299369634537545,0.3245858536300513,-0.07857880639535055,-0.003333179652922234,-0.020104211152455097,-0.03608683121786709,1.362440691375753,2.6595759081673367,1.2495015819941633,0.4662156644315724,-2.7911047788926524,0.9299730861819445,-0.0031323220950691816,0.03989924463028799,-0.002869919333868363,0.2915561656252932,-0.0684781572431211,0.2997526663111424,0.0016600020727792404,-0.05466167514701828,0.03117418414907312,-0.3925651809516936,0.12235908596892114,-0.3977996246375339,1.575065838549261,2.392126637804941,1.5180860496706106,-1.1614162295949166,-0.9236391599815941,1.0392371573601007,0.0,0.0,0.0,0.0,0.0,0.0,0.0,0.0,0.0,0.0,0.0,0.0,9.0,9.0,9.0,9.0,9.0,9.0,6.0,6.0,6.0,6.0,6.0,6.0,-0.0031946081578340113,47.598404172045086,9.170693389923025,-1.2458513744386028,-0.10558177203203911,-2.1873102413749734e-06,0.09591437641240091
10.733333333333306,-0.14702656316944962,-0.541417072883112,0.1690734434608691,0.00046318049796820063,0.001976908779389724,-0.0017736636323501176,-0.0046451813203459025,-0.000869381389711113,0.005329863548309951,0.0,0.0,0.0,-0.14647540358214667,-0.5406804652860439,0.16911960924748012,-0.0005017316593567956,-0.0010769575603227998,-0.0017307414328521069,-0.0032724375755326385,0.009740272120518867,0.004093091282083794,0.0,0.0,0.0,-0.2673542013235689,0.3397061783107657,-0.04397147636968766,-0.2630552001621367,0.32444418661043006,-0.08002571389303322,-0.0020189391964314032,-0.019854189076759017,-0.033625291818688875,1.362335060841056,2.6608259355328814,1.2494438291269911,0.4753258673143777,-2.7931883194020037,0.9393505418196613,-0.0031567180589606694,0.03830029552099693,-0.0021116971213985926,0.2793894461978703,-0.06449686260139803,0.2874666681913813,-0.0007318789167446404,-0.04796847327873172,0.022746666374093102,-0.3650015828226862,0.11943883925169227,-0.3685799435928337,1.575065838549261,2.392126637804941,1.5180860496706106,-1.1614162295949166,-0.9236391599815941,1.0392371573601007,0.0,0.0,0.0,0.0,0.0,0.0,0.0,0.0,0.0,0.0,0.0,0.0,9.0,9.0,9.0,9.0,9.0,9.0,6.0,6.0,6.0,6.0,6.0,6.0,-0.007823569005672937,47.618333353610275,9.15484948423692,-1.2499118340026558,-0.10607574731725489,-1.2738706596238103e-06,0.10157081750091482
10.766666666666639,-0.14701846934832075,-0.5413488550813224,0.16902102650802758,0.00028514861320224076,0.0019059188826005102,-0.0016256366876051496,-0.005557559252056699,-0.0019133445903597055,0.004533181491026359,0.0,0.0,0.0,-0.1464959286469815,-0.5407097575438897,0.16906512700305637,-0.0007198695627299004,-0.0009613807471499647,-0.001614265903771357,-0.003419689410798732,0.00870310505928451,0.0035961835031352862,0.0,0.0,0.0,-0.2682233594100025,0.33956583463789614,-0.04793413757731721,-0.2630887975671657,0.32433746145403314,-0.08133066291075249,-0.0007782040344554084,-0.019528396381343804,-0.031178426907677144,1.3622238804298943,2.6620239256591915,1.2494032305176035,0.48407227916827306,-2.795189339874005,0.9484341126232166,-0.0032758475762222614,0.03672656769986697,-0.0015158712282210246,0.26805805247719783,-0.061519363640500355,0.2774936388015684,-0.003573885517847755,-0.04721183463389889,0.017874776795327042,-0.3399418116201755,0.08932496882693025,-0.2991908816943865,1.575065838549261,2.392126637804941,1.5180860496706106,-1.1614162295949166,-0.9236391599815941,1.0392371573601007,0.0,0.0,0.0,0.0,0.0,0.0,0.0,0.0,0.0,0.0,0.0,0.0,9.0,9.0,9.0,9.0,9.0,9.0,6.0,6.0,6.0,6.0,6.0,6.0,-0.014565063413185086,47.625113237296205,9.13758311247612,-1.2534077769591767,-0.10659200578962835,5.553671415192696e-06,0.10270247876494797
10.799999999999972,-0.14701493495141926,-0.5412840860356332,0.16897299836106439,0.00013718871837578995,0.0018226159233889646,-0.001489026096250532,-0.004635768397261056,-0.002315784917551834,0.0041820575282793355,0.0,0.0,0.0,-0.14652264883447538,-0.5407356603344128,0.16901440085438382,-0.0009084619234440551,-0.0008548740138798045,-0.0015010012939201242,-0.002114185146457004,0.008103166679436669,0.003440095181268976,0.0,0.0,0.0,-0.26903192936914044,0.33940396142208634,-0.05171668466497904,-0.2631040313441369,0.32426485364729885,-0.08250506900896992,0.00041542294220548587,-0.019153036763701968,-0.028780779979348418,1.362111495064172,2.6631708289269294,1.249377377391401,0.492443628000327,-2.7970904686689617,0.95716667361547,-0.003339656506517044,0.035180254588042706,-0.0010223529334575645,0.2567796608001435,-0.058529030445965635,0.26714909944559195,-0.001914267908843476,-0.046389393354728026,0.014805548842903799,-0.3383517503116288,0.08970999583604163,-0.31033618067929297,1.575065838549261,2.392126637804941,1.5180860496706106,-1.1614162295949166,-0.9236391599815941,1.0392371573601007,0.0,0.0,0.0,0.0,0.0,0.0,0.0,0.0,0.0,0.0,0.0,0.0,9.0,9.0,9.0,9.0,9.0,9.0,6.0,6.0,6.0,6.0,6.0,6.0,-0.0101114987961477,47.634542877065925,9.121583689525824,-1.2570442772262318,-0.10702182157313356,4.205743605822931e-06,0.10756357641914055
10.833333333333306,-0.14701595282832108,-0.5412232598653994,0.16892814375918372,-8.170975465391674e-07,0.0017244613525873606,-0.00138057899997611,-0.004318031018418612,-0.002793405829714995,0.003329299333222053,0.0,0.0,0.0,-0.1465550011059086,-0.540758566705222,0.16896693127224363,-0.0010781795007157198,-0.0007599636456713612,-0.001401125969301064,-0.0013299232608412481,0.007393557461643496,0.002801596681219376,0.0,0.0,0.0,-0.2697870735385039,0.3392300236989651,-0.05532598999950276,-0.2631040260967767,0.3242254706242289,-0.08356544424160858,0.0015640959073216637,-0.018739612825733283,-0.02644095972724576,1.3619980450743214,2.664270358352261,1.2493607958036292,0.5004622280715284,-2.798891277392465,0.965560609706464,-0.0033822186325183127,0.033717340035974014,-0.0006724160665889079,0.24596522169074145,-0.05552585128537671,0.25692842163507523,-0.0012768637800380654,-0.04388743656206072,0.0104981060060597,-0.3244331732820628,0.09009537481766783,-0.3066203343155024,1.575065838549261,2.392126637804941,1.5180860496706106,-1.1614162295949166,-0.9236391599815941,1.0392371573601007,0.0,0.0,0.0,0.0,0.0,0.0,0.0,0.0,0.0,0.0,0.0,0.0,9.0,9.0,9.0,9.0,9.0,9.0,6.0,6.0,6.0,6.0,6.0,6.0,-0.007955189471051227,47.646065558877865,9.10662062953542,-1.2602906787603794,-0.10741663242567068,3.271467124754679e-06,0.11470800453627458
10.866666666666639,-0.14701900929584175,-0.5411668501338572,0.1688857110786971,-8.552752370682482e-05,0.0016106806062949292,-0.0012965698985054892,-0.0027008348903591033,-0.0032892508940500394,0.0025880991004471974,0.0,0.0,0.0,-0.14659145514940636,-0.540778919519929,0.16892228953799854,-0.0012056086067102642,-0.0006783056999789496,-0.0013143164346749992,0.0005614537002633924,0.006616776448924,0.0021861073985105506,0.0,0.0,0.0,-0.27049579565358944,0.33905362681038287,-0.058771196491476385,-0.2630919344751884,0.32421950522676246,-0.08452832183797838,0.002670119514345407,-0.018298429556316494,-0.0241654801193959,1.361887967832521,2.665328564900123,1.2493502138027943,0.5081642718483639,-2.800592943882024,0.9736476022958169,-0.0033289510468479154,0.032403244302561446,-0.0004357787055604443,0.2360292827669567,-0.05254194688631077,0.2473826589987517,0.0015980275701119226,-0.039422872002377124,0.007099120830853908,-0.2980781677135428,0.08951713197197828,-0.2863728790897058,1.575065838549261,2.392126637804941,1.5180860496706106,-1.1614162295949166,-0.9236391599815941,1.0392371573601007,0.0,0.0,0.0,0.0,0.0,0.0,0.0,0.0,0.0,0.0,0.0,0.0,9.0,9.0,9.0,9.0,9.0,9.0,6.0,6.0,6.0,6.0,6.0,6.0,-6.320594730624407e-05,47.66222117961711,9.093621902375387,-1.2632164199363838,-0.10779102949713071,2.513030788797721e-06,0.12113260748710179
10.899999999999972,-0.14702254777838475,-0.5411150433411841,0.16884505076185208,-0.00012151662438400273,0.0014873507839798159,-0.001233709819094475,-0.0012204963504819982,-0.0035911109602039222,0.0019452182294245565,0.0,0.0,0.0,-0.14663065100002598,-0.5407970963254232,0.1688800612518083,-0.0012916876148528398,-0.0006084507727543291,-0.0012401504375678806,0.0023881512441836783,0.0059211579186939645,0.0015978988694236307,0.0,0.0,0.0,-0.2711638917734757,0.3388776181451349,-0.0620550834118798,-0.26307056366243675,0.3242450530865681,-0.08540652537434339,0.0037346768865250705,-0.017835493528341115,-0.021963925942118805,1.3617838285733905,2.666345924390103,1.2493446648446769,0.5155590836782965,-2.8021986886485437,0.9814308243475562,-0.00319243553155974,0.031148271233792706,-0.0002562387308700421,0.2265726641876378,-0.0496288776258301,0.23812532736770337,0.004095465458645262,-0.037649192063062165,0.005386199240712066,-0.2836985573795671,0.08739207781442004,-0.27771994893145036,1.575065838549261,2.392126637804941,1.5180860496706106,-1.1614162295949166,-0.9236391599815941,1.0392371573601007,0.0,0.0,0.0,0.0,0.0,0.0,0.0,0.0,0.0,0.0,0.0,0.0,9.0,9.0,9.0,9.0,9.0,9.0,6.0,6.0,6.0,6.0,6.0,6.0,0.00646422154511761,47.67296838814602,9.080397850031051,-1.2659825624227605,-0.10814475817967217,1.8435955508877555e-06,0.12312929756002364
10.933333333333305,-0.14702447563949844,-0.5410684604805739,0.16880478876848576,-9.975073201229086e-05,0.0013469876205504648,-0.0012053390225295452,0.0005290373869508427,-0.004117075709940035,0.0009019749488498022,0.0,0.0,0.0,-0.14667097253461708,-0.5408136518392969,0.16883949757053668,-0.001329945481734043,-0.0005547568787349851,-0.001187206096845085,0.00450391691923846,0.005029147388805555,0.0006082234716098256,0.0,0.0,0.0,-0.27179545376150305,0.3387142446654143,-0.06519323420786208,-0.2630421811511608,0.32430423637147565,-0.08621651987435563,0.004759047934739162,-0.017360915487329393,-0.01983608295549258,1.361689453049884,2.667331096935988,1.249339816358974,0.5227012493437482,-2.803708542112506,0.9889644653136884,-0.002951655647317808,0.030086207995626602,-0.00018238262435019213,0.21836753470491255,-0.04674002848785486,0.23004792844521024,0.0072233965272579725,-0.03186189714498309,0.0022156831955955,-0.24615388448175735,0.08666547413925732,-0.242321967674794,1.575065838549261,2.392126637804941,1.5180860496706106,-1.1614162295949166,-0.9236391599815941,1.0392371573601007,0.0,0.0,0.0,0.0,0.0,0.0,0.0,0.0,0.0,0.0,0.0,0.0,9.0,9.0,9.0,9.0,9.0,9.0,6.0,6.0,6.0,6.0,6.0,6.0,0.015109602517942022,47.691240021078045,9.069239094383008,-1.2683802617871476,-0.10846976071181036,1.4683081195343561e-06,0.13260035821443716
10.966666666666638,-0.14702367718773102,-0.5410265726322879,0.16876527052652085,-3.6607575190002314e-05,0.0012107997572848373,-0.0011815444285832163,0.0017866606175874515,-0.003997435131156285,0.0007562080146548572,0.0,0.0,0.0,-0.1467111319113001,-0.5408287304509023,0.16880047412768912,-0.00132791937438927,-0.0005072574342018904,-0.0011406090921798622,0.006239124407745766,0.0046244844586293965,0.000337687646173368,0.0,0.0,0.0,-0.27239417016227035,0.33856755444447345,-0.06819244798896845,-0.2630088115663486,0.3243969538115248,-0.08697101307257746,0.005743749905677218,-0.016879545391375747,-0.017787400419543645,1.3616064230461615,2.668286921280906,1.2493367024309918,0.5296065778198329,-2.805124898976187,0.9962643890117944,-0.0026444852902218216,0.02914522289689678,-0.0001230727677586708,0.2108957477566642,-0.043907146769570436,0.22268111677718969,0.00921511071287959,-0.028229552961894673,0.0017792956977456397,-0.22415360844745064,0.0849864515485326,-0.22100435004061647,1.575065838549261,2.392126637804941,1.5180860496706106,-1.1614162295949166,-0.9236391599815941,1.0392371573601007,0.0,0.0,0.0,0.0,0.0,0.0,0.0,0.0,0.0,0.0,0.0,0.0,9.0,9.0,9.0,9.0,9.0,9.0,6.0,6.0,6.0,6.0,6.0,6.0,0.02047720094812,47.70637335527095,9.058718966927449,-1.2707664095963769,-0.10878332367971666,1.1338019003659383e-06,0.1335904346438176
10.999999999999972,-0.14701906378517515,-0.5409884035113218,0.16872749915347934,6.19937241708112e-05,0.0010951910290669582,-0.0011392218832663825,0.002864990553236151,-0.003379480070382202,0.001304244793836579,0.0,0.0,0.0,-0.14674990488133072,-0.5408421933808614,0.1687632815335683,-0.0012883817657517696,-0.00045714937481253746,-0.0010874233058972226,0.007825465575916013,0.004645746688051844,0.0006852866944129232,0.0,0.0,0.0,-0.2729632409064596,0.338438559634358,-0.0710566952063711,-0.2629722642231736,0.3245217858519054,-0.08768000617212383,0.006689082998235293,-0.01639454294180185,-0.015823633347817747,1.3615360560981349,2.669214397294373,1.249338619309653,0.5362788102261704,-2.806451311425019,1.0033355901167875,-0.002288834057274306,0.028264594568308765,-2.686682699212152e-06,0.2037432307123057,-0.04116396456650405,0.21565106102559453,0.010669536988425465,-0.026418849857640467,0.003611582551783759,-0.21457551133075453,0.08229546609199162,-0.21090167254785488,1.575065838549261,2.392126637804941,1.5180860496706106,-1.1614162295949166,-0.9236391599815941,1.0392371573601007,0.0,0.0,0.0,0.0,0.0,0.0,0.0,0.0,0.0,0.0,0.0,0.0,9.0,9.0,9.0,9.0,9.0,9.0,6.0,6.0,6.0,6.0,6.0,6.0,0.024133956564906356,47.71882049365728,9.048712904943374,-1.2731198224814535,-0.10908612204694546,8.246788487653589e-07,0.13466580994213406
11.033333333333305,-0.14700967957621275,-0.5409533588900236,0.168691791369636,0.00019152863686824743,0.0009985133330162185,-0.0010844093171125673,0.0038063420546632296,-0.0028041991380026174,0.00167177223536685,0.0,0.0,0.0,-0.14678614480559268,-0.540853965911632,0.16872806044037897,-0.001213758809898591,-0.00040478053811663153,-0.0010296069914867848,0.009281532227305433,0.004652289092280881,0.0009348819100853945,0.0,0.0,0.0,-0.27350552267111666,0.338322354873812,-0.07378351814509856,-0.2629341659340746,0.32467462918307777,-0.08834921020167641,0.007594973904838779,-0.015906127813836338,-0.013953014414776418,1.3614794632881075,2.670109440956401,1.2493488924803495,0.5427017265673327,-2.8076938551123627,1.0101589944593166,-0.0018948008863074732,0.0273224047633225,0.00020456785303342586,0.19637273706068095,-0.03857219526903791,0.2083517738591127,0.011820995129004983,-0.028265694149587964,0.00621763607197914,-0.22111480954874302,0.07775307892398428,-0.21897861499445515,1.575065838549261,2.392126637804941,1.5180860496706106,-1.1614162295949166,-0.9236391599815941,1.0392371573601007,0.0,0.0,0.0,0.0,0.0,0.0,0.0,0.0,0.0,0.0,0.0,0.0,9.0,9.0,9.0,9.0,9.0,9.0,6.0,6.0,6.0,6.0,6.0,6.0,0.026580372071624225,47.723235985149884,9.037329489369041,-1.2753836006302612,-0.1093733505143053,4.905819759315477e-07,0.13357230675895013
11.066666666666638,-0.14699253774501944,-0.5409210109264974,0.16865811671895736,0.00039081655055835606,0.0009154343967881646,-0.0010259925212888063,0.005907742930183722,-0.0023969993311464275,0.0017737530893951045,0.0,0.0,0.0,-0.14681784870602346,-0.5408639966585694,0.16869480588747546,-0.0010822835840395427,-0.00035080454622838893,-0.000971216709505159,0.011760387368671577,0.004629698891045919,0.0009878888858305679,0.0,0.0,0.0,-0.2740224744288747,0.3382317687960668,-0.0763919507433166,-0.2628956446043481,0.3248584260079735,-0.0889916049561033,0.008462349863468048,-0.015423267729979286,-0.012168404418405504,1.3614417025518812,2.670983146392987,1.2493681774175438,0.5489388465042985,-2.8088517666154433,1.0168079334241646,-0.00138681501996028,0.02658157698616856,0.0004538880282270829,0.1901999777595424,-0.036015628484618485,0.20242937058333318,0.015239575990415803,-0.022224833314618202,0.007479605255809711,-0.18518277903415706,0.07669700353258257,-0.1776720982733849,1.575065838549261,2.392126637804941,1.5180860496706106,-1.1614162295949166,-0.9236391599815941,1.0392371573601007,0.0,0.0,0.0,0.0,0.0,0.0,0.0,0.0,0.0,0.0,0.0,0.0,9.0,9.0,9.0,9.0,9.0,9.0,6.0,6.0,6.0,6.0,6.0,6.0,0.03564629509410011,47.744027121498725,9.029981653828768,-1.2772492291570368,-0.10963641763370102,4.640617206064235e-07,0.14481979125541322
11.099999999999971,-0.14696570749312365,-0.5408910301477099,0.16862622096600716,0.0006518219391502243,0.0008429296072407359,-0.0009714269699301532,0.007767500148094058,-0.0020718552308678535,0.0016523864223148606,0.0,0.0,0.0,-0.1468432344459738,-0.5408722915121578,0.1686633907834608,-0.0008964469013626035,-0.00029679758052849107,-0.0009160122122008607,0.0140958479686919,0.004534382906937751,0.0008608394764335614,0.0,0.0,0.0,-0.2745157725221765,0.33816796102931257,-0.07888727596822319,-0.26285773413900726,0.3250729122973454,-0.0896153753513664,0.009291289679791644,-0.014947716849303594,-0.01047254159636066,1.3614258293993644,2.671836568881365,1.2493988621774523,0.5550052385320479,-2.8099283830355795,1.0232996723416763,-0.0007797347236557754,0.025928975429618493,0.0007649912075775957,0.1847278331415023,-0.03353753789760171,0.1973112352113429,0.018212408889135136,-0.019578046696501927,0.009333095380515383,-0.16416433854120288,0.07434271761050326,-0.15354406115970895,1.575065838549261,2.392126637804941,1.5180860496706106,-1.1614162295949166,-0.9236391599815941,1.0392371573601007,0.0,0.0,0.0,0.0,0.0,0.0,0.0,0.0,0.0,0.0,0.0,0.0,9.0,9.0,9.0,9.0,9.0,9.0,6.0,6.0,6.0,6.0,6.0,6.0,0.04319016510517315,47.75723256280427,9.021173733416138,-1.2790476998845537,-0.1098851848759348,3.8940419244681834e-07,0.14146861923320594
11.133333333333304,-0.14693078728761683,-0.540862952549506,0.16859545619264346,0.00090148294550327,0.0007836317684237311,-0.0009311147124601757,0.0074356935237598325,-0.0016602350846685835,0.0012197120528952734,0.0,0.0,0.0,-0.1468620281565034,-0.540878807633601,0.16863348443393908,-0.0006956170767056655,-0.0002417323347273829,-0.0008698138332757384,0.014535326346481359,0.004491044838752956,0.00045784516223346117,0.0,0.0,0.0,-0.27498551719510855,0.33812395260025896,-0.08126557553588737,-0.26282070582383393,0.32531402457161135,-0.09022336892108868,0.010080623028922767,-0.014477361068369651,-0.008872362095705313,1.3614285853684245,2.672662349684865,1.2494423924666167,0.5608719761144701,-2.8109291414826885,1.0295995527415966,-0.00020479219335058823,0.025158607879871498,0.001125602852480119,0.17891069602894574,-0.03119434824137731,0.19176801973551888,0.017248275909155616,-0.023111026492409904,0.010818349347075698,-0.17451411337669623,0.07029568968673186,-0.1662964642747206,1.575065838549261,2.392126637804941,1.5180860496706106,-1.1614162295949166,-0.9236391599815941,1.0392371573601007,0.0,0.0,0.0,0.0,0.0,0.0,0.0,0.0,0.0,0.0,0.0,0.0,9.0,9.0,9.0,9.0,9.0,9.0,6.0,6.0,6.0,6.0,6.0,6.0,0.04024152241968437,47.75583785492323,9.009154182752804,-1.28087732442969,-0.11011516741509375,3.36757775443175e-07,0.13584927799155183
11.166666666666638,-0.14688543647804808,-0.5408365779748693,0.16856434172132753,0.0011940023690562174,0.0007320488024799529,-0.0009251237957902995,0.0087266490036671,-0.0014199377038877302,0.00018612610225131473,0.0,0.0,0.0,-0.1468726645637259,-0.5408835661400164,0.1686043306345497,-0.00045225878112220834,-0.00018710803066576605,-0.0008444818004412307,0.0162853871177,0.004378780815434524,-0.0005052402768197517,0.0,0.0,0.0,-0.2754311280694391,0.33810647403425087,-0.08353882908602209,-0.2627843761962228,0.32558267973823407,-0.09082321170241271,0.010830441182046563,-0.014017326801257918,-0.007362812396567253,1.3614539321489176,2.6734644585760132,1.2495005263089947,0.5665799607452691,-2.8118546204429893,1.0357547709480752,0.00043867154541431545,0.024428380449586826,0.00153787779838697,0.17379659129229447,-0.028907695286483803,0.1870270373747473,0.01930391216294711,-0.021906822908540152,0.012368248377205534,-0.15342314209953836,0.06859958864680521,-0.1422294708231472,1.575065838549261,2.392126637804941,1.5180860496706106,-1.1614162295949166,-0.9236391599815941,1.0392371573601007,0.0,0.0,0.0,0.0,0.0,0.0,0.0,0.0,0.0,0.0,0.0,0.0,9.0,9.0,9.0,9.0,9.0,9.0,6.0,6.0,6.0,6.0,6.0,6.0,0.045341637970214066,47.76448062672003,8.999782660099193,-1.2823520806398938,-0.11032417787606486,4.914706197567398e-07,0.1414539024214917
11.19999999999997,-0.14683014511770467,-0.5408126639341305,0.16853083225976828,0.0014908914834897698,0.0006674484660230048,-0.0009714131055739263,0.008863222449225227,-0.0018001086613489876,-0.0013853480268691126,0.0,0.0,0.0,-0.14687454883985623,-0.540887018466706,0.1685747858049549,-0.00018737659902015103,-0.00014426825161908692,-0.000851783633167937,0.017020703268592285,0.003729922485588233,-0.0020174357492650508,0.0,0.0,0.0,-0.27585260876632084,0.33811800076034376,-0.08571472222539171,-0.2627485930963048,0.32587910280315313,-0.0914211963595939,0.011541011488752636,-0.01356963303604684,-0.005942274103266955,1.3615011977903448,2.6742437273299395,1.2495697610233076,0.5721490972534209,-2.8127063331568323,1.0417822505078462,0.0010915366770149538,0.023728168561721562,0.0018973202190532648,0.16931492726046765,-0.026670152705687566,0.18289193698700051,0.01958595394801915,-0.02100635663595794,0.010783272619988845,-0.13444992095480424,0.06712627742388712,-0.12405301163240363,1.575065838549261,2.392126637804941,1.5180860496706106,-1.1614162295949166,-0.9236391599815941,1.0392371573601007,0.0,0.0,0.0,0.0,0.0,0.0,0.0,0.0,0.0,0.0,0.0,0.0,9.0,9.0,9.0,9.0,9.0,9.0,6.0,6.0,6.0,6.0,6.0,6.0,0.04622806900120935,47.76998184991464,8.98903595713762,-1.2837070451786543,-0.11051367973045201,6.31077162971394e-07,0.13960308207687228
11.233333333333304,-0.14676741555929454,-0.5407910563103986,0.1684942528535074,0.0017392870379001803,0.0006021607825278229,-0.0010486342953244985,0.007415404281815285,-0.0018047794567658418,-0.002316130970033947,0.0,0.0,0.0,-0.1468681795841184,-0.5408893560705412,0.1685441330856985,6.764651710984657e-05,-0.00010817183437272893,-0.0008824267910201625,0.01625979422986079,0.00333044148024797,-0.003070303813935027,0.0,0.0,0.0,-0.2762497977468012,0.33814961249021247,-0.08778759997418023,-0.2627130156044431,0.3261987761923823,-0.09201736566588847,0.012211717709451252,-0.013130588407019386,-0.0046168863892831515,1.361565638316254,2.6749919228869095,1.2496496643913322,0.5775429041764648,-2.8134903900485138,1.0476372663724873,0.0016526560771918009,0.022873300659966202,0.0022305074335053025,0.1643144475477009,-0.024571188735525315,0.17806429628848935,0.01683358200530541,-0.025646037052660817,0.009995616433561135,-0.15001439138300332,0.06296891910486756,-0.14482922095533468,1.575065838549261,2.392126637804941,1.5180860496706106,-1.1614162295949166,-0.9236391599815941,1.0392371573601007,0.0,0.0,0.0,0.0,0.0,0.0,0.0,0.0,0.0,0.0,0.0,0.0,9.0,9.0,9.0,9.0,9.0,9.0,6.0,6.0,6.0,6.0,6.0,6.0,0.03887081342032417,47.76356878406587,8.976055257722328,-1.285225570113889,-0.11069963071476918,6.578205296037254e-07,0.1310390832261646
11.266666666666637,-0.1466965280659327,-0.5407717210767313,0.1684485434943676,0.001985797735236363,0.0005365138115376868,-0.0012574833654559023,0.007364457167645305,-0.0018097710102243205,-0.006265319605406795,0.0,0.0,0.0,-0.14685304628171525,-0.5408907492827395,0.16850939143999397,0.0003342432146473647,-7.752064359227701e-05,-0.000993549346047367,0.016533701209016094,0.002999071803641229,-0.006830715043014024,0.0,0.0,0.0,-0.27668752706357996,0.33824835601412684,-0.08973254922758453,-0.262705188889284,0.32656008159035776,-0.09260131029794763,0.012875865822832693,-0.01273244149253341,-0.0034026617126954005,1.361650529527302,2.675707842838427,1.24973885184649,0.5827797025250003,-2.8141634801913953,1.0532651438374636,0.0022487095800234292,0.021942832583676238,0.0025272515809922095,0.15950744948660883,-0.021652199102801906,0.17191231472902238,0.01788160508494886,-0.027914042288698947,0.008902324424607217,-0.14420994183276167,0.08756968898170228,-0.18455944678400937,1.575065838549261,2.392126637804941,1.5180860496706106,-1.1614162295949166,-0.9236391599815941,1.0392371573601007,0.0,0.0,0.0,0.0,0.0,0.0,0.0,0.0,0.0,0.0,0.0,0.0,9.0,9.0,9.0,9.0,9.0,9.0,6.0,6.0,6.0,6.0,6.0,6.0,0.04125337609203683,47.7615312309126,8.964112784611647,-1.2863933943893078,-0.11078292233869069,-4.909933707608616e-06,0.13177989938082835
11.29999999999997,-0.14662081985555986,-0.5407541618326263,0.16838826683267286,0.0021649822438751386,0.00048113717070173066,-0.0016189007086769675,0.005350565772762093,-0.0014874801864795115,-0.01084094362204127,0.0,0.0,0.0,-0.14683024062645567,-0.5408911881591862,0.16846718669589728,0.0005741831989532474,-4.74591186799427e-05,-0.00120377144834043,0.014990794790265216,0.0029041536725706862,-0.01143386827152515,0.0,0.0,0.0,-0.2771141622797974,0.3383852962550593,-0.09156795602434203,-0.2627105330807994,0.3269550896882526,-0.0931777674946484,0.013499960967750586,-0.012350453349318143,-0.0022834676563164777,1.361748532690442,2.6763737111384445,1.2498416312771417,0.587842236835328,-2.8147529432477727,1.0586894670528668,0.0027096331228060443,0.020631643528235304,0.0028980058066953736,0.15441983603542178,-0.019006660828478114,0.16579056921773527,0.013827706283478458,-0.03933567166322804,0.011122626771094928,-0.1526284035356117,0.0793661482297138,-0.1836523653386135,1.575065838549261,2.392126637804941,1.5180860496706106,-1.1614162295949166,-0.9236391599815941,1.0392371573601007,0.0,0.0,0.0,0.0,0.0,0.0,0.0,0.0,0.0,0.0,0.0,0.0,9.0,9.0,9.0,9.0,9.0,9.0,6.0,6.0,6.0,6.0,6.0,6.0,0.029557057377836315,47.73851900647586,8.948995129539082,-1.2871892093825559,-0.11090882356932363,-2.3829113189322015e-06,0.1282168948232986
11.333333333333304,-0.14654380618128354,-0.5407383811715037,0.1683093991766741,0.0022514567731135833,0.00042942561097244136,-0.00211161006463937,0.0025750045649292237,-0.0013675280291790858,-0.01477818707166342,0.0,0.0,0.0,-0.14680138763392173,-0.540890805367189,0.16841441615446526,0.0007680189061536727,-2.095114581729465e-05,-0.0015088106017212477,0.01254638443166467,0.0026706834964187465,-0.01578081554763333,0.0,0.0,0.0,-0.2775150484637576,0.3385539385553682,-0.0933004813322867,-0.2627208479378668,0.3273798554495747,-0.09374917486571774,0.014078409428128198,-0.011981122852408172,-0.0012545712503729421,1.361853167453303,2.6769804671724815,1.2499567204691204,0.592722313759012,-2.8152654636776484,1.0639062243659403,0.0029959062981585855,0.01901233519014909,0.003267785775137876,0.14907481715215487,-0.016585962207003056,0.15959866933405065,0.008588195260576238,-0.048579250142586496,0.011093399053275062,-0.1603505664980077,0.07262095864425178,-0.1857569965105392,1.575065838549261,2.392126637804941,1.5180860496706106,-1.1614162295949166,-0.9236391599815941,1.0392371573601007,0.0,0.0,0.0,0.0,0.0,0.0,0.0,0.0,0.0,0.0,0.0,0.0,9.0,9.0,9.0,9.0,9.0,9.0,6.0,6.0,6.0,6.0,6.0,6.0,0.015333184828122626,47.718908097220336,8.934709693046635,-1.2879933765677358,-0.11102527338276813,-2.8609450541949855e-07,0.12487202322882116
11.366666666666637,-0.14646773779450661,-0.5407244767062912,0.1682163905971671,0.002262098072668429,0.0003775104046733141,-0.0025590557513661323,0.00030647177923663203,-0.001368024283388698,-0.013419320077363742,0.0,0.0,0.0,-0.14676788595942286,-0.540889798591906,0.16835152821422536,0.0009187334484540211,-1.1500908955547828e-07,-0.0018162149603305586,0.010278050893518298,0.0023404950415635284,-0.0156801736576746,0.0,0.0,0.0,-0.2778894690563883,0.3387433663840687,-0.09493310815849836,-0.2627333483902031,0.327828380458935,-0.09431617172561114,0.014613751421483903,-0.011619366527012271,-0.0003146558192997403,1.3619599779611387,2.6775323027517857,1.2500795596961176,0.5973986710379268,-2.81571249354487,1.0688951644099216,0.0031348455894361195,0.017374156649472193,0.0035460464649880196,0.14321875129568193,-0.014469251413436022,0.15297835732430864,0.004168178738326016,-0.049145356220306906,0.008347820695504314,-0.17568197569418811,0.06350132380701101,-0.1986093602922602,1.575065838549261,2.392126637804941,1.5180860496706106,-1.1614162295949166,-0.9236391599815941,1.0392371573601007,0.0,0.0,0.0,0.0,0.0,0.0,0.0,0.0,0.0,0.0,0.0,0.0,9.0,9.0,9.0,9.0,9.0,9.0,6.0,6.0,6.0,6.0,6.0,6.0,0.004449878275565311,47.71965081157935,8.925135032516664,-1.2893900351792338,-0.11119660068708237,5.598921584137884e-07,0.11944460566345322
11.39999999999997,-0.14639428897996515,-0.5407136626094253,0.16810469211913054,0.0022138818740337738,0.0003008486991277028,-0.003082307977407076,-0.001452899096990167,-0.0021149858806790716,-0.015692581674115382,0.0,0.0,0.0,-0.14673097057868906,-0.5408888492178294,0.1682760161424729,0.0010310184300048749,2.2351293957069667e-06,-0.002188645406218902,0.008264307763133694,0.001405697543212625,-0.018566731744961373,0.0,0.0,0.0,-0.2782279806192103,0.33895699312495553,-0.0964805959798562,-0.26274249472673095,0.3283000315475681,-0.0948838964823085,0.015103548323967342,-0.011267727120835836,0.0005467618043351204,1.3620663990481394,2.6780290903805084,1.2502045959896535,0.601907778644523,-2.8160955943607493,1.0736958972479993,0.0031733702698275574,0.015727138124276046,0.003682741359046154,0.13792173589715187,-0.012485100122064448,0.14700744253632161,0.0011557404117431352,-0.04941055575588437,0.004100846821744033,-0.15891046195590178,0.059524538741147215,-0.17912744363961058,1.575065838549261,2.392126637804941,1.5180860496706106,-1.1614162295949166,-0.9236391599815941,1.0392371573601007,0.0,0.0,0.0,0.0,0.0,0.0,0.0,0.0,0.0,0.0,0.0,0.0,9.0,9.0,9.0,9.0,9.0,9.0,6.0,6.0,6.0,6.0,6.0,6.0,-0.002829529029398259,47.7177074656942,8.915072364344244,-1.2901234761637994,-0.11130776605033832,1.7481956255949171e-06,0.11946543767290438
11.433333333333303,-0.1463242178680742,-0.5407070281051216,0.16797507619582738,0.0021308701397973005,0.00019400508956645714,-0.0036154473089030073,-0.0024848829500038246,-0.0030231172477111897,-0.015987921720134315,0.0,0.0,0.0,-0.14669152585705042,-0.5408887404410064,0.16818706266744152,0.0011146487851995857,-1.842784779755186e-05,-0.002591718882457244,0.006743381818985927,0.00026770645010465444,-0.01978709502981557,0.0,0.0,0.0,-0.2786021725518032,0.3392291645199521,-0.09791186187459891,-0.2627767373633426,0.3288087129907054,-0.09543876240144437,0.015586574941822305,-0.010951034583622354,0.001308707947164311,1.3621730609074734,2.6784763289708478,1.2503226965674588,0.6062300681355545,-2.816381471440037,1.0782091185248466,0.0031910272766228417,0.0141871511815486,0.0035895920091230976,0.132419701786346,-0.009879241626440924,0.13926690638238873,0.0005297102038585323,-0.046199608281823394,-0.002794480497691696,-0.16506102332417616,0.07817575486870569,-0.23221608461798648,1.575065838549261,2.392126637804941,1.5180860496706106,-1.1614162295949166,-0.9236391599815941,1.0392371573601007,0.0,0.0,0.0,0.0,0.0,0.0,0.0,0.0,0.0,0.0,0.0,0.0,9.0,9.0,9.0,9.0,9.0,9.0,6.0,6.0,6.0,6.0,6.0,6.0,-0.0034695893806251377,47.72414542349204,8.906581614302528,-1.291357771319677,-0.1113863894057654,-3.9882675917368715e-06,0.10920414332769636
11.466666666666637,-0.14625814021216632,-0.54070425132086,0.16783385145933327,0.00202402549798635,8.411530222869997e-05,-0.004025668686129387,-0.0031880821112597107,-0.0031144712665072496,-0.012299950899981671,0.0,0.0,0.0,-0.14665033057404092,-0.5408897296248933,0.16808656878061362,0.001173817121318593,-4.917617519282485e-05,-0.0029500636726757156,0.005443223431210065,-0.00024073016151682225,-0.017411251619406265,0.0,0.0,0.0,-0.27897369938653727,0.3395235589721957,-0.0992452525228944,-0.2628267591021277,0.3293423100208084,-0.09598354368280998,0.01603765897716758,-0.010641648167711763,0.0019876302674999495,1.3622770418849537,2.678877035475955,1.250433828038039,0.6103464846789856,-2.8166065382652534,1.0824613326639125,0.0031432953084802014,0.012743180495991486,0.0034191600813120713,0.1264682314640706,-0.00779441704647262,0.13146658490878363,-0.001431959044279214,-0.04331912056671343,-0.0051129578343307855,-0.17854410966826142,0.06254473739904913,-0.23400964420815298,1.575065838549261,2.392126637804941,1.5180860496706106,-1.1614162295949166,-0.9236391599815941,1.0392371573601007,0.0,0.0,0.0,0.0,0.0,0.0,0.0,0.0,0.0,0.0,0.0,0.0,9.0,9.0,9.0,9.0,9.0,9.0,6.0,6.0,6.0,6.0,6.0,6.0,-0.007812247900169211,47.73282011649846,8.900988461723466,-1.2927225351170049,-0.11156908271482413,-2.5039071829269233e-06,0.10454947830692926
11.49999999999997,-0.14619602133146165,-0.5407065897308156,0.16768137867698035,0.001909900581482344,-5.199162359335326e-05,-0.00438764398483368,-0.0033959699001725775,-0.003907070838815593,-0.010853243634315769,0.0,0.0,0.0,-0.14660787133545972,-0.5408926203976328,0.16797474475372023,0.001216708403032618,-0.00010220648927559772,-0.00329621001732532,0.0045507522141061685,-0.0013229166001629267,-0.016616591108412404,0.0,0.0,0.0,-0.2793344304718908,0.33983295684868176,-0.10049140662895599,-0.26288828091223726,0.32989515821859733,-0.09652075425147866,0.016454355714258434,-0.010336755971231643,0.0025918405428831423,1.3623783684893187,2.679235358296025,1.2505325416224806,0.6142750422764813,-2.816781245915082,1.086478414406834,0.0030742971901276182,0.011414183233401562,0.0031139917159387566,0.12072722910460736,-0.006092292012057284,0.12416382982802357,-0.00206994355057749,-0.039869917877697725,-0.009155050961199436,-0.17223007078389757,0.05106375103246008,-0.2190826524228018,1.575065838549261,2.392126637804941,1.5180860496706106,-1.1614162295949166,-0.9236391599815941,1.0392371573601007,0.0,0.0,0.0,0.0,0.0,0.0,0.0,0.0,0.0,0.0,0.0,0.0,9.0,9.0,9.0,9.0,9.0,9.0,6.0,6.0,6.0,6.0,6.0,6.0,-0.00867644052000216,47.74038022672864,8.895174234338716,-1.2936703438327326,-0.1117106958268006,-1.2042195427497404e-06,0.10156484934098459
11.533333333333303,-0.14613716620364875,-0.5407147444420669,0.1675202473020241,0.0018070922187728626,-0.0002116081262445858,-0.004681759915274368,-0.0030429583453180187,-0.004620695881259494,-0.008817592712375333,0.0,0.0,0.0,-0.1465642779721585,-0.5408981048542976,0.1678525746036158,0.0012537671560906329,-0.00017643909881758015,-0.003614995839288122,0.004168274143094397,-0.0023404217236713265,-0.015114235920921093,0.0,0.0,0.0,-0.279752546564479,0.34020000281054674,-0.10163449786686472,-0.2629893803765453,0.33048343685973014,-0.09704208403688414,0.016873851814744364,-0.010065754716919426,0.0031112676154215766,1.3624801957645307,2.6795681657239334,1.2506107801729178,0.618042522575196,-2.8168696638878967,1.0902228524607913,0.0030613112342806744,0.010460876302633246,0.0026027682473910053,0.11559201567582918,-0.003799123460310791,0.11627670435515404,-0.00038957867540831794,-0.028599207923049475,-0.015336704056432544,-0.1540564028633454,0.06879505655239479,-0.23661376418608604,1.575065838549261,2.392126637804941,1.5180860496706106,-1.1614162295949166,-0.9236391599815941,1.0392371573601007,0.0,0.0,0.0,0.0,0.0,0.0,0.0,0.0,0.0,0.0,0.0,0.0,9.0,9.0,9.0,9.0,9.0,9.0,6.0,6.0,6.0,6.0,6.0,6.0,-0.0026983370897362136,47.76553818420287,8.89343101510567,-1.2947995139052764,-0.11179049878795366,-6.489519327246285e-06,0.09848302699875952
11.566666666666636,-0.14608164139252658,-0.5407283230795868,0.16735335503289048,0.001706741941124938,-0.0003710132049445431,-0.004895256440747635,-0.002957063017100574,-0.004617116371673832,-0.006400077502576186,0.0,0.0,0.0,-0.146519891808226,-0.5409064337016319,0.16772142451393673,0.001281081226776977,-0.0002602977272567287,-0.0038943043818352226,0.0036063103058108226,-0.002794809540699106,-0.013057226943547828,0.0,0.0,0.0,-0.28018126583138986,0.3405892574324853,-0.10269580574986534,-0.263117760646885,0.3310956789090168,-0.09755242589072823,0.017265767254958937,-0.009800818293007114,0.003564053278121,1.3625805937156483,2.679874047454702,1.2506710080951735,0.6216433489855682,-2.8169071893965936,1.0937412173116559,0.003028396100444798,0.00960459338290609,0.002072147860909792,0.11054720009938758,-0.002016884660704091,0.10912619846901148,-0.0009874540150763005,-0.025688487591814666,-0.015918611594436402,-0.151344467293248,0.053467163988201005,-0.21451517658427707,1.575065838549261,2.392126637804941,1.5180860496706106,-1.1614162295949166,-0.9236391599815941,1.0392371573601007,0.0,0.0,0.0,0.0,0.0,0.0,0.0,0.0,0.0,0.0,0.0,0.0,9.0,9.0,9.0,9.0,9.0,9.0,6.0,6.0,6.0,6.0,6.0,6.0,-0.003801750254705638,47.77396561246279,8.89012535337436,-1.2956972326024236,-0.11193185435252584,-4.161984974437871e-06,0.09128198868316746
11.59999999999997,-0.14603041996569527,-0.5407461795903797,0.16718546940938572,0.001587808708984905,-0.0005070760383084347,-0.0049865407273111785,-0.0035064168024133186,-0.00392099723600592,-0.0027359092083030704,0.0,0.0,0.0,-0.1464754671856615,-0.5409174127013564,0.16758369735868925,0.001287399101957625,-0.0003405597240983074,-0.004105556484991343,0.002517619117400116,-0.0026146789558350036,-0.009668357168305608,0.0,0.0,0.0,-0.2806107230918133,0.34098458836457324,-0.1036785479622067,-0.2632680788653013,0.3317226253295614,-0.09805178792316849,0.01762637143247535,-0.009534447138337915,0.0039531619182145905,1.3626767094930046,2.680154543885897,1.2507148865928321,0.625052491959402,-2.8169092226323302,1.0970231017122256,0.002931780913936694,0.008811459751538794,0.0015682859068097473,0.10503192617647264,-0.0007129596016382889,0.10201308750106797,-0.002898455595243118,-0.023794008941018876,-0.015115858623001346,-0.1654582176874484,0.03911775177197406,-0.21339332903830527,1.575065838549261,2.392126637804941,1.5180860496706106,-1.1614162295949166,-0.9236391599815941,1.0392371573601007,0.0,0.0,0.0,0.0,0.0,0.0,0.0,0.0,0.0,0.0,0.0,0.0,9.0,9.0,9.0,9.0,9.0,9.0,6.0,6.0,6.0,6.0,6.0,6.0,-0.00840563851952325,47.781634543181006,8.887702609144737,-1.296783842499328,-0.11207429246185185,-2.494664580687811e-06,0.08408499135726362
11.633333333333303,-0.14598411037454898,-0.5407682898058072,0.16701834888703276,0.001450415496265582,-0.0006352956892839031,-0.005001866886556392,-0.004055616604203611,-0.003697997942746744,-0.0004591397733763826,0.0,0.0,0.0,-0.14643171316980588,-0.5409311577070071,0.1674409206789697,0.0012722290344226016,-0.00042327849107385445,-0.004267159342421372,0.0014202821549229583,-0.002724918985510527,-0.00719870585909721,0.0,0.0,0.0,-0.2810320676882032,0.3413867154068923,-0.10460136629847686,-0.2634352152741307,0.3323613272083349,-0.09854624526749815,0.017953902566168245,-0.009268495220532576,0.004291894215814796,1.3627672440651475,2.68041965637892,1.2507400755671256,0.6283085152334382,-2.8168805143469777,1.100123510696547,0.0027879517475031643,0.008239403110972487,0.0010265414548090309,0.10013110753954561,0.00033651250649869386,0.09601254218678631,-0.004314874993005884,-0.01716169921698917,-0.016252333560021492,-0.14702455910781087,0.031484163244109485,-0.18001635942844937,1.575065838549261,2.392126637804941,1.5180860496706106,-1.1614162295949166,-0.9236391599815941,1.0392371573601007,0.0,0.0,0.0,0.0,0.0,0.0,0.0,0.0,0.0,0.0,0.0,0.0,9.0,9.0,9.0,9.0,9.0,9.0,6.0,6.0,6.0,6.0,6.0,6.0,-0.011127741728667928,47.79791780548867,8.88727816453017,-1.2975190843363467,-0.11218074779572706,-1.0155598353378537e-06,0.08458924426056867
11.666666666666636,-0.14594292678502196,-0.5407950959513673,0.16685251947958485,0.0013024682121908172,-0.0007702790159078047,-0.004981291010269712,-0.004368661813347895,-0.003915318714363352,0.0006159058746347745,0.0,0.0,0.0,-0.1463891866634967,-0.540948024036247,0.16729402851573733,0.0012394394246816414,-0.0005155417381116333,-0.004397204605107344,0.0005215784415133484,-0.003171248759295864,-0.0056214561241438865,0.0,0.0,0.0,-0.28143861073452586,0.3417976074800681,-0.1054805887748936,-0.26361461010966697,0.33301061860793096,-0.09904262119977134,0.018247685793603176,-0.009004783952474782,0.0045902495516200945,1.3628518438965664,2.680677754629594,1.2507436007526873,0.6314507812385062,-2.8168240507981697,1.1030937887747572,0.0026213138775448516,0.007908432717134376,0.00041268419617136287,0.09622235594787269,0.0012414418116586858,0.09140974229313316,-0.004999136098749379,-0.009929111815143313,-0.01841571775913004,-0.11726254775018777,0.027147879154799756,-0.13808399680959452,1.575065838549261,2.392126637804941,1.5180860496706106,-1.1614162295949166,-0.9236391599815941,1.0392371573601007,0.0,0.0,0.0,0.0,0.0,0.0,0.0,0.0,0.0,0.0,0.0,0.0,9.0,9.0,9.0,9.0,9.0,9.0,6.0,6.0,6.0,6.0,6.0,6.0,-0.0118808863808475,47.81446808311817,8.886890396340862,-1.298029228888804,-0.1122623497558135,1.9641263016012545e-07,0.08085920564518523
11.699999999999969,-0.14590659802476932,-0.5408254924401146,0.16669025741002533,0.0011564301109016886,-0.0008853539534428165,-0.004903229791111887,-0.0043091725837790095,-0.003328412098795806,0.002338075949150742,0.0,0.0,0.0,-0.14634820306450924,-0.5409677726085061,0.1671445874754855,0.001195853815139477,-0.0006030348815495921,-0.004482039429436948,-4.052878150595518e-05,-0.0029312815151563143,-0.0034148194109384633,0.0,0.0,0.0,-0.2818259101839873,0.3422077767305448,-0.10631589178021142,-0.2638024461980544,0.33366511677720795,-0.09954140941498887,0.018507065067913272,-0.008739311181377257,0.004847040040043944,1.3629301650241945,2.680927606805437,1.250729232167185,0.6344625603623646,-2.81674854050434,1.1059252853673216,0.002440193845072937,0.007633187755900101,-0.0001498103113250415,0.09230970112645903,0.0019240198138127543,0.08709984594900219,-0.005433600974157432,-0.00825734883702827,-0.01687483522489213,-0.11737964464240978,0.020477340064622054,-0.12929689032392913,1.575065838549261,2.392126637804941,1.5180860496706106,-1.1614162295949166,-0.9236391599815941,1.0392371573601007,0.0,0.0,0.0,0.0,0.0,0.0,0.0,0.0,0.0,0.0,0.0,0.0,9.0,9.0,9.0,9.0,9.0,9.0,6.0,6.0,6.0,6.0,6.0,6.0,-0.012905537546654244,47.821466197291976,8.885537634112463,-1.2987133661533385,-0.11235061825317683,9.915226657497556e-07,0.07128155602982257
11.733333333333302,-0.1458748722055887,-0.5408607905659817,0.16652975563528283,0.001015994832512108,-0.0010203543723883094,-0.004842106065975249,-0.004139214559350667,-0.003938578426729544,0.0018277859594609965,0.0,0.0,0.0,-0.14630900705404237,-0.5409910310191013,0.16699258584511537,0.0011443175445543404,-0.0007060361835109137,-0.004560448678555714,-0.0004595814889678529,-0.0036593592115057305,-0.003081084172273041,0.0,0.0,0.0,-0.28219050144017077,0.3426188255726937,-0.10711776960121815,-0.26399528313827075,0.33432316434997617,-0.1000464512019115,0.018732970243164233,-0.008474487847098793,0.00506919599944694,1.3630030447208856,2.6811730003791983,1.2506925041130028,0.6373772870286395,-2.816655823162734,1.108654283821701,0.002270991882180422,0.007452267393860893,-0.0007844978540839324,0.08906443370098516,0.0024956867700630385,0.08361325107058583,-0.005076058886775453,-0.005427610861176234,-0.019040626282766728,-0.09735802276421603,0.017150008687508524,-0.10459784635249077,1.575065838549261,2.392126637804941,1.5180860496706106,-1.1614162295949166,-0.9236391599815941,1.0392371573601007,0.0,0.0,0.0,0.0,0.0,0.0,0.0,0.0,0.0,0.0,0.0,0.0,9.0,9.0,9.0,9.0,9.0,9.0,6.0,6.0,6.0,6.0,6.0,6.0,-0.011539042835877922,47.827948670230256,8.883079628833656,-1.2990235089057918,-0.11240486391554727,1.6521638928068683e-06,0.06961012168744608
11.766666666666636,-0.14584639801779928,-0.5409007689977883,0.16637062970738103,0.0009043287434183531,-0.0011581055742805686,-0.004794329503135429,-0.003270561618300295,-0.004029011050995254,0.001424834247716372,0.0,0.0,0.0,-0.1462713212290462,-0.541017962781003,0.1668382429994123,0.0010987511549424675,-0.0008155559403943162,-0.004632220141851656,-0.00021042749175670394,-0.003951214226292521,-0.0027417840933998683,0.0,0.0,0.0,-0.2826011270383257,0.34307643356888395,-0.10786318569593391,-0.2642205899295846,0.33500303689320177,-0.10054796821292983,0.01896268725843524,-0.008241482761924537,0.005240911460127116,1.3630747105800924,2.681421803432684,1.250632092261594,0.6402087438135513,-2.816504484056317,1.111227171114937,0.0021903144781957474,0.007460150201005777,-0.00146973631286953,0.0863172802652302,0.0038586777183670343,0.07932882955491992,-0.002420322119540239,0.00023648421434650782,-0.020557153763567926,-0.08241460307264868,0.04088972844911987,-0.1285326454699771,1.575065838549261,2.392126637804941,1.5180860496706106,-1.1614162295949166,-0.9236391599815941,1.0392371573601007,0.0,0.0,0.0,0.0,0.0,0.0,0.0,0.0,0.0,0.0,0.0,0.0,9.0,9.0,9.0,9.0,9.0,9.0,6.0,6.0,6.0,6.0,6.0,6.0,-0.00416269060700003,47.842677297133235,8.882827849787855,-1.2995619542736212,-0.11240099282894755,-4.009436768370733e-06,0.06696209783436766
11.799999999999969,-0.14582084999868747,-0.5409447620676143,0.1662134616887495,0.0008087540473108152,-0.001283483821394524,-0.004739330705796184,-0.002783176353992744,-0.0036624939858589103,0.00163943898578009,0.0,0.0,0.0,-0.14623513455911127,-0.5410484612927177,0.16668215839775644,0.001054334947716297,-0.0009232758028741675,-0.004687500506306535,-0.00019286957480035838,-0.003844147980796464,-0.0019381268557836506,0.0,0.0,0.0,-0.2830127111395627,0.3435520733836116,-0.10857343943341825,-0.264465840658685,0.3356967212954485,-0.10105160370288586,0.01916759496153336,-0.00801609328830335,0.00537983459253096,1.3631441508232425,2.681671037812495,1.2505527976443074,0.642965118874401,-2.816322973183243,1.113702625987261,0.0021189096890660017,0.0074714043298865565,-0.0020758044500214135,0.08389992797207044,0.004916443367606761,0.07595204063145514,-0.0021421436738923634,0.0003376238664233995,-0.01818204411455651,-0.07252056879479273,0.03173296947719182,-0.10130366770394365,1.575065838549261,2.392126637804941,1.5180860496706106,-1.1614162295949166,-0.9236391599815941,1.0392371573601007,0.0,0.0,0.0,0.0,0.0,0.0,0.0,0.0,0.0,0.0,0.0,0.0,9.0,9.0,9.0,9.0,9.0,9.0,6.0,6.0,6.0,6.0,6.0,6.0,-0.003661230774387292,47.846274759020545,8.881521720287399,-1.299882599573336,-0.11246561677453437,-1.968212258951496e-06,0.06168472285529459
11.833333333333302,-0.1457978874361588,-0.5409909842703681,0.16606057747561687,0.0007250532461485931,-0.0013701982740161008,-0.004635399177469896,-0.00241782898355803,-0.002516977080508276,0.00310736784683925,0.0,0.0,0.0,-0.14620043578963648,-0.5410818202132214,0.1665257612293423,0.0010103594559819932,-0.0010124597320696888,-0.004703385783278734,-0.00020852663594972398,-0.002942412893524704,-5.453031365121319e-05,0.0,0.0,0.0,-0.28344844776545447,0.34415111808775545,-0.10922794587280926,-0.2647389238800624,0.3364483995248698,-0.10154860983313882,0.019358593518651344,-0.007861061999997851,0.005479941781102178,1.3632161034496009,2.6819471055283683,1.2504522799097884,0.645688925726803,-2.816009295568551,1.1161117800452307,0.002145355756855029,0.008011822427426976,-0.0027022895070529327,0.08244277970539758,0.007912366749702448,0.07350042803654343,0.0007933820336708129,0.0162125429262126,-0.018794551710945583,-0.04371444800018552,0.08987770146287061,-0.0735483778473513,1.575065838549261,2.392126637804941,1.5180860496706106,-1.1614162295949166,-0.9236391599815941,1.0392371573601007,0.0,0.0,0.0,0.0,0.0,0.0,0.0,0.0,0.0,0.0,0.0,0.0,9.0,9.0,9.0,9.0,9.0,9.0,6.0,6.0,6.0,6.0,6.0,6.0,0.005449158553844313,47.886817984320004,8.88817281152246,-1.300795798010336,-0.11239870891104076,-3.9382024343836974e-06,0.06285841771519246
11.866666666666635,-0.14577796923446576,-0.5410385459272768,0.1659106147685532,0.0006355770983597405,-0.0014280919815216268,-0.004542299633396715,-0.002573586266677622,-0.0016788977456773386,0.0027863075268754578,0.0,0.0,0.0,-0.14616753210024816,-0.5411175164103322,0.16636914015783993,0.0009584890239791254,-0.0010853648760479956,-0.004711138123309295,-0.0006199030136722072,-0.002159198731899181,0.0003189065967528215,0.0,0.0,0.0,-0.2838720533194465,0.3449862812061733,-0.10983101650434765,-0.265026012750018,0.33731897573950653,-0.10203783397816969,0.01951280732299964,-0.007825419537537869,0.005556565077294292,1.3632945662950768,2.6822795665072183,1.250326047672245,0.648469667565816,-2.815454961540963,1.1185925805621089,0.0022843754951378664,0.009319827052803733,-0.0034254079198813205,0.08309576334872561,0.013724136135000323,0.07411615301641297,0.004170592148485123,0.0392401387613027,-0.02169355238485164,0.019589509299840678,0.17435308155893625,0.018471749396086288,1.575065838549261,2.392126637804941,1.5180860496706106,-1.1614162295949166,-0.9236391599815941,1.0392371573601007,0.0,0.0,0.0,0.0,0.0,0.0,0.0,0.0,0.0,0.0,0.0,0.0,9.0,9.0,9.0,9.0,9.0,9.0,6.0,6.0,6.0,6.0,6.0,6.0,0.016587119594028366,47.94207016851385,8.89751129118652,-1.3015101651037724,-0.11224911777794233,-2.356612191611873e-06,0.0685393504952336
11.899999999999968,-0.14575995823670845,-0.5410868232206065,0.1657618853104399,0.0005675780573201574,-0.0014594734817433986,-0.0044870995227283255,-0.0018993631223662673,-0.0008507400628686244,0.0016508546526334887,0.0,0.0,0.0,-0.14613613145862994,-0.5411552244394656,0.1662119445277766,0.0009129776461187418,-0.0011474415832455496,-0.004726756826531866,-0.00034739858786236866,-0.0016448184262998211,-7.313753896465158e-05,0.0,0.0,0.0,-0.2842746568956438,0.3460516328137729,-0.11018203627326036,-0.2653197039828195,0.33832811552944625,-0.10243111339713336,0.019610783909201023,-0.0078969893185129,0.0054972414835266475,1.3633838572879446,2.6825852377885306,1.250173953191754,0.6508038137739022,-2.8146069431773384,1.1205663129666592,0.002547278355732947,0.009220034643842296,-0.0041836922497827285,0.0743815119446295,0.0215350793174963,0.06418003242980728,0.007887085817852415,-0.002993772268843122,-0.022748529897042243,-0.26142754212288316,0.23432829547487927,-0.2980836175981707,1.575065838549261,2.392126637804941,1.5180860496706106,-1.1614162295949166,-0.9236391599815941,1.0392371573601007,0.0,0.0,0.0,0.0,0.0,0.0,0.0,0.0,0.0,0.0,0.0,0.0,9.0,9.0,9.0,9.0,9.0,9.0,6.0,6.0,6.0,6.0,6.0,6.0,0.021399138728597222,47.857430645184614,8.872101761595252,-1.3039786007475072,-0.11213594596180387,-3.7261333512006445e-06,0.027203544820476714
11.933333333333302,-0.14574374905294968,-0.5411347522129889,0.16561573580782898,0.0005094942203432926,-0.0014549984207324527,-0.004417878786186902,-0.0015788489565839198,0.0002461971296267118,0.0020857373130045717,0.0,0.0,0.0,-0.14610621243104546,-0.541194379556482,0.16605490664815523,0.0008689456845545841,-0.0011933171571518538,-0.00472462206501332,-0.00030971783087085925,-0.0008808763025864863,0.0007589421678293462,0.0,0.0,0.0,-0.28461284830280503,0.3473862183346899,-0.1100332740362814,-0.26559790430764946,0.3395074820393674,-0.10259548419082551,0.01961204600219674,-0.008094765717941684,0.005194811397996402,1.3634891474219275,2.6827813140524346,1.2499871801146958,0.6520960750060805,-2.8133539336311784,1.121382995651022,0.002954895464901351,0.0069948701593620455,-0.005130025624423988,0.0506390619584413,0.03223855069569887,0.0377269978305254,0.012228513275052118,-0.0667549345344075,-0.02839000123923779,-0.7122734995856459,0.32110414134607723,-0.7935910379784566,1.575065838549261,2.392126637804941,1.5180860496706106,-1.1614162295949166,-0.9236391599815941,1.0392371573601007,0.0,0.0,0.0,0.0,0.0,0.0,0.0,0.0,0.0,0.0,0.0,0.0,9.0,9.0,9.0,9.0,9.0,9.0,6.0,6.0,6.0,6.0,6.0,6.0,0.025840500148138545,47.72700119955936,8.834372216531722,-1.3078342309444029,-0.11196384769416134,-4.275246115348352e-06,0.03338873789105244
11.966666666666635,-0.14573082987973113,-0.541182329085189,0.16546446963422443,0.00042347938821286945,-0.0014277816676347961,-0.004493960902274155,-0.002511728056601576,0.0005763163705867775,-0.0020633067841271434,0.0,0.0,0.0,-0.14607840553856355,-0.5412347351029415,0.1658950028802174,0.0008088171326842027,-0.0012304208801202803,-0.00479801894331797,-0.0011081665797094686,-0.0004793898390733631,-0.0028575298503765723,0.0,0.0,0.0,-0.28475476773745273,0.3493632504566483,-0.10793994096735891,-0.26579278866951056,0.3410416004131333,-0.10186655088374481,0.0193155554050638,-0.008692001743208368,0.003926870843234452,1.3636452786381648,2.68242401595589,1.2496904740882449,0.6491157476401975,-2.810915238571892,1.1173697993994192,0.004107589479709047,-0.004814338544443038,-0.007644129070492564,-0.0427268599981787,0.05952008475095433,-0.06768825908854778,0.03458082044423087,-0.3542762611141525,-0.07542310338205728,-2.8009776586985997,0.8184460216576638,-3.1624577075721954,1.575065838549261,2.392126637804941,1.5180860496706106,-1.1614162295949166,-0.9236391599815941,1.0392371573601007,0.0,0.0,0.0,0.0,0.0,0.0,0.0,0.0,0.0,0.0,0.0,0.0,9.0,9.0,9.0,9.0,9.0,9.0,6.0,6.0,6.0,6.0,6.0,6.0,0.05458400920456796,47.11438003061098,8.662673117804786,-1.3244208531017576,-0.11084443917905018,-1.517616745960737e-05,1.0759141954929194
11.999999999999968,-0.1457314189500304,-0.54123434447255,0.1652980940645549,0.00010500756855018117,-0.0015303706148644903,-0.004794631565811664,-0.0097869736462121,-0.00435911829337484,-0.008290973791098983,0.0,0.0,0.0,-0.14605704523906257,-0.5412773663451926,0.165726972543856,0.0006342493557306133,-0.0012940272808603665,-0.005018595312560804,-0.006576048444456806,-0.0017608713119727781,-0.009839894536935123,0.0,0.0,0.0,-0.28441853155069485,0.3524379243829259,-0.10311239514365797,-0.2657576721386689,0.34319694908377735,-0.09970263427305741,0.018540661325542048,-0.009893322345053902,0.0014983363327019344,1.3638717618305392,2.6813597367173667,1.2492035690280296,0.6403865477398665,-2.8065781295306977,1.1070377403714478,0.005898860340726891,-0.02289036428528593,-0.01228614422780147,-0.18882628467268014,0.10658220907421115,-0.22920393358894378,0.05373812583053532,-0.5422807722252868,-0.13926045471926715,-4.382982740235044,1.4118637296977048,-4.84547023501188,1.575065838549261,2.392126637804941,1.5180860496706106,-1.1614162295949166,-0.9236391599815941,1.0392371573601007,0.0,0.0,0.0,0.0,0.0,0.0,0.0,0.0,0.0,0.0,0.0,0.0,9.0,9.0,9.0,9.0,9.0,9.0,6.0,6.0,6.0,6.0,6.0,6.0,0.087493636980712,46.704215187124554,8.543697969522697,-1.337838137280139,-0.10935465763291896,-9.765186708143858e-06,0.8861927028141376
12.033333333333301,-0.14575988281191815,-0.5412993666464878,0.1651042494848938,-0.0006193916515348872,-0.0019415856231058243,-0.0053664402458301185,-0.022584430636744125,-0.015382533607362983,-0.015570602505729506,0.0,0.0,0.0,-0.14604929030338618,-0.5413253896180109,0.16554347426880606,0.00025767647501955497,-0.0014421218812712797,-0.005450722840672304,-0.0161452710208434,-0.005785920230035657,-0.01980279820120945,0.0,0.0,0.0,-0.2833119291661752,0.35698238861981896,-0.09459338522081136,-0.2653130494082797,0.3462453719433777,-0.09547169123606834,0.01711890067098429,-0.011828191164834327,-0.0023755094650318937,1.364186878809542,2.6793946223503124,1.2484570330885973,0.624256541066089,-2.799594352603699,1.0887099578086767,0.008268626360297515,-0.046932408769512476,-0.019026100197915542,-0.38554222836644403,0.17520294156471805,-0.4429569624517334,0.07109298058711874,-0.7212613345267965,-0.2021986791034222,-5.901478310812918,2.0586219747152072,-6.412590865883688,1.575065838549261,2.392126637804941,1.5180860496706106,-1.1614162295949166,-0.9236391599815941,1.0392371573601007,0.0,0.0,0.0,0.0,0.0,0.0,0.0,0.0,0.0,0.0,0.0,0.0,9.0,9.0,9.0,9.0,9.0,9.0,6.0,6.0,6.0,6.0,6.0,6.0,0.1173813740874472,46.30653063262989,8.436305402109575,-1.3499392853082286,-0.10752999412949427,1.8519256883564594e-07,1.0745732257676113
12.066666666666634,-0.1458118802416148,-0.5413727871416529,0.1648866193631386,-0.001411682410081265,-0.0023927137549264394,-0.005932492982204496,-0.024648934738702492,-0.01635928226695508,-0.015382847710144403,0.0,0.0,0.0,-0.14605631519931506,-0.5413792784021274,0.16534411586819484,-0.00017915609583445455,-0.0016149740746340333,-0.005924270407402895,-0.01885676694597782,-0.006920791061656217,-0.021553805575518226,0.0,0.0,0.0,-0.28154868070354955,0.3626603270790774,-0.08330434016611567,-0.2644460328024763,0.35014031584998173,-0.08927278682418359,0.01532504160447931,-0.01412064920729288,-0.006955673554539355,1.3645796998325854,2.6768677494540967,1.2475669550660557,0.6033055693651318,-2.7904469579928857,1.065354362739705,0.01061262924763832,-0.06618159418081454,-0.02414359385013654,-0.5475335101412917,0.2413488727378405,-0.6147642221966805,0.07032008662022413,-0.5774755623390622,-0.15352480956662992,-4.859738453245429,1.984377935193673,-5.154217792348411,1.575065838549261,2.392126637804941,1.5180860496706106,-1.1614162295949166,-0.9236391599815941,1.0392371573601007,0.0,0.0,0.0,0.0,0.0,0.0,0.0,0.0,0.0,0.0,0.0,0.0,9.0,9.0,9.0,9.0,9.0,9.0,6.0,6.0,6.0,6.0,6.0,6.0,0.12841554908461994,46.61700177891202,8.555376685072979,-1.339366590244596,-0.10705850232550995,8.162648611254042e-06,0.29278651800278327
12.099999999999968,-0.1459023119418073,-0.5414618913460821,0.1646237549032991,-0.0025565523507148826,-0.0029840893371146943,-0.006883887195770971,-0.035505921377576494,-0.019940753641943542,-0.026563816875349595,0.0,0.0,0.0,-0.14608594885238943,-0.541444006357142,0.16511857179321884,-0.000827190702615342,-0.001920028667948054,-0.006670726008927155,-0.0287217080442832,-0.013155752968888379,-0.03430369063189387,0.0,0.0,0.0,-0.2787113974278099,0.37005428290383113,-0.06872715347907637,-0.26294591125441724,0.3551659177662598,-0.0807895621309643,0.012914181631402628,-0.01708000166335371,-0.0123633141869991,1.365081930420288,2.673871244610413,1.2464685271085059,0.5775601138378368,-2.77823550082177,1.0373693388925491,0.013582154836597492,-0.08199062826727929,-0.03001642376771154,-0.697420280592999,0.3246787676682601,-0.7646218843420094,0.08908576766877516,-0.4742710225939424,-0.1761848975272501,-4.49660311355122,2.499896847912587,-4.495729864359867,1.575065838549261,2.392126637804941,1.5180860496706106,-1.1614162295949166,-0.9236391599815941,1.0392371573601007,0.0,0.0,0.0,0.0,0.0,0.0,0.0,0.0,0.0,0.0,0.0,0.0,9.0,9.0,9.0,9.0,9.0,9.0,6.0,6.0,6.0,6.0,6.0,6.0,0.19027519999957576,46.82044106422487,8.6291046709718,-1.3350927471367995,-0.10495750001109494,3.332513896125988e-05,0.8511805139668186
12.1333333333333,-0.1460404629703421,-0.5415733276026193,0.164301866374557,-0.0040219748109560464,-0.0036654327120881434,-0.008211978890813276,-0.04510670769427725,-0.02115809219245675,-0.03779596832089893,0.0,0.0,0.0,-0.14614567452131141,-0.5415257348510768,0.16485782298058613,-0.0016998378337799614,-0.002403895838949757,-0.007690604465691446,-0.03911129274084635,-0.02153566894214265,-0.04693134062008397,0.0,0.0,0.0,-0.2747773227918655,0.3792439996063797,-0.05103615170757099,-0.26073045502004016,0.36144857528045676,-0.06991169854649476,0.009998805597877554,-0.020634173167412857,-0.01833708290890078,1.365704324502824,2.670658235142009,1.2451223561683513,0.5485235711325259,-2.762788254336039,1.006486945071658,0.016975266596252692,-0.0915903987905013,-0.0369288933923306,-0.8132042809705501,0.4171711856040361,-0.872521837865157,0.101793352789656,-0.2879931156966603,-0.20737408873857183,-3.473520011326534,2.7747725380732797,-3.23699860569443,1.575065838549261,2.392126637804941,1.5180860496706106,-1.1614162295949166,-0.9236391599815941,1.0392371573601007,0.0,0.0,0.0,0.0,0.0,0.0,0.0,0.0,0.0,0.0,0.0,0.0,9.0,9.0,9.0,9.0,9.0,9.0,6.0,6.0,6.0,6.0,6.0,6.0,0.24693670699110726,47.18364764107003,8.750388411781582,-1.3228408710265347,-0.10304723476180433,4.5026311920715045e-05,0.6070357571042224
12.166666666666634,-0.14621466831646734,-0.5416999938371287,0.16393165875064802,-0.005338852389846962,-0.004105111034789161,-0.009471650730226863,-0.03996501961326872,-0.012269856344991004,-0.03642066310929605,0.0,0.0,0.0,-0.14623479591973124,-0.5416245273338492,0.16456358253568099,-0.0025875973421798943,-0.0029158219142866055,-0.008706496852741635,-0.03941450498877774,-0.02264507567117313,-0.046216331963846446,0.0,0.0,0.0,-0.2700439897399359,0.38977899476648736,-0.031210396914193007,-0.2578857542968593,0.3688473002635109,-0.056902091545058424,0.006923488532648427,-0.02440797546809104,-0.024257439195221667,1.366444759441818,2.667579058016121,1.2435632445990983,0.5187833896292848,-2.7448105457817276,0.9754473478989387,0.020467120978633027,-0.09211367544792198,-0.04349186251583895,-0.8658717237216725,0.49861123295423987,-0.9116325560761036,0.1047556314714101,-0.01569829972262011,-0.1968890737052503,-1.5800232825336749,2.4432014205061137,-1.173321546328396,1.575065838549261,2.392126637804941,1.5180860496706106,-1.1614162295949166,-0.9236391599815941,1.0392371573601007,0.0,0.0,0.0,0.0,0.0,0.0,0.0,0.0,0.0,0.0,0.0,0.0,9.0,9.0,9.0,9.0,9.0,9.0,6.0,6.0,6.0,6.0,6.0,6.0,0.2843993927427082,47.7402066140885,8.947145594622636,-1.2996700591793147,-0.10224799453658129,4.02221181392548e-05,0.5218814636161162
12.199999999999967,-0.14643790263227952,-0.5418548703408129,0.16349612317236956,-0.006873882291670566,-0.004689533503354465,-0.011033755167180692,-0.046139940896258204,-0.016015917532106655,-0.045791048995601026,0.0,0.0,0.0,-0.14635999578550868,-0.5417451826959899,0.16422709475360112,-0.0036501000358322034,-0.0035558209532057304,-0.009947824312750096,-0.047318486546861216,-0.028504987344119215,-0.05643734574896264,0.0,0.0,0.0,-0.26436483872571015,0.401533866090735,-0.009072679086166635,-0.254345884872458,0.3773209885127641,-0.041684483376615074,0.003598648050659896,-0.028332671643769312,-0.030217031120029766,1.367306253599404,2.6646491277167907,1.2416897133329723,0.48848338719499546,-2.724252577399858,0.9444700289264095,0.02405225681126448,-0.08930316446924688,-0.051967912827798675,-0.8946239565930115,0.5773631119554739,-0.9234238981426179,0.10755407497894354,0.08431532936025307,-0.2542815093587918,-0.8625669861401682,2.3625563700370185,-0.35374026199543057,1.575065838549261,2.392126637804941,1.5180860496706106,-1.1614162295949166,-0.9236391599815941,1.0392371573601007,0.0,0.0,0.0,0.0,0.0,0.0,0.0,0.0,0.0,0.0,0.0,0.0,9.0,9.0,9.0,9.0,9.0,9.0,6.0,6.0,6.0,6.0,6.0,6.0,0.3080307614140647,47.901312030446405,9.024966430507927,-1.2834823078840945,-0.10051660145478847,4.741046972966956e-05,0.706720271338989
12.2333333333333,-0.14671609060452545,-0.5420415277173594,0.16299471452892123,-0.00860319612642618,-0.00538506963746509,-0.01270028782342942,-0.05157857556406627,-0.019035170562709293,-0.04936176476197132,0.0,0.0,0.0,-0.1465268584226865,-0.5418900295716514,0.16384478297928587,-0.00488260488240121,-0.004274853843889212,-0.011314717505311052,-0.054911267145203446,-0.03196650923851507,-0.0617949215556175,0.0,0.0,0.0,-0.25768118233406706,0.4142461048059776,0.015250554489914333,-0.2500574823710742,0.3867646620893211,-0.024253303341367882,5.051394821427302e-05,-0.03224365963524651,-0.03610497193338645,1.36828711615979,2.6619257257906765,1.2394517737032682,0.45812936372315344,-2.7013264166570194,0.9141634873605325,0.027634670144807586,-0.08423576001203056,-0.06208143020334632,-0.9052884549678438,0.6509775855085941,-0.913938797365079,0.1074724000062932,0.1520221337164894,-0.30340552126642945,-0.31993495124497034,2.208434206593607,0.2845530233261696,1.575065838549261,2.392126637804941,1.5180860496706106,-1.1614162295949166,-0.9236391599815941,1.0392371573601007,0.0,0.0,0.0,0.0,0.0,0.0,0.0,0.0,0.0,0.0,0.0,0.0,9.0,9.0,9.0,9.0,9.0,9.0,6.0,6.0,6.0,6.0,6.0,6.0,0.3199870886364806,48.00445912179873,9.094698157710505,-1.266918532227641,-0.09871713697106577,5.584658332846715e-05,0.9113936815468175
12.266666666666634,-0.14706106106665245,-0.5422653261335066,0.16242715814933012,-0.010627249029860519,-0.0062130802802514325,-0.014416471689903676,-0.05996082468859385,-0.02253796133795448,-0.05163335635777405,0.0,0.0,0.0,-0.14674373345302869,-0.5420622316999073,0.16341417921509904,-0.006355839750016117,-0.005087205456764582,-0.012763663250465691,-0.06578942617780603,-0.03607269610246355,-0.06503078762608583,0.0,0.0,0.0,-0.25005197001271434,0.4277717851021575,0.04138824442409655,-0.24501843297215525,0.39709923917401274,-0.004726289740792958,-0.0036096481305205215,-0.03605650266259616,-0.04169292143556888,1.3693722410020293,2.6595425223970732,1.236767199390103,0.42861113212078744,-2.676289978313985,0.8854345472513752,0.030914053559718848,-0.07574265454274244,-0.07438529633108748,-0.8921274503699339,0.7177212953635492,-0.8792250679715075,0.09838150244733787,0.2547931640786438,-0.3691159838322348,0.3948301379372961,2.0023112956486537,1.041411881807146,1.575065838549261,2.392126637804941,1.5180860496706106,-1.1614162295949166,-0.9236391599815941,1.0392371573601007,0.0,0.0,0.0,0.0,0.0,0.0,0.0,0.0,0.0,0.0,0.0,0.0,9.0,9.0,9.0,9.0,9.0,9.0,6.0,6.0,6.0,6.0,6.0,6.0,0.3138844196524069,48.18370383706656,9.1839900201457,-1.2479574926043204,-0.09677876970861865,5.886715001057752e-05,0.9708807089456324
12.299999999999967,-0.14745872756884823,-0.5425181379293554,0.1618136114442691,-0.012428475291161051,-0.006926757869215167,-0.015805658774320767,-0.05246133303591872,-0.01882635845805196,-0.0432288334862591,0.0,0.0,0.0,-0.1470090311924746,-0.5422589997815316,0.16294243538276992,-0.007823328116021419,-0.005841099110430092,-0.014039532325742777,-0.06482154675141194,-0.03291464914736686,-0.056101561437859715,0.0,0.0,0.0,-0.24185056159581717,0.4418014732153777,0.06838417782258967,-0.23938186246588208,0.40816822935577163,0.01648561615125205,-0.007062080982248475,-0.039567170786460715,-0.04651187260209399,1.370548458281821,2.657670679757343,1.2336568698495753,0.4013247339030774,-2.649927553614653,0.8595509772500736,0.03382903011574087,-0.06268440430885869,-0.08700168958758249,-0.8431037811441789,0.7664889257744869,-0.8107464226832006,0.08744929668066065,0.3917475070165127,-0.3784917976948503,1.4707100767726475,1.4630289123281317,2.054359358649204,1.575065838549261,2.392126637804941,1.5180860496706106,-1.1614162295949166,-0.9236391599815941,1.0392371573601007,0.0,0.0,0.0,0.0,0.0,0.0,0.0,0.0,0.0,0.0,0.0,0.0,9.0,9.0,9.0,9.0,9.0,9.0,6.0,6.0,6.0,6.0,6.0,6.0,0.30110103342109973,48.47806802151208,9.327457768731414,-1.2242260732939352,-0.09546956620746538,4.535453161036429e-05,0.7126053301229537
12.3333333333333,-0.1479380807885089,-0.5428082585880385,0.16115356892481966,-0.014742785685946901,-0.007819543244140505,-0.017090938415482107,-0.06768432796863805,-0.023663154181720027,-0.041022541450434616,0.0,0.0,0.0,-0.14733593501916753,-0.5424827190789866,0.16242890690318793,-0.00963034312814006,-0.006647778097961401,-0.015306037947515845,-0.0803088759922348,-0.03509521061205412,-0.05508270751837685,0.0,0.0,0.0,-0.23297717093146306,0.4562883382641312,0.09654991628777478,-0.23312744178317968,0.41994103577758596,0.039381570569334494,-0.01044040545923633,-0.04280145065852187,-0.05084842451407475,1.3717889145982443,2.656217069755355,1.2300481078638759,0.37560685116960446,-2.622117843827028,0.8357862899949992,0.036085469700377626,-0.049967001476038934,-0.10117580290985219,-0.7953922483841848,0.8116905043439996,-0.7455425526625542,0.06769318753910268,0.38152208498459256,-0.425223399668091,1.431345982799824,1.35604735708538,1.9561161006193934,1.575065838549261,2.392126637804941,1.5180860496706106,-1.1614162295949166,-0.9236391599815941,1.0392371573601007,0.0,0.0,0.0,0.0,0.0,0.0,0.0,0.0,0.0,0.0,0.0,0.0,9.0,9.0,9.0,9.0,9.0,9.0,6.0,6.0,6.0,6.0,6.0,6.0,0.2541987513356947,48.451106568023896,9.368547641874141,-1.2104149441021343,-0.09300412589678642,4.359846693846592e-05,1.9408252588881152
12.366666666666633,-0.14851593601366953,-0.5431297314082724,0.16045856653462223,-0.017583797736569082,-0.008703497443714008,-0.018083231777156733,-0.08371549640305662,-0.02229039879353748,-0.03307845239565835,0.0,0.0,0.0,-0.14773639407992595,-0.5427312448720988,0.1618770978095618,-0.011796147136637312,-0.007406657055453348,-0.016480267063795642,-0.09654229466819908,-0.03247026995252256,-0.05014220687088056,0.0,0.0,0.0,-0.22323084109686822,0.4711572354411508,0.12626653531683224,-0.2261585800467472,0.4323822646825022,0.06408002014534692,-0.013896166495584422,-0.04575744320756171,-0.054937103337306455,1.3730888684370355,2.6550742523316977,1.2259485659856721,0.3507410807516056,-2.59268800519848,0.8135383181137731,0.03802756667594922,-0.03951201563182744,-0.11571610520069009,-0.7624461578213719,0.8591602740189603,-0.6934736218453728,0.058262909267147826,0.3136495753263448,-0.43620906872513693,0.9883827168843868,1.4240930902488236,1.562067924515443,1.575065838549261,2.392126637804941,1.5180860496706106,-1.1614162295949166,-0.9236391599815941,1.0392371573601007,0.0,0.0,0.0,0.0,0.0,0.0,0.0,0.0,0.0,0.0,0.0,0.0,9.0,9.0,9.0,9.0,9.0,9.0,6.0,6.0,6.0,6.0,6.0,6.0,0.224884171092528,48.332160847852144,9.390559154100131,-1.2001924393024308,-0.0900323389515818,5.119820293453259e-05,2.710131888905594
12.399999999999967,-0.14916847770134078,-0.5434668922068074,0.15974877535095333,-0.020089349140268227,-0.009294781521043183,-0.018629582304389866,-0.07331876265272327,-0.012227434838557143,-0.021496807305949356,0.0,0.0,0.0,-0.1482066540722786,-0.5429975678613983,0.16129688655382296,-0.013917598283207688,-0.007977085018344912,-0.017385184380374823,-0.09341651762808656,-0.02319082560279284,-0.0368474284426239,0.0,0.0,0.0,-0.21306830536715093,0.4862662240177605,0.15666370906203458,-0.21865391507730514,0.4453992316218763,0.09023085535796367,-0.01706006643776254,-0.04832999606441857,-0.05833499171812598,1.3744465973486173,2.654352750124307,1.2214495910017267,0.32776920072859117,-2.562305059059331,0.7936280173888671,0.039830433790286515,-0.027600716025091322,-0.1285515347458071,-0.713586319734079,0.8940456807893099,-0.6293638884465774,0.05408601343011895,0.3573389882020836,-0.38506288635351044,1.4657951426187867,1.0465622031104869,1.9232920019638586,1.575065838549261,2.392126637804941,1.5180860496706106,-1.1614162295949166,-0.9236391599815941,1.0392371573601007,0.0,0.0,0.0,0.0,0.0,0.0,0.0,0.0,0.0,0.0,0.0,0.0,9.0,9.0,9.0,9.0,9.0,9.0,6.0,6.0,6.0,6.0,6.0,6.0,0.21404324202291658,48.495830701932505,9.513683859740791,-1.1801924740226717,-0.08794502993076803,3.220938804959772e-05,0.892533339381264
12.4333333333333,-0.14992927984956295,-0.5437984272944584,0.15904101728560782,-0.023205374680979052,-0.009408902611801107,-0.018611487783880824,-0.0922163164688834,0.004316583136922861,-0.005522982516322883,0.0,0.0,0.0,-0.14876148070238032,-0.5432702954633897,0.16069599664134573,-0.01641357890798783,-0.008224947816477136,-0.01805030252406107,-0.11028074857788095,-0.007646234070866953,-0.025124709818169055,0.0,0.0,0.0,-0.20209891279337583,0.5016820292897313,0.18897034797405735,-0.21046481100667475,0.45901973236394944,0.11822933512517782,-0.020333688837513013,-0.05066524099591377,-0.06178572663278557,1.3758729775402658,2.6538282998928486,1.2166004902601335,0.3050066973700976,-2.530152163459801,0.7745761894699067,0.04180441509639968,-0.019689243304198828,-0.1398325264137972,-0.693112173747897,0.9410731389203705,-0.5908245211947354,0.059219439183394916,0.23734418162677487,-0.33842975003970305,0.6142243795854608,1.4108237439318185,1.156181017555263,1.575065838549261,2.392126637804941,1.5180860496706106,-1.1614162295949166,-0.9236391599815941,1.0392371573601007,0.0,0.0,0.0,0.0,0.0,0.0,0.0,0.0,0.0,0.0,0.0,0.0,9.0,9.0,9.0,9.0,9.0,9.0,6.0,6.0,6.0,6.0,6.0,6.0,0.21204064132055933,48.319410873607254,9.529413999439948,-1.173948476009194,-0.0840359092516536,3.382044311450727e-05,4.085565830961326
12.466666666666633,-0.15080914917485164,-0.5441011436354584,0.15836455300913582,-0.0268457351139322,-0.00899605882621296,-0.01763777692894955,-0.10984662155353034,0.02311661169576918,0.02329698962972572,0.0,0.0,0.0,-0.14941036902557825,-0.543534561563694,0.16008768230977344,-0.019209941057896425,-0.00804065823868033,-0.018337128751774286,-0.1234356774980121,0.012924309946050982,-0.006957526069042874,0.0,0.0,0.0,-0.18935248952535383,0.5170502209250156,0.22532853077869042,-0.2011102961207371,0.47310448517877307,0.14904718812156367,-0.02444729886404401,-0.052715334299496354,-0.06632179851251657,1.377462385193781,2.6530639790426966,1.211553650822177,0.2796482685865357,-2.4950535314425886,0.7543328371006898,0.04572295810244164,-0.021849498104433037,-0.14754763089706385,-0.7382059669205373,1.015663686651038,-0.6018085544492514,0.1175562901812588,-0.06480764400702628,-0.2314531344979996,-1.3528137951792083,2.2377164319200245,-0.32952099763548115,1.575065838549261,2.392126637804941,1.5180860496706106,-1.1614162295949166,-0.9236391599815941,1.0392371573601007,0.0,0.0,0.0,0.0,0.0,0.0,0.0,0.0,0.0,0.0,0.0,0.0,9.0,9.0,9.0,9.0,9.0,9.0,6.0,6.0,6.0,6.0,6.0,6.0,0.32425651620720064,47.77930215430499,9.44732913610812,-1.176891434176249,-0.07894497380526078,6.40725095082395e-05,9.027781550019924
12.499999999999966,-0.15180467764264635,-0.5443571178784742,0.15774381581688043,-0.03068194988537338,-0.00816428572075751,-0.01571068018242896,-0.11797613399473633,0.039851212021392184,0.05151669933748465,0.0,0.0,0.0,-0.15015801449468008,-0.5437761533662155,0.15948775014029573,-0.022171540240554014,-0.007424972893006891,-0.01815925401828637,-0.13002656712757688,0.033214250928544686,0.015102113057819277,0.0,0.0,0.0,-0.1742647069247022,0.5321570381057948,0.2666786594743586,-0.19019936784906047,0.48748801638267875,0.18338397218960295,-0.029634601364307997,-0.05449684510770089,-0.07212306125146274,1.379304377223449,2.651926405542762,1.2064207652578862,0.25095353329989806,-2.456391459635078,0.7327847218204488,0.05208082662750477,-0.03003463603350591,-0.1518402549181693,-0.8199633613729319,1.1117959983672288,-0.6315651570879018,0.19073605575189378,-0.24555413787218613,-0.12877872063316328,-2.4527218335718373,2.8839693514857196,-0.8926980791595116,1.575065838549261,2.392126637804941,1.5180860496706106,-1.1614162295949166,-0.9236391599815941,1.0392371573601007,0.0,0.0,0.0,0.0,0.0,0.0,0.0,0.0,0.0,0.0,0.0,0.0,9.0,9.0,9.0,9.0,9.0,9.0,6.0,6.0,6.0,6.0,6.0,6.0,0.48797508911809473,47.494000091268425,9.438354291172793,-1.1693081650567985,-0.07381727744260358,9.166360088874725e-05,5.711313438933857
12.5333333333333,-0.15286543233158112,-0.5445689400466148,0.15718184008765926,-0.03356017635046517,-0.007328302924872597,-0.013435441629167467,-0.09018017263435599,0.04494766407451124,0.059643317511544336,0.0,0.0,0.0,-0.15098937427767725,-0.5439897151808555,0.15890723094962703,-0.024768088636518026,-0.006607076840911741,-0.017627442135312425,-0.11133144616068646,0.04236223700350372,0.03163002990155972,0.0,0.0,0.0,-0.15714739375198566,0.5468296976411468,0.3120574745131515,-0.1777426768291848,0.5019828333907967,0.22113967819249042,-0.03543514567133699,-0.05594380304886524,-0.07840997882256501,1.3814665825453867,2.6505431079966186,1.201310204414817,0.22043080419527916,-2.4148154905360086,0.7114660557944061,0.06060438198125834,-0.03767749626736507,-0.1528246351674437,-0.8837757025500215,1.2021180481037967,-0.6368950395501548,0.255706660612607,-0.22928580701577492,-0.029531407478232338,-1.9143702353126866,2.7096614920970428,-0.15989647386758876,1.575065838549261,2.392126637804941,1.5180860496706106,-1.1614162295949166,-0.9236391599815941,1.0392371573601007,0.0,0.0,0.0,0.0,0.0,0.0,0.0,0.0,0.0,0.0,0.0,0.0,9.0,9.0,9.0,9.0,9.0,9.0,6.0,6.0,6.0,6.0,6.0,6.0,0.6497045356484179,47.62427479906232,9.564403350337805,-1.1406368904620257,-0.07005052393093125,8.804898400427419e-05,1.1569243781369416
12.566666666666633,-0.15399206209435162,-0.5447277497732314,0.15671846165534,-0.03627908415987652,-0.006740749628641914,-0.009990635593749533,-0.08986722844374519,0.039790563346484856,0.0970901035544808,0.0,0.0,0.0,-0.15190136006537697,-0.5441626270146148,0.15836602386656065,-0.027229996903532665,-0.00543328663652684,-0.016529019615705257,-0.10384930246501956,0.05872405762098154,0.05808784188846694,0.0,0.0,0.0,-0.136082857302559,0.5589346334395844,0.3647458146310207,-0.16281953653042572,0.5156496356088138,0.2637374385330506,-0.04335652212240575,-0.05621969228587338,-0.08679626242133213,1.3840848371844103,2.6478775413278046,1.1967588106988625,0.1831898737532537,-2.369279118385827,0.6872916997632532,0.07256655344089324,-0.0658704987987401,-0.14196941937490729,-1.0394105096905162,1.3114334590382266,-0.695785467139778,0.35886514378904705,-0.8457900759412507,0.32565647377609297,-4.669044214214842,3.279462328032899,-1.7667128276886956,1.575065838549261,2.392126637804941,1.5180860496706106,-1.1614162295949166,-0.9236391599815941,1.0392371573601007,0.0,0.0,0.0,0.0,0.0,0.0,0.0,0.0,0.0,0.0,0.0,0.0,9.0,9.0,9.0,9.0,9.0,9.0,6.0,6.0,6.0,6.0,6.0,6.0,0.8299563103695276,46.44925245949191,9.3824136855211,-1.1341640024810586,-0.06421125925083393,0.00013794242465259288,16.156615253879586
12.599999999999966,-0.15515225500548036,-0.5448307582277041,0.15636491619438628,-0.038338097570586455,-0.006562572890860582,-0.005933525827458638,-0.07392973081329973,0.03198217085209609,0.116185063048165,0.0,0.0,0.0,-0.15288293333879335,-0.5442884572873864,0.15788281832234735,-0.029386040949264083,-0.004040847168633049,-0.014863853343576454,-0.08833026372570707,0.06837232532605064,0.0842477750606716,0.0,0.0,0.0,-0.11071175434165251,0.5676748023145506,0.42433418577531634,-0.14502027294710867,0.5277801661709938,0.311481694741629,-0.05325306378167111,-0.0552519165649439,-0.09657253816587387,1.387221773136411,2.643772635551902,1.1931450359033537,0.13969567344573852,-2.3201668039500936,0.6615762801579981,0.08692757018697601,-0.1040549484509681,-0.11959863570181126,-1.2163541760471426,1.41939077506075,-0.7462368811516966,0.4308305023824832,-1.1455334895668403,0.6711235101928809,-5.308309990698791,3.2387194806756985,-1.5135424203575583,1.575065838549261,2.392126637804941,1.5180860496706106,-1.1614162295949166,-0.9236391599815941,1.0392371573601007,0.0,0.0,0.0,0.0,0.0,0.0,0.0,0.0,0.0,0.0,0.0,0.0,9.0,9.0,9.0,9.0,9.0,9.0,6.0,6.0,6.0,6.0,6.0,6.0,0.9600292530151693,45.944994233679374,9.414417756512348,-1.1005847264151676,-0.05894972256348807,0.00016401909123775482,5.252029722766587
12.633333333333299,-0.15629356877895326,-0.5448735459634536,0.15609372465412738,-0.039021724055506586,-0.006390836109390868,-0.0024797255862395243,-0.03327001456833162,0.040900507329441255,0.09559669862585152,0.0,0.0,0.0,-0.15391282892353414,-0.5443688583119892,0.15746141511719472,-0.030946578620984013,-0.002659143409524515,-0.013016931791690195,-0.0592327389851941,0.06700609394724744,0.09179373359105414,0.0,0.0,0.0,-0.08231276401842659,0.5742365008137984,0.4883332992352491,-0.12472347382291316,0.5385116595169477,0.3636264542299208,-0.06377384636638965,-0.053873734551406746,-0.10619297963453957,1.39092122032019,2.6387910706301847,1.1905155134233767,0.09389703509805086,-2.268264729128578,0.6376068942518117,0.1029648004045705,-0.13431628125133027,-0.09245666150014714,-1.3214241589694673,1.511171754783902,-0.7281333451742924,0.48111690652783445,-0.9078399840108651,0.8142592260499235,-3.152099487669742,2.7534293916945636,0.5431060793221252,1.575065838549261,2.392126637804941,1.5180860496706106,-1.1614162295949166,-0.9236391599815941,1.0392371573601007,0.0,0.0,0.0,0.0,0.0,0.0,0.0,0.0,0.0,0.0,0.0,0.0,9.0,9.0,9.0,9.0,9.0,9.0,6.0,6.0,6.0,6.0,6.0,6.0,1.0976152364408538,46.55057549755834,9.73940150153042,-1.0370717738002524,-0.053978593398699815,0.0001315464577680281,2.718344674216606
12.666666666666632,-0.15739244811500058,-0.5448463244495735,0.1559327326249613,-0.038737467578434555,-0.006350131412632076,0.0011706120345650883,-0.005442349956194026,0.04094896477041099,0.10079699948075348,0.0,0.0,0.0,-0.154973334700975,-0.5443962063994022,0.15711864488631805,-0.03196065286457239,-0.0010824475011367767,-0.010708658379453216,-0.03283010825558197,0.07546288026802372,0.11257681245840656,0.0,0.0,0.0,-0.050473804164624936,0.5768585607357612,0.5572643378698032,-0.10174486809713695,0.5470843282238541,0.42028520537038877,-0.07542063323234643,-0.05127485981711456,-0.11601775554932571,1.3951940505783609,2.632262786049524,1.1895843357743823,0.0438311600457043,-2.214043957461414,0.6142653198051594,0.11977820529827872,-0.1753377853636606,-0.049442440146604136,-1.4417922207034204,1.5881393516045805,-0.7095426039911447,0.5044021468112466,-1.2306451233699096,1.29042664060629,-3.6110418520185905,2.309027904620352,0.5577222354944318,1.575065838549261,2.392126637804941,1.5180860496706106,-1.1614162295949166,-0.9236391599815941,1.0392371573601007,0.0,0.0,0.0,0.0,0.0,0.0,0.0,0.0,0.0,0.0,0.0,0.0,9.0,9.0,9.0,9.0,9.0,9.0,6.0,6.0,6.0,6.0,6.0,6.0,1.0809985013689936,46.032520311202525,9.848068453855463,-0.9860369686128132,-0.048648473097270495,0.00010429107681242389,7.650927165206649
12.699999999999966,-0.15841380964801313,-0.5447249636942949,0.1558887981745662,-0.0373088072027664,-0.005729118542040668,0.004758142224245206,0.030321649290749875,0.06562969574243127,0.0959528695930237,0.0,0.0,0.0,-0.15604265779177523,-0.5443655316734468,0.1568671439112977,-0.03233025011742197,0.0006511412184802639,-0.008006064777424262,-0.0020854218678212355,0.0820228823995297,0.12994694885453706,0.0,0.0,0.0,-0.0154288401614113,0.5770180817935355,0.6291952238657897,-0.07608195949767223,0.5538260653535578,0.48076575150427653,-0.08751163759157476,-0.048500018610919585,-0.12485787988076587,1.4000619617520775,2.6245655164570088,1.1905008747463441,-0.008082678275800607,-2.1579192589199025,0.5943269305100839,0.1372842919070964,-0.21239132030485428,0.00184996605703798,-1.5188741733312383,1.651873754698413,-0.6352819872318912,0.5251825982645304,-1.1116060482358106,1.5387721861092636,-2.3124585788345393,1.9120320928149745,2.2278185027776027,1.575065838549261,2.392126637804941,1.5180860496706106,-1.1614162295949166,-0.9236391599815941,1.0392371573601007,0.0,0.0,0.0,0.0,0.0,0.0,0.0,0.0,0.0,0.0,0.0,0.0,9.0,9.0,9.0,9.0,9.0,9.0,6.0,6.0,6.0,6.0,6.0,6.0,1.1118482927812012,46.41789459607378,10.173124062736214,-0.9179019343953909,-0.04291637973793039,0.00013297581755833399,4.5849596100985615
12.733333333333299,-0.1593302281095392,-0.5444997379485981,0.155975526958943,-0.034832766541652904,-0.00462787753128896,0.00835196779883575,0.06446543989251713,0.08515501524162178,0.09200338333850352,0.0,0.0,0.0,-0.15709752416685285,-0.544272369245459,0.1567180604061408,-0.03200274381500832,0.002522879229042454,-0.004957668445256118,0.030796525607779568,0.08763137702730717,0.14483021563863074,0.0,0.0,0.0,0.02287371206152283,0.575034161932903,0.7032182035926773,-0.04761778096568875,0.5589171215780762,0.5445800075026939,-0.09986569590103628,-0.04571520094784269,-0.13232067948637263,1.4055122382387641,2.615624876868255,1.1936042147945343,-0.06156447075525354,-2.100426249364165,0.5785997957028357,0.1547669603694275,-0.24960989854336518,0.06268345631614658,-1.5759272406994715,1.7004847760142232,-0.526303358555593,0.5244800538699332,-1.1165573471553274,1.8250047077732583,-1.7115920210469953,1.4583306394743032,3.2693588602889494,1.575065838549261,2.392126637804941,1.5180860496706106,-1.1614162295949166,-0.9236391599815941,1.0392371573601007,0.0,0.0,0.0,0.0,0.0,0.0,0.0,0.0,0.0,0.0,0.0,0.0,9.0,9.0,9.0,9.0,9.0,9.0,6.0,6.0,6.0,6.0,6.0,6.0,1.0655058201070342,46.52023256045456,10.43910635297848,-0.8508105235819956,-0.03734395728101614,0.00016581498696782715,7.109995722721376
12.766666666666632,-0.16013781384234888,-0.5441748825067995,0.15617378068589677,-0.03174505504756331,-0.00294777814889903,0.011336162663709633,0.08713130126190091,0.10888128150180654,0.06788634140539088,0.0,0.0,0.0,-0.15812347354893752,-0.5441233019265815,0.15666708078685915,-0.031198357711538834,0.004244397014522281,-0.0019704105604546425,0.05281433718971229,0.07947087409500497,0.1402043810637963,0.0,0.0,0.0,0.06368119619077416,0.5733606204770747,0.7771555046065752,-0.01655742525145694,0.5634541374579765,0.6107509247651357,-0.11136620065144001,-0.044036370871980236,-0.1373894362413846,1.4114724243751837,2.606054288134018,1.1985850371527265,-0.11385271999492357,-2.042180879355164,0.5693235785537968,0.17079270951820302,-0.2746150741991937,0.12051093260256218,-1.5710740650265576,1.7317356588514299,-0.3609587958326429,0.48077247446326604,-0.7501552696748548,1.7348242885924678,0.1455952701874164,0.9375264851161988,4.960336881688501,1.575065838549261,2.392126637804941,1.5180860496706106,-1.1614162295949166,-0.9236391599815941,1.0392371573601007,0.0,0.0,0.0,0.0,0.0,0.0,0.0,0.0,0.0,0.0,0.0,0.0,9.0,9.0,9.0,9.0,9.0,9.0,6.0,6.0,6.0,6.0,6.0,6.0,0.9695382107924746,47.272043112984406,10.802494069065434,-0.7747584719818092,-0.0320458192460773,0.00022245062337505894,4.993130644254475
12.799999999999965,-0.16081337090399775,-0.5437622048307477,0.15651413163000824,-0.02785638617574543,-0.0011611862074388385,0.014519526657443313,0.11465433468485026,0.11411879330130315,0.0682860905583474,0.0,0.0,0.0,-0.159097254403454,-0.5439200474338203,0.15672550679955113,-0.02972269452963601,0.0058987004420030355,0.0012989656533549786,0.08383443847531113,0.07537765470912561,0.1520019918938904,0.0,0.0,0.0,0.10735208543127153,0.5715462679935872,0.850370243546445,0.01727237404670267,0.5676517342127184,0.6786975356412078,-0.12228958904663276,-0.04291322070328526,-0.13997385061245463,1.4178383671380312,2.5955611722173333,1.205791819516644,-0.16610196635390528,-1.984209596557954,0.5660652101848881,0.18424975842968533,-0.3014006764000912,0.18430595814587192,-1.5686762821884868,1.7366708755613403,-0.1854869659890541,0.40371146734446944,-0.8035680660269269,1.9138507662992925,0.07193348514212161,0.14805650129730946,5.264154895307664,1.575065838549261,2.392126637804941,1.5180860496706106,-1.1614162295949166,-0.9236391599815941,1.0392371573601007,0.0,0.0,0.0,0.0,0.0,0.0,0.0,0.0,0.0,0.0,0.0,0.0,9.0,9.0,9.0,9.0,9.0,9.0,6.0,6.0,6.0,6.0,6.0,6.0,0.7233190741522044,47.156809118638556,10.985251528927986,-0.7123468631525265,-0.02797743321593582,0.0002684091137764022,12.358860171843492
12.833333333333298,-0.16134177433023295,-0.5432722086567859,0.15700123072423633,-0.02328101112831521,0.0007304026665256869,0.017706511787019742,0.1377174250891925,0.11878582086339406,0.06379479379155711,0.0,0.0,0.0,-0.1599976858392157,-0.5436675173295562,0.15689688519480494,-0.027600614403783124,0.0074155973071970156,0.004700911369128252,0.11332162669235224,0.06801115540510061,0.15657616598034174,0.0,0.0,0.0,0.15398600577768756,0.5702266553245076,0.9217547313457033,0.05400309531962728,0.5719797007108205,0.7477016782215813,-0.1324235174217352,-0.04251194017366798,-0.13972193382387332,1.4244955274797066,2.584193273890307,1.2152526067052158,-0.21825896524801736,-1.9273915135991502,0.5692278281482412,0.1945597929767375,-0.3278248586738952,0.25065106315339614,-1.5660320719450704,1.7152519510298594,0.001423370604044183,0.3093010364115655,-0.7927254682141204,1.990353150225726,0.07932630730248899,-0.6425677359444268,5.607310097792948,1.575065838549261,2.392126637804941,1.5180860496706106,-1.1614162295949166,-0.9236391599815941,1.0392371573601007,0.0,0.0,0.0,0.0,0.0,0.0,0.0,0.0,0.0,0.0,0.0,0.0,9.0,9.0,9.0,9.0,9.0,9.0,6.0,6.0,6.0,6.0,6.0,6.0,0.4443293999647845,47.099773867679424,11.154720433071647,-0.6502339172445862,-0.02442342079246826,0.00032615331406760095,11.395377264194204
12.866666666666632,-0.16174000503683358,-0.5427255337739227,0.1576117252158912,-0.018734600083482114,0.0026359296160427884,0.020396632912520026,0.1378764990238543,0.12034496363293984,0.04638597761869912,0.0,0.0,0.0,-0.1608175287497924,-0.5433757521561119,0.1571707138519031,-0.02519635978219248,0.008652152653553777,0.007850078595211685,0.1251518886577161,0.053947498815324124,0.14279454593009522,0.0,0.0,0.0,0.20257598910805416,0.5707005734654111,0.9903561525656022,0.09328258145975798,0.5772255934529807,0.8170739284669769,-0.14091692942196254,-0.04311239773842828,-0.1365752399734417,1.4313185037902043,2.572340364614241,1.2265481727232594,-0.2692163117796912,-1.8722256981519603,0.5788095806104668,0.20131279053553194,-0.34633313841261487,0.30946167474533837,-1.5411576212818334,1.6750669592870866,0.1921095061125262,0.20258992676383286,-0.5552483921615895,1.7643183477582678,0.746233519897112,-1.205549752283182,5.72058406525446,1.575065838549261,2.392126637804941,1.5180860496706106,-1.1614162295949166,-0.9236391599815941,1.0392371573601007,0.0,0.0,0.0,0.0,0.0,0.0,0.0,0.0,0.0,0.0,0.0,0.0,9.0,9.0,9.0,9.0,9.0,9.0,6.0,6.0,6.0,6.0,6.0,6.0,0.18345139527080273,47.372768464045855,11.329904125474119,-0.5872537391337026,-0.020815560185446086,0.00033525387649500915,7.595424018155272
12.899999999999965,-0.1619839646862552,-0.542147317857927,0.15836292685697884,-0.01370531847834365,0.004190154679078455,0.023265412418160082,0.15116371828770797,0.10833981046895347,0.05143788686253191,0.0,0.0,0.0,-0.16153574057586864,-0.5430529013122579,0.1575517925485715,-0.02220728096592034,0.009636131239984637,0.0110848911523006,0.15127533825421846,0.041386813269360445,0.14531594960785643,0.0,0.0,0.0,0.25289639027666844,0.5727841544634154,1.0562225548484323,0.13494518460194366,0.5836340714342809,0.8864576234314633,-0.1478912585779218,-0.04434438210075047,-0.13092641918056258,1.438271310910582,2.5599714120892574,1.2396500269449875,-0.3197060689575183,-1.8190788756396543,0.5939497651493033,0.20616040591939658,-0.362823429970549,0.3651909760163379,-1.5235143506504871,1.6212921033418133,0.36684019281423913,0.14542846151593863,-0.4947087467380235,1.6718790381299862,0.5292981189403864,-1.613245678358202,5.241920601051388,1.575065838549261,2.392126637804941,1.5180860496706106,-1.1614162295949166,-0.9236391599815941,1.0392371573601007,0.0,0.0,0.0,0.0,0.0,0.0,0.0,0.0,0.0,0.0,0.0,0.0,9.0,9.0,9.0,9.0,9.0,9.0,6.0,6.0,6.0,6.0,6.0,6.0,0.02629166096702848,47.27333755858695,11.413188701140388,-0.5337238134052751,-0.01770758050275259,0.000317283452240108,12.344557595750437
12.933333333333298,-0.16206175437177942,-0.5415561412427925,0.1592648622709772,-0.00827557189282764,0.005508181912040402,0.02648207393261681,0.1602826350791405,0.09969021273013917,0.0646341168395972,0.0,0.0,0.0,-0.16213553210308151,-0.5427084455650619,0.15804570676076748,-0.018698541875657785,0.010337333889798529,0.014475903831383434,0.17402209694126114,0.02754937107624933,0.1511961900044514,0.0,0.0,0.0,0.3037088390626639,0.5773917019518747,1.1189036197888733,0.17839105215349568,0.591759249195031,0.9553826622426256,-0.15262335361498386,-0.04626533023901524,-0.12299325554219293,1.4453129041805741,2.547527754155032,1.2540703254250094,-0.36880998136761384,-1.7681949998714188,0.6141088365973937,0.20955200070630536,-0.36981430200802273,0.41013629493921916,-1.4899163650854066,1.5581082164786457,0.52546149323322,0.10174784360726372,-0.209726161124212,1.3483595676864388,1.0079395669524187,-1.8955166058950261,4.758639012569427,1.575065838549261,2.392126637804941,1.5180860496706106,-1.1614162295949166,-0.9236391599815941,1.0392371573601007,0.0,0.0,0.0,0.0,0.0,0.0,0.0,0.0,0.0,0.0,0.0,0.0,9.0,9.0,9.0,9.0,9.0,9.0,6.0,6.0,6.0,6.0,6.0,6.0,-0.046490969647067615,47.55545555712565,11.532876652023754,-0.4784654592826523,-0.014936833733893332,0.00027312551046585615,7.576499298682457
12.966666666666631,-0.16197165585796758,-0.5409717677517778,0.16032306258441673,-0.00269820695638745,0.006534925752569656,0.030055123593684546,0.16044416169304,0.08803924886333131,0.08072250819755569,0.0,0.0,0.0,-0.16260576893601314,-0.5423512404474332,0.15865899650456636,-0.014826114154541046,0.01076753648018512,0.01805824266124972,0.18911684865456646,0.014444457922602183,0.1587094611766524,0.0,0.0,0.0,0.35356036446351047,0.5847998657772262,1.1781949210573879,0.22279272817215542,0.6019384285288792,1.0234232761199982,-0.15463072684663093,-0.048489936427571205,-0.11314219511598614,1.452391536373518,2.535382029211931,1.2693222340753938,-0.4158621924878894,-1.7197855564529505,0.6381038642438012,0.21142331076098406,-0.3661859328646931,0.44175027132076194,-1.4376830107673138,1.4875582738622484,0.6550543840058913,0.056139301640360836,0.10885107429988876,0.9484192914462845,1.567000629542788,-2.1164982784919206,3.8877867231801386,1.575065838549261,2.392126637804941,1.5180860496706106,-1.1614162295949166,-0.9236391599815941,1.0392371573601007,0.0,0.0,0.0,0.0,0.0,0.0,0.0,0.0,0.0,0.0,0.0,0.0,9.0,9.0,9.0,9.0,9.0,9.0,6.0,6.0,6.0,6.0,6.0,6.0,-0.10326903879459409,47.84667054387823,11.61942530614214,-0.42588933207160085,-0.012612680907033241,0.00018621817013605296,7.992777859483349
12.999999999999964,-0.16174634134115515,-0.5404074328822611,0.1614943624845927,0.002239473433088432,0.007288301873658511,0.03301125972125282,0.1369043970195793,0.07505841832974833,0.06862793295783126,0.0,0.0,0.0,-0.16295240851163062,-0.5419872759674419,0.15937974411266595,-0.011055019515393153,0.011002646674922819,0.021359997905118496,0.18194921621253846,0.005111555317450112,0.14371011463694083,0.0,0.0,0.0,0.4017040219335934,0.5947733152248144,1.233864738923411,0.2675195554353252,0.6142290601770453,1.0901110137537424,-0.15397893055538842,-0.05059388211489201,-0.10160480616254548,1.4593839290792132,2.5236736924784577,1.2850409869753243,-0.46066543422280504,-1.6741403793082894,0.6649098942809014,0.21032229103422898,-0.35622871229102704,0.4616251484388626,-1.3752925049540834,1.408756300847306,0.7544720620773011,-0.03303059180265265,0.2987166172099808,0.5962463135430193,1.8717151743969136,-2.364059190448272,2.9825303421422924,1.575065838549261,2.392126637804941,1.5180860496706106,-1.1614162295949166,-0.9236391599815941,1.0392371573601007,0.0,0.0,0.0,0.0,0.0,0.0,0.0,0.0,0.0,0.0,0.0,0.0,9.0,9.0,9.0,9.0,9.0,9.0,6.0,6.0,6.0,6.0,6.0,6.0,-0.27819351931459113,47.81429427845419,11.616842613260497,-0.37696601745588554,-0.010751631069416234,0.00011107965673248787,8.887260639461815
13.033333333333298,-0.16137954512635702,-0.539872493084855,0.1628050047942118,0.007042781501697071,0.007817627939011983,0.036420563642965906,0.12813641716122626,0.06299495237129821,0.08947881194349888,0.0,0.0,0.0,-0.1631698192016053,-0.5416218645868236,0.16022089933740172,-0.007154670189129378,0.011071511551854697,0.024953997306815988,0.18588669230923527,-0.0027367579203136927,0.1561801109563965,0.0,0.0,0.0,0.4471087196111267,0.6069588844927055,1.2856874354774668,0.3118280588600709,0.6285373878775654,1.1549638018542991,-0.1506383278238309,-0.05208212792958526,-0.0886530924036796,1.46623823823344,2.512686816005514,1.300840101781503,-0.502894190394363,-1.6315508764536102,0.6933065671012237,0.20719361342928264,-0.33848043355588386,0.46985734560319514,-1.3030059584158522,1.3213754907093556,0.8194241437655474,-0.09386032814839054,0.532448362054295,0.2469659149299767,2.168596396146936,-2.621424304138519,1.9485624506473895,1.575065838549261,2.392126637804941,1.5180860496706106,-1.1614162295949166,-0.9236391599815941,1.0392371573601007,0.0,0.0,0.0,0.0,0.0,0.0,0.0,0.0,0.0,0.0,0.0,0.0,9.0,9.0,9.0,9.0,9.0,9.0,6.0,6.0,6.0,6.0,6.0,6.0,-0.3623439974151886,47.89462574290397,11.626070957673418,-0.33231592095745177,-0.009609199985289918,1.8220102340676947e-05,8.978108494101626
13.066666666666631,-0.16088454901982988,-0.5393791124007769,0.16425614564994312,0.011482784919198866,0.008018372041544227,0.04011815206032641,0.11249023081291232,0.04741415435558982,0.10528481405521345,0.0,0.0,0.0,-0.16325970032277284,-0.5412611769248388,0.16119070522325413,-0.0032803217484585518,0.010956285074665652,0.028803561123082272,0.1824344687387196,-0.01134225902566044,0.16678563214704445,0.0,0.0,0.0,0.48927740238839845,0.6207015579951282,1.3334919471326587,0.35516631448997227,0.6445606653720078,1.2175080401233975,-0.1449415674322384,-0.05254478068584453,-0.07449698467395142,1.4728743556229729,2.502565317730542,1.3164131414189144,-0.5425241806108162,-1.592290947668464,0.7222624919710237,0.2017868856004189,-0.31525677668472485,0.46807990794929333,-1.2269351238010153,1.2256570726060438,0.8522598786511806,-0.16220183486591164,0.6967097061347702,-0.053323129617054744,2.282125038445105,-2.8715525430993516,0.9850720465689953,1.575065838549261,2.392126637804941,1.5180860496706106,-1.1614162295949166,-0.9236391599815941,1.0392371573601007,0.0,0.0,0.0,0.0,0.0,0.0,0.0,0.0,0.0,0.0,0.0,0.0,9.0,9.0,9.0,9.0,9.0,9.0,6.0,6.0,6.0,6.0,6.0,6.0,-0.46655963141266965,47.82625468135251,11.589300351465285,-0.29255351227650817,-0.00888566851850403,-6.269866435934524e-05,9.43260736023666
13.099999999999964,-0.16029914181098992,-0.5389349749212853,0.16579032201704214,0.014989377920749669,0.007879418492446003,0.042874272137064566,0.08089789855109263,0.030694083096567654,0.08322976155310023,0.0,0.0,0.0,-0.1632364669680109,-0.5409099489584608,0.16227150254504044,0.0002163483996770613,0.01069145687401753,0.03223367042314106,0.16233377915203384,-0.018207449799904296,0.14517622744327507,0.0,0.0,0.0,0.5281060306384957,0.6356204196404837,1.3773686098567053,0.3971856011796982,0.6620051625201846,1.2774030242669825,-0.1373018357319381,-0.05189849802494674,-0.05947148765714902,1.4792248457698032,2.493327459821409,1.3314971440902552,-0.5794934196215944,-1.5562709269421662,0.7511794978776263,0.19427209813674493,-0.2898427504109077,0.4577066894099146,-1.1483631548159032,1.1289527720613042,0.8624267443491127,-0.22544362391021947,0.7624207882145154,-0.3111965561813619,2.3571590695533633,-2.901129016342191,0.3050059709379638,1.575065838549261,2.392126637804941,1.5180860496706106,-1.1614162295949166,-0.9236391599815941,1.0392371573601007,0.0,0.0,0.0,0.0,0.0,0.0,0.0,0.0,0.0,0.0,0.0,0.0,9.0,9.0,9.0,9.0,9.0,9.0,6.0,6.0,6.0,6.0,6.0,6.0,-0.5700155893869682,47.53824249335642,11.489412195729871,-0.2557070524385921,-0.00790497636048293,-0.0001092912199900653,8.12160750459775
13.133333333333297,-0.15963638051571133,-0.5385486907535628,0.16742887384136232,0.017875199006020442,0.007383071440583111,0.04583576895708498,0.05915902866955496,0.014239726057061669,0.09451400853093388,0.0,0.0,0.0,-0.16310784910531026,-0.5405748533357475,0.1634715341834213,0.00345608499280747,0.010232132451756302,0.035813787061853626,0.1482606842907579,-0.02713247165676691,0.15095459589422422,0.0,0.0,0.0,0.5631961662695499,0.6511885931446664,1.4172860534059177,0.4374619923142372,0.680499188196973,1.334306271360345,-0.12798887869643152,-0.04991134228568993,-0.04381371620203597,1.4852494033569124,2.485146439916386,1.3458092458201873,-0.613652235216412,-1.5235418706237684,0.7792401713841155,0.18524851778776505,-0.26023464823742865,0.43881093106861463,-1.0659640301683184,1.0308987170550574,0.8486890515794892,-0.2707074104693962,0.8882430652043706,-0.566872750238999,2.471973739427547,-2.9416216501874035,-0.4121307830887062,1.575065838549261,2.392126637804941,1.5180860496706106,-1.1614162295949166,-0.9236391599815941,1.0392371573601007,0.0,0.0,0.0,0.0,0.0,0.0,0.0,0.0,0.0,0.0,0.0,0.0,9.0,9.0,9.0,9.0,9.0,9.0,6.0,6.0,6.0,6.0,6.0,6.0,-0.6126324772484584,47.42190774681551,11.420777501700197,-0.22258058013709298,-0.007364702078368923,-0.00016654419480242877,8.92353962514305
13.16666666666663,-0.15892188397257104,-0.5382251922876522,0.16915994025376582,0.019999279246332505,0.006574283356978508,0.048699190705191575,0.03404196217637473,-0.0002407205724248157,0.0952695908001712,0.0,0.0,0.0,-0.16288703214811173,-0.5402611470686954,0.16478941610400824,0.006315920168361731,0.009608294460045392,0.03937959919819584,0.1285409057425042,-0.03453140624209006,0.14887315657043043,0.0,0.0,0.0,0.594488489517432,0.6669348838050752,1.45336252595953,0.47571143576772806,0.6996470984885572,1.3879678414776264,-0.11740491139145595,-0.04654259524599089,-0.027788547760051442,1.4909096661617216,2.478069679690925,1.3591601096313957,-0.644981819942779,-1.494004602891789,0.8058991474168316,0.17495476202544408,-0.22828008725502646,0.4132875865803725,-0.9819130379167815,0.9343782603246047,0.816075871180817,-0.30881267286962877,0.9586368294720657,-0.7657003346472637,2.5215297675461064,-2.8956137019135806,-0.9783954119601621,1.575065838549261,2.392126637804941,1.5180860496706106,-1.1614162295949166,-0.9236391599815941,1.0392371573601007,0.0,0.0,0.0,0.0,0.0,0.0,0.0,0.0,0.0,0.0,0.0,0.0,9.0,9.0,9.0,9.0,9.0,9.0,6.0,6.0,6.0,6.0,6.0,6.0,-0.6471408141217591,47.22125535965493,11.332611757456599,-0.19257630741713505,-0.006845216462976977,-0.0002082444948966894,9.220819308783987
13.199999999999964,-0.15818344639408521,-0.5379624531945326,0.1709260712287123,0.02127766458138848,0.0055863069973779165,0.050424054515460455,0.00803521075783118,-0.010520475009432456,0.06321522459042248,0.0,0.0,0.0,-0.16258993506025526,-0.5399710650081495,0.16620175952810057,0.008707093693089024,0.00890255620599255,0.042337965846473175,0.10486515302289368,-0.03792000258123629,0.11862054875030159,0.0,0.0,0.0,0.6222778472969279,0.6824765760398359,1.4859766686719467,0.5118370043033513,0.7190587078310583,1.4383053336098273,-0.10605008120207428,-0.041937607178455336,-0.011738537955653605,1.4961947683355603,2.4719596427719455,1.3715204753926327,-0.6736807398761201,-1.4673573840660932,0.8309150175975704,0.1640202974852521,-0.19829410079793827,0.3849698440848654,-0.9012827446390819,0.8444037966221172,0.7723426940083815,-0.3280339362057595,0.899579593712646,-0.8495322748652142,2.418908798330988,-2.6992339110746273,-1.3119953151730648,1.575065838549261,2.392126637804941,1.5180860496706106,-1.1614162295949166,-0.9236391599815941,1.0392371573601007,0.0,0.0,0.0,0.0,0.0,0.0,0.0,0.0,0.0,0.0,0.0,0.0,9.0,9.0,9.0,9.0,9.0,9.0,6.0,6.0,6.0,6.0,6.0,6.0,-0.6676370438732766,46.79466523687975,11.20714661551668,-0.1651635165955886,-0.006148363132807977,-0.0002257848625359729,9.125966507886488
13.233333333333297,-0.15743946558542374,-0.5377640501703196,0.17272986499916654,0.021880199331919342,0.004372388090203431,0.05184427602683404,-0.011969079700407392,-0.021098385591737767,0.054946224552740466,0.0,0.0,0.0,-0.16222957081839348,-0.5397094674906889,0.16770339193727934,0.010691718043045957,0.008059337037008686,0.045071897520909524,0.08445421141937182,-0.04392340951754825,0.10698012077860586,0.0,0.0,0.0,0.6466693528366324,0.6973724026351537,1.5154081436778901,0.5457175508507761,0.7383237479954289,1.485270992478923,-0.09428499302927945,-0.0361499010017558,0.0041053465158378405,1.5010970830097539,2.4668042435484043,1.3828325565375201,-0.6999057208865869,-1.4434071796420904,0.8539338784926446,0.1527197259789552,-0.16920601807013994,0.3545649042593734,-0.8249272017556952,0.760472020687424,0.7178247825709463,-0.33901714518890724,0.8726424818339498,-0.9121481947647585,2.2906662865016,-2.5179532780407947,-1.635537343123056,1.575065838549261,2.392126637804941,1.5180860496706106,-1.1614162295949166,-0.9236391599815941,1.0392371573601007,0.0,0.0,0.0,0.0,0.0,0.0,0.0,0.0,0.0,0.0,0.0,0.0,9.0,9.0,9.0,9.0,9.0,9.0,6.0,6.0,6.0,6.0,6.0,6.0,-0.6653978838385477,46.48883268602547,11.110953921080693,-0.14090594735580703,-0.005673313356831855,-0.00024796223821726276,10.570852414441884
13.26666666666663,-0.1567078883162709,-0.5376284692467443,0.1745494983795801,0.02187884695234016,0.003031713662916621,0.052737279441741,-0.02877513240844963,-0.027808358672335592,0.038987351440363055,0.0,0.0,0.0,-0.1618189963376213,-0.5394793040649638,0.16928101928559602,0.012278030394303457,0.007119809394891882,0.047428425145441995,0.06469938874992787,-0.04790721644504714,0.08821854883625413,0.0,0.0,0.0,0.6678376660010226,0.7111992558867906,1.5419814666076626,0.5772757247743909,0.7570298471954491,1.5288858220714858,-0.0824637991967613,-0.02928848617651857,0.01953755369898745,1.5056133349126084,2.46251589687897,1.3931033209319508,-0.7238484584178896,-1.4219401229831152,0.8746868170794447,0.1412316133834124,-0.14216893941206785,0.3236035893084053,-0.7538304845446195,0.6828318067419771,0.6543336992596537,-0.3446433778662842,0.8111123597421626,-0.9288394485290425,2.1329015163322724,-2.329206418363408,-1.9047324993387793,1.575065838549261,2.392126637804941,1.5180860496706106,-1.1614162295949166,-0.9236391599815941,1.0392371573601007,0.0,0.0,0.0,0.0,0.0,0.0,0.0,0.0,0.0,0.0,0.0,0.0,9.0,9.0,9.0,9.0,9.0,9.0,6.0,6.0,6.0,6.0,6.0,6.0,-0.6628041841719032,46.15061952982804,11.014290080488816,-0.11865657716481322,-0.005302844855137989,-0.000268378284216525,11.700474543892183
13.299999999999963,-0.1559976150180468,-0.5375536867002324,0.17635883045136933,0.021482078940728747,0.0016448013983364476,0.0529323195429287,-0.03867421416267422,-0.0309259382346596,0.017349291547440984,0.0,0.0,0.0,-0.16136761060517388,-0.5392832101438004,0.17091707929770747,0.013561947053332378,0.006098225983221255,0.04927464978723921,0.04975969824751303,-0.05117761011971389,0.06337229026692759,0.0,0.0,0.0,0.6864480935258291,0.7234692092786993,1.565468370886938,0.6066776056598611,0.7747389763505927,1.5689874669575243,-0.07094928056252774,-0.02164005473706509,0.03472952740595988,1.5096794891918324,2.45897716266247,1.4023562262265832,-0.7458106609794354,-1.4032674052616976,0.8932633538726258,0.128400290045618,-0.11816433080068088,0.29292596899544826,-0.6905208794124564,0.60106495667568,0.5896419689501721,-0.38493970013383133,0.720138258341609,-0.9203286093887125,1.8992881539648914,-2.453005501988912,-1.9407519092844496,1.575065838549261,2.392126637804941,1.5180860496706106,-1.1614162295949166,-0.9236391599815941,1.0392371573601007,0.0,0.0,0.0,0.0,0.0,0.0,0.0,0.0,0.0,0.0,0.0,0.0,9.0,9.0,9.0,9.0,9.0,9.0,6.0,6.0,6.0,6.0,6.0,6.0,-0.748144915727615,45.77047384189537,10.91188044215201,-0.09924487374477886,-0.005798329335102048,-0.000264132430208305,14.11210392485835
13.333333333333297,-0.15531967194585986,-0.537531480746588,0.17812020740670376,0.020720234743484278,0.0003538855701038261,0.05214173556329107,-0.047155160239836166,-0.029293485560763256,-0.01319876561621371,0.0,0.0,0.0,-0.16088522992187637,-0.5391200729276456,0.1725868512043735,0.014547029862573392,0.005093601152332596,0.05040598365462786,0.03517819325612326,-0.04971044556496196,0.0290975329387666,0.0,0.0,0.0,0.703033588196836,0.7341338857404478,1.585980624000046,0.6341163555891414,0.7911806057641905,1.6055438277391247,-0.059911419419523396,-0.013573865813452062,0.04954089222652672,1.5132887095092333,2.456056572846425,1.4106459308119526,-0.765971308246764,-1.3872919579786807,0.9099052249474099,0.1149845030298941,-0.09779990658779213,0.26343608137253516,-0.6333865718173911,0.5198639312189011,0.5293847444790727,-0.40247361047171737,0.6109327263866625,-0.8846966286873935,1.7140292278519589,-2.436030763703368,-1.8077167341329814,1.575065838549261,2.392126637804941,1.5180860496706106,-1.1614162295949166,-0.9236391599815941,1.0392371573601007,0.0,0.0,0.0,0.0,0.0,0.0,0.0,0.0,0.0,0.0,0.0,0.0,9.0,9.0,9.0,9.0,9.0,9.0,6.0,6.0,6.0,6.0,6.0,6.0,-0.7903447689038676,45.38908436176668,10.814665206784051,-0.08058694291569873,-0.006017465579978287,-0.00024027200718005487,13.446406958761543
13.36666666666663,-0.1546729443965698,-0.5375634583980984,0.17981488792673953,0.019848619765864918,-0.0009696184295718314,0.05063891410020813,-0.048251135402859434,-0.030692180730026147,-0.03541704602033467,0.0,0.0,0.0,-0.16037668500814953,-0.5389922173152603,0.17427090331234374,0.015362777731822274,0.0040317605284581675,0.05092899941452541,0.0269394398494347,-0.05180364237633128,0.0003065114930009827,0.0,0.0,0.0,0.7186260892965854,0.7430004588053275,1.6030811367290272,0.6600486599514129,0.8060714453610237,1.6383301799694527,-0.04954082474423693,-0.005571977048112862,0.06420868764837807,1.5163747108648524,2.4536359624626796,1.4180160761817338,-0.7846974555836738,-1.3744791738710802,0.9251523668293359,0.10004819478901582,-0.0810121765375088,0.23521493451980147,-0.5856518040106594,0.42954365922497806,0.4814044191315435,-0.4480892472263486,0.5036319015084998,-0.8466344055820111,1.4320430342019521,-2.70960815981769,-1.439409760425875,1.575065838549261,2.392126637804941,1.5180860496706106,-1.1614162295949166,-0.9236391599815941,1.0392371573601007,0.0,0.0,0.0,0.0,0.0,0.0,0.0,0.0,0.0,0.0,0.0,0.0,9.0,9.0,9.0,9.0,9.0,9.0,6.0,6.0,6.0,6.0,6.0,6.0,-0.896404528666084,45.026496607959295,10.720432480621739,-0.06519878804333455,-0.007007615968313674,-0.00019095894271300984,15.589527103618636
13.399999999999963,-0.15404852105465142,-0.5376519555415736,0.1814187768507744,0.01911201544248077,-0.0023890116198740747,0.04841400897745485,-0.04239335401077704,-0.033784257141308754,-0.05751422631130544,0.0,0.0,0.0,-0.15984276349902501,-0.5389022561773051,0.17594780134987711,0.01613298052444335,0.0028942550233528996,0.0508079512910878,0.024692738275814197,-0.05476260718350012,-0.029846448313702645,0.0,0.0,0.0,0.7339708040339917,0.7502071306647938,1.6164982837081485,0.6849091504466069,0.8192789107043272,1.6671544137753855,-0.039796738608978977,0.001947132337209684,0.0787343352415127,1.5189223701075898,2.4516418557336688,1.4244655651010905,-0.802108736561844,-1.3650504272252253,0.9395287444222028,0.08430258311774988,-0.06688619342605157,0.2073947565604013,-0.5434428875669584,0.33175615265875585,0.4479956915678538,-0.4723683501379779,0.423779493343717,-0.8346053387820056,1.2662674933110323,-2.9336251969866667,-1.0022618269106918,1.575065838549261,2.392126637804941,1.5180860496706106,-1.1614162295949166,-0.9236391599815941,1.0392371573601007,0.0,0.0,0.0,0.0,0.0,0.0,0.0,0.0,0.0,0.0,0.0,0.0,9.0,9.0,9.0,9.0,9.0,9.0,6.0,6.0,6.0,6.0,6.0,6.0,-0.9497280187153156,44.73741751723315,10.635778159168673,-0.050459448039800625,-0.007944608292714816,-0.0001322033743270945,15.507615040306531
13.433333333333296,-0.15345034574899327,-0.5377860119106402,0.18291425861607025,0.01833945066460973,-0.003672125601080604,0.04559066482922245,-0.04150207924312367,-0.029997415079009222,-0.07590120831609255,0.0,0.0,0.0,-0.159288637973156,-0.5388472939019243,0.17759829137068467,0.016762691785692188,0.0018207408709367213,0.050094088282146974,0.017956371788853343,-0.05105394134993979,-0.05721243192673642,0.0,0.0,0.0,0.749057144435851,0.7559265892207767,1.6267089149667768,0.7088228286436568,0.8307433911321699,1.692139714345785,-0.030601641651672708,0.008923828428042213,0.09269895813579032,1.5209921268229267,2.449998137866734,1.4300686462924812,-0.8182271523725376,-1.3585484677691455,0.9530399664196816,0.06949599534598658,-0.05516975514737478,0.1811932093479462,-0.5035159454028583,0.2406245733411786,0.41955633713885976,-0.44419763315289923,0.3514931483603035,-0.786046416373653,1.1978082649230013,-2.7339473795273177,-0.8531806328698203,1.575065838549261,2.392126637804941,1.5180860496706106,-1.1614162295949166,-0.9236391599815941,1.0392371573601007,0.0,0.0,0.0,0.0,0.0,0.0,0.0,0.0,0.0,0.0,0.0,0.0,9.0,9.0,9.0,9.0,9.0,9.0,6.0,6.0,6.0,6.0,6.0,6.0,-0.8915456489470599,44.51854906812947,10.582228727604251,-0.03400396491136021,-0.007839782314572163,-0.00010895513203300344,14.026707438963172
13.46666666666663,-0.15285431556155782,-0.5379664609963498,0.18428438430203828,0.018035057622279558,-0.0049595907544486995,0.04221985639866002,-0.02605320927671624,-0.030295832266399807,-0.09221929513012965,0.0,0.0,0.0,-0.15870788049353426,-0.5388285972169706,0.17920338484614978,0.017537710231046888,0.000724332002198233,0.0488020560498333,0.024900673284958597,-0.051537224536705395,-0.0835733681881301,0.0,0.0,0.0,0.7651753992031348,0.7603249427210681,1.6328526350777641,0.7324505146095813,0.8404306675153264,1.7129310872773795,-0.021902969804268008,0.014733087525437973,0.10650822408592041,1.5225157240308562,2.448616756464407,1.434847675676854,-0.8333155970143726,-1.3557410019111928,0.9666353180165828,0.05363727594058655,-0.046017546428999516,0.15597832413677115,-0.46960754130432,0.1363575082727794,0.4117591443176434,-0.4757615821620009,0.27456626155125796,-0.7564465563352513,1.017252122956149,-3.128011952051976,-0.23391578463649157,1.575065838549261,2.392126637804941,1.5180860496706106,-1.1614162295949166,-0.9236391599815941,1.0392371573601007,0.0,0.0,0.0,0.0,0.0,0.0,0.0,0.0,0.0,0.0,0.0,0.0,9.0,9.0,9.0,9.0,9.0,9.0,6.0,6.0,6.0,6.0,6.0,6.0,-0.9661498418474659,44.27533891967621,10.518778055670996,-0.02081539557992383,-0.009241131394060575,-2.9290441094606545e-05,16.88965831766958
13.499999999999963,-0.152242183106535,-0.5381963932716034,0.18551520276722852,0.01825427537123742,-0.006354354317566417,0.03838599024968269,-0.009141527151396649,-0.033761343161702116,-0.1054548676299453,0.0,0.0,0.0,-0.158093843831402,-0.5388486491871595,0.1807454903542538,0.018506088627511068,-0.0004393149122238979,0.04697030717993682,0.03404840604817316,-0.05413710054605403,-0.1078146059370626,0.0,0.0,0.0,0.7827362667996681,0.7638307668430903,1.6346216883851856,0.7562110391491765,0.8484592336586534,1.7292913787349573,-0.013429253475458584,0.019157190842436642,0.12005457373782982,1.5235061435482955,2.4475108655920246,1.4387368534486586,-0.8471995129744485,-1.3567717014238991,0.9807884440353677,0.037687482328980615,-0.03745699959064891,0.12977633014835055,-0.4342141663029578,0.024838512503467067,0.42031556848158014,-0.478493808348178,0.2568164051505182,-0.7860598196526181,1.061801250040866,-3.34556987307937,0.25669272491810324,1.575065838549261,2.392126637804941,1.5180860496706106,-1.1614162295949166,-0.9236391599815941,1.0392371573601007,0.0,0.0,0.0,0.0,0.0,0.0,0.0,0.0,0.0,0.0,0.0,0.0,9.0,9.0,9.0,9.0,9.0,9.0,6.0,6.0,6.0,6.0,6.0,6.0,-0.9641257757963491,44.160822810056956,10.472417501330805,-0.006848157832133661,-0.010196983853694608,3.941947506236332e-05,15.906145115379875
13.533333333333296,-0.15159605947599322,-0.5384758523001265,0.18659516568221352,0.019009796817878368,-0.007830758822771424,0.03415218301429407,0.008318073798443128,-0.03633435659727692,-0.116471657621832,0.0,0.0,0.0,-0.1574387524788263,-0.5389093768400477,0.1822086847785429,0.019704063348409993,-0.0016624003449254741,0.04464782098227901,0.04481279228234314,-0.056347093707657336,-0.1294663031075558,0.0,0.0,0.0,0.8018264908835352,0.7668457472416035,1.6325345779596208,0.7803427349281002,0.8549980889890841,1.741342644065713,-0.005110265138016212,0.022163098232095654,0.13284699495056357,1.5240696959036784,2.4465979569753555,1.4418453399566196,-0.8599572558999095,-1.3611399916376195,0.9957336065547387,0.023833541217316706,-0.030743838863599833,0.10542850687533535,-0.39989291394353843,-0.07908630010658414,0.43900843988128163,-0.41561823334991727,0.2013948218114723,-0.730434698190456,1.029637570782581,-3.1177443783015364,0.5607861419910453,1.575065838549261,2.392126637804941,1.5180860496706106,-1.1614162295949166,-0.9236391599815941,1.0392371573601007,0.0,0.0,0.0,0.0,0.0,0.0,0.0,0.0,0.0,0.0,0.0,0.0,9.0,9.0,9.0,9.0,9.0,9.0,6.0,6.0,6.0,6.0,6.0,6.0,-0.8327048010825573,44.03293216280473,10.447905361496385,0.007651312808043029,-0.010049864271875819,8.319981782767272e-05,12.785777274389794
13.56666666666663,-0.15093134678880013,-0.5387916906978929,0.18753042918663115,0.019637800301112174,-0.009090037560353465,0.02989398669724484,0.0063170060612183915,-0.029716364381197576,-0.11641911178227612,0.0,0.0,0.0,-0.15674779851728898,-0.5390074898618012,0.18358501073343786,0.020801758174323545,-0.0028089011783244367,0.042047894211012904,0.03975553287394051,-0.052070767799833106,-0.1407455243149185,0.0,0.0,0.0,0.8217629846555675,0.7695604637391,1.6276386224242476,0.8046829380271406,0.8601858250265266,1.7495266260595117,0.0030680724997017017,0.02412186810001289,0.1442729658532845,1.5243208660483458,2.4458372152745342,1.4443030392175038,-0.8715616363308558,-1.3678657510394439,1.0110693410009388,0.01296791663245806,-0.025462780304300887,0.08429682084279443,-0.36538524660010696,-0.16087728807201884,0.45305083555109626,-0.3259687375457594,0.15843175677896837,-0.6339505809762278,1.0352300203029448,-2.4537296389630407,0.4212718700944397,1.575065838549261,2.392126637804941,1.5180860496706106,-1.1614162295949166,-0.9236391599815941,1.0392371573601007,0.0,0.0,0.0,0.0,0.0,0.0,0.0,0.0,0.0,0.0,0.0,0.0,9.0,9.0,9.0,9.0,9.0,9.0,6.0,6.0,6.0,6.0,6.0,6.0,-0.6475484625126107,43.978176913609374,10.461200953429971,0.024061974087773524,-0.008666656751914692,7.061787065257286e-05,11.80238474604225
13.599999999999962,-0.1502193194404149,-0.5391507011738365,0.18831184526350866,0.02079847969888319,-0.010420911178852047,0.025433043830262243,0.02427847771650716,-0.0318297562911549,-0.12128989489270596,0.0,0.0,0.0,-0.15600993016687975,-0.5391466299849018,0.18486189673306042,0.022170104149437667,-0.0040378374551341845,0.03908298435380763,0.0524147108820352,-0.05542495278458581,-0.15609532542310944,0.0,0.0,0.0,0.8428026441773139,0.7725442432794052,1.6201768291508631,0.8293856065483234,0.8643227442458455,1.7540596557117831,0.011187167879430568,0.024821237636546572,0.15416562203151704,1.5243576518835222,2.4451813498820694,1.4461696386894696,-0.8820316915402433,-1.3766392204749052,1.027285241073734,0.005058355581011828,-0.021604901284070558,0.06543092972024558,-0.3311961863877842,-0.22909515139990272,0.4753349466396028,-0.23728683154338695,0.1157363706069099,-0.5659767336764653,1.0256718063696828,-2.046535899836517,0.668523332655196,1.575065838549261,2.392126637804941,1.5180860496706106,-1.1614162295949166,-0.9236391599815941,1.0392371573601007,0.0,0.0,0.0,0.0,0.0,0.0,0.0,0.0,0.0,0.0,0.0,0.0,9.0,9.0,9.0,9.0,9.0,9.0,6.0,6.0,6.0,6.0,6.0,6.0,-0.462537215613428,43.912376128714946,10.461165802841801,0.03787821358597689,-0.00797801533931719,0.00010677693013624867,11.041786106075296
13.633333333333296,-0.14945292018531617,-0.5395461387248727,0.1889411015815843,0.02227710493256274,-0.011646697021971275,0.020920203890872006,0.03601012187337955,-0.02844245810261441,-0.12132578462302727,0.0,0.0,0.0,-0.15521950268075932,-0.5393258646004011,0.18603134379718061,0.023724328907519947,-0.005254565342756063,0.03585836471835913,0.060894049474574885,-0.054247220600498025,-0.16629422255942794,0.0,0.0,0.0,0.8651279646118111,0.7757785079203802,1.6106717700093753,0.8546048751225387,0.8675155551278556,1.7552651490345828,0.019052689789344796,0.024316153588779657,0.1623921334957761,1.5242434516850827,2.4444934119503423,1.4476622217548019,-0.8917757558657572,-1.3871083248828013,1.0444857837133776,-0.0005978854417882148,-0.020960392395904477,0.051661971213394504,-0.3052800153062042,-0.2857471386245559,0.5024558350060748,-0.16968723068400127,0.019335266644982425,-0.41306875520553243,0.7774851324474011,-1.6995596167395968,0.8136266509941624,1.575065838549261,2.392126637804941,1.5180860496706106,-1.1614162295949166,-0.9236391599815941,1.0392371573601007,0.0,0.0,0.0,0.0,0.0,0.0,0.0,0.0,0.0,0.0,0.0,0.0,9.0,9.0,9.0,9.0,9.0,9.0,6.0,6.0,6.0,6.0,6.0,6.0,-0.3411505609244816,43.766791817473795,10.470976770916284,0.05034305723765291,-0.007331005160073456,0.00012310015791505702,10.34675062134446
13.666666666666629,-0.14863110516704106,-0.5399704818768517,0.18942920717633638,0.023881392910946125,-0.012678615200575826,0.016605724749496134,0.0421887646986112,-0.0222468591706905,-0.11374890984733904,0.0,0.0,0.0,-0.1543737341539396,-0.5395428317770959,0.1870905282524619,0.02537779457730582,-0.006408103175119518,0.03252348016174915,0.06515741163198951,-0.05066964365153481,-0.16930441850176292,0.0,0.0,0.0,0.8882756307789266,0.7793191992173217,1.599506501778986,0.8802239268039097,0.8698941312425661,1.7534354370117866,0.026718696567160652,0.022917697645978154,0.16886127442548102,1.5240356692600474,2.443802227765252,1.4487998338263446,-0.9006579448587759,-1.3988880987526278,1.0623820323349267,-0.004354943647968437,-0.02081048116711051,0.03997289850198603,-0.2794037849624428,-0.330844523604712,0.5254102507663388,-0.11271174618540666,0.00449733686381894,-0.35067218134225414,0.7762869103128416,-1.3529215494046825,0.6886324728079216,1.575065838549261,2.392126637804941,1.5180860496706106,-1.1614162295949166,-0.9236391599815941,1.0392371573601007,0.0,0.0,0.0,0.0,0.0,0.0,0.0,0.0,0.0,0.0,0.0,0.0,9.0,9.0,9.0,9.0,9.0,9.0,6.0,6.0,6.0,6.0,6.0,6.0,-0.22323284678010413,43.768195298769335,10.497279349641062,0.06382505128295454,-0.006588985250829182,0.00010946894492586123,10.444536251152485
13.699999999999962,-0.1477855653718985,-0.5404078404237409,0.18979789388672977,0.024890765023424764,-0.013309260884736225,0.012782028699686728,0.026609667607397823,-0.009936153401641657,-0.09797756580218911,0.0,0.0,0.0,-0.15348450400820346,-0.5397907714009065,0.18804336514096673,0.0267386501083156,-0.007377228970450166,0.02927469465806011,0.050733389844586974,-0.04137786616550798,-0.16298029333338393,0.0,0.0,0.0,0.9118129679144606,0.7828803359947695,1.587675918418796,0.9060379557843985,0.8714393232174868,1.749143888398585,0.03389373389832813,0.020998085756265505,0.17334487350628144,1.5237851539201328,2.4430046130956575,1.4498169711035733,-0.9090906039062709,-1.4112326178740326,1.0805081729391066,-0.006461954680948252,-0.022889120447590585,0.033667045045238965,-0.2617877759373805,-0.3571718902963359,0.5376595623390438,-0.06321033098939446,-0.0623591784144022,-0.18917560370241193,0.5284802707518683,-0.7898210007487163,0.36747934718114705,1.575065838549261,2.392126637804941,1.5180860496706106,-1.1614162295949166,-0.9236391599815941,1.0392371573601007,0.0,0.0,0.0,0.0,0.0,0.0,0.0,0.0,0.0,0.0,0.0,0.0,9.0,9.0,9.0,9.0,9.0,9.0,6.0,6.0,6.0,6.0,6.0,6.0,-0.1396294899280044,43.70170404889214,10.540039137671846,0.07660133187632007,-0.005109656930446738,6.463948202947711e-05,8.23221927371638
13.733333333333295,-0.1469146602379179,-0.540853571230473,0.19006145606497807,0.02573327187138133,-0.013701311628938716,0.009404012198692666,0.02360060151150624,-0.0027782245844469853,-0.08366072986617944,0.0,0.0,0.0,-0.1525538674721799,-0.5400659803408536,0.1888927979761412,0.028002756528868963,-0.00822303082502254,0.026115981277858982,0.04581086326473027,-0.03511382582189526,-0.1565873995199487,0.0,0.0,0.0,0.9357772288570426,0.7866097096471503,1.5754163177201936,0.9320274026121057,0.8722761071390284,1.7427226471137875,0.040561714555148495,0.01853404394642823,0.17591766792908967,1.52352697480381,2.4420819180721773,1.4507888549574626,-0.9171986041535869,-1.4239227882132852,1.0989764066306293,-0.007317567220105838,-0.026083607285470864,0.030660025426194924,-0.24942259692544527,-0.3728607035504955,0.5485845279434669,-0.02566837617472758,-0.09583460513640833,-0.09021058857132126,0.3709553703580567,-0.4706643976247882,0.3277489681326951,1.575065838549261,2.392126637804941,1.5180860496706106,-1.1614162295949166,-0.9236391599815941,1.0392371573601007,0.0,0.0,0.0,0.0,0.0,0.0,0.0,0.0,0.0,0.0,0.0,0.0,9.0,9.0,9.0,9.0,9.0,9.0,6.0,6.0,6.0,6.0,6.0,6.0,-0.07073905932705782,43.674696487936146,10.57471556369123,0.08828184326104646,-0.0042661941116974855,5.813427274672933e-05,7.460256372865947
13.766666666666628,-0.1460378457526087,-0.5412973827625935,0.19023886805205767,0.026129531018476256,-0.013790935969062732,0.0065497292879441935,0.01173301366686174,0.005965499681885094,-0.06725452852033362,0.0,0.0,0.0,-0.15159165480126302,-0.5403626497033609,0.18964492136925085,0.028998262149475422,-0.008900196056043485,0.023129311232811527,0.0327758273239267,-0.02677606794616061,-0.1464126178411309,0.0,0.0,0.0,0.9601833526587829,0.7906527339344249,1.5632980958692708,0.9581871833688006,0.8725572801812255,1.734616373908767,0.046599206219236466,0.015579776226287345,0.17649150128658372,1.5232972397525057,2.4409676059682583,1.4518769951046173,-0.9253003625113633,-1.4364721044350295,1.117877511453118,-0.0070338900994551985,-0.030980777840205573,0.031982811418493254,-0.24517603279734168,-0.3752732256183853,0.5608836057642633,0.008510313619519167,-0.14691511664204124,0.03968357976894992,0.127396923843108,-0.07237566203669382,0.36897233462389134,1.575065838549261,2.392126637804941,1.5180860496706106,-1.1614162295949166,-0.9236391599815941,1.0392371573601007,0.0,0.0,0.0,0.0,0.0,0.0,0.0,0.0,0.0,0.0,0.0,0.0,9.0,9.0,9.0,9.0,9.0,9.0,6.0,6.0,6.0,6.0,6.0,6.0,-0.015103914142486463,43.619519102855534,10.613789867498381,0.09960004711110881,-0.0031311770610029654,6.101310434505902e-05,5.5493455674155285
13.799999999999962,-0.14518184755419047,-0.5417282630914936,0.19034738899126039,0.025841637858993582,-0.013544870392654333,0.00421420676092042,-0.007691062176246633,0.015290979972124143,-0.05165062033460128,0.0,0.0,0.0,-0.1506131815820269,-0.540673931165111,0.19030662922002226,0.029557959741402157,-0.009375190418360105,0.020347422347021325,0.011944379624404977,-0.016948036297877778,-0.1348412317705061,0.0,0.0,0.0,0.9846467271273681,0.7947826165908043,1.551787028546748,0.9843347292484351,0.8723026774857925,1.7252568897013028,0.0519123277160188,0.012467889003362103,0.17517592909978424,1.5230986857142201,2.439646768279415,1.4531597554350129,-0.9335358550224649,-1.4485312305550335,1.1368123694675327,-0.00631571079886321,-0.03674367972360506,0.03631614374740925,-0.2464351944878136,-0.36627359760621175,0.5656583622097116,0.021545379017759644,-0.17288705650198466,0.12999996986747975,-0.037774850714157274,0.2699888403652056,0.14324269336344678,1.575065838549261,2.392126637804941,1.5180860496706106,-1.1614162295949166,-0.9236391599815941,1.0392371573601007,0.0,0.0,0.0,0.0,0.0,0.0,0.0,0.0,0.0,0.0,0.0,0.0,9.0,9.0,9.0,9.0,9.0,9.0,6.0,6.0,6.0,6.0,6.0,6.0,0.0009370426638719564,43.59315728967365,10.652457961187853,0.11118463097090837,-0.002044984708807873,2.975369503557812e-05,5.134270277864757
13.833333333333295,-0.14436605850695847,-0.5421391453541535,0.19040173651929512,0.024937674122179142,-0.013036346664903515,0.0023443627905301296,-0.025511233967030915,0.022031224605281584,-0.03801507978287955,0.0,0.0,0.0,-0.1496330679911714,-0.5409940107326953,0.19088459135818867,0.029675141916600374,-0.009669839619849093,0.017769283551519535,-0.008956772618786246,-0.008279578011343602,-0.12349344629652625,0.0,0.0,0.0,1.009361764510505,0.7993003670719185,1.541101361621945,1.0105124750936139,0.8717134038659071,1.7149773466216571,0.05649633314454197,0.009085834676277188,0.17203369040811883,1.5229332433383898,2.438096280409881,1.454713135173418,-0.9420830226698986,-1.4598497449701473,1.1560874402912233,-0.005414084449561642,-0.04325765063188028,0.04317297601723767,-0.2530884177779436,-0.3484614875043439,0.5740542038770526,0.02704879047904705,-0.19541912724825655,0.2057049680948528,-0.1995966987039006,0.5343633030560349,0.2518752500202316,1.575065838549261,2.392126637804941,1.5180860496706106,-1.1614162295949166,-0.9236391599815941,1.0392371573601007,0.0,0.0,0.0,0.0,0.0,0.0,0.0,0.0,0.0,0.0,0.0,0.0,9.0,9.0,9.0,9.0,9.0,9.0,6.0,6.0,6.0,6.0,6.0,6.0,0.0023895494542971463,43.558598444313354,10.685769052971013,0.12245827184251441,-0.0011425269742618704,4.251871955784914e-05,3.799011821629266
13.866666666666628,-0.143611982073248,-0.5425252739190682,0.19041373147383497,0.023398423719572226,-0.01234021063975746,0.0008609771382065019,-0.044242024895086315,0.026223015907710343,-0.027186996081926176,0.0,0.0,0.0,-0.14866774455158058,-0.5413180371842666,0.19138505007203488,0.02930215952692905,-0.009812329656843855,0.01538359439664736,-0.03188004747406037,-0.0010571113180830594,-0.11285173014317529,0.0,0.0,0.0,1.0344419578683746,0.8042173039917726,1.531603469949812,1.0367652818024526,0.8709068173305151,1.7041581191757051,0.06023544282636828,0.0054944157666805445,0.1671567519461547,1.5228001935469502,2.4362545980637598,1.4566560018505916,-0.9512627594821045,-1.4701711889456657,1.1757749367282377,-0.00446569064530975,-0.05125286379971956,0.05324832554921892,-0.26795754217009826,-0.3225827086784818,0.5851013300326388,0.028451814127556766,-0.2398563950351784,0.30226048595943744,-0.44607373176464016,0.7763633647758627,0.33141378466758437,1.575065838549261,2.392126637804941,1.5180860496706106,-1.1614162295949166,-0.9236391599815941,1.0392371573601007,0.0,0.0,0.0,0.0,0.0,0.0,0.0,0.0,0.0,0.0,0.0,0.0,9.0,9.0,9.0,9.0,9.0,9.0,6.0,6.0,6.0,6.0,6.0,6.0,-0.010505153859150296,43.473972278376166,10.713112846450894,0.13327402043230696,-0.000278785841836493,5.028381751764899e-05,2.678867837586707
13.899999999999961,-0.14292899832355146,-0.5428841059576371,0.19039453055580402,0.021460578607370915,-0.011528220213512512,-0.0002690020176136325,-0.056081781361600073,0.028236317866692933,-0.017752484165795352,0.0,0.0,0.0,-0.14772955782772135,-0.541642241610753,0.1918142387848318,0.02853765111679042,-0.00983486966906594,0.013188358409505788,-0.04984536339014323,0.004547232203016449,-0.10246155632573695,0.0,0.0,0.0,1.0595249216659297,0.8094475655901636,1.523365138621688,1.0629430233043469,0.8699627079918794,1.6930622083318263,0.06322470547489328,0.0019600122036110765,0.16079706454558493,1.5226946920073843,2.434181536375203,1.4589331088296227,-0.9609420909932584,-1.4794160570865433,1.1955791516875935,-0.0035985943397545406,-0.058545521704372466,0.06329158143036263,-0.28290581094644596,-0.2924249323770457,0.5911180758646626,0.02601288916665627,-0.21877973713958723,0.3012976764343116,-0.44844806329043074,0.9047332890430844,0.1805023749607147,1.575065838549261,2.392126637804941,1.5180860496706106,-1.1614162295949166,-0.9236391599815941,1.0392371573601007,0.0,0.0,0.0,0.0,0.0,0.0,0.0,0.0,0.0,0.0,0.0,0.0,9.0,9.0,9.0,9.0,9.0,9.0,6.0,6.0,6.0,6.0,6.0,6.0,-0.012744552877176463,43.48360371548743,10.737708442372274,0.14547316243837957,0.000252939345432579,3.079083799933935e-05,2.6204407226600286
13.933333333333294,-0.14233255161117248,-0.5432152803835986,0.19035106795198733,0.01908143249127534,-0.01067441485942149,-0.0011501940055407285,-0.069341286013363,0.02801136935333285,-0.011832537085055505,0.0,0.0,0.0,-0.1468328641540055,-0.5419638363874856,0.19217714963619317,0.027344427535035437,-0.009767642741823613,0.011151108566450888,-0.06938028369078175,0.00865082312457588,-0.09376668783335562,0.0,0.0,0.0,1.0848603633027136,0.8149564061287513,1.516592711503563,1.08911520869111,0.8689470160703711,1.6819842173047879,0.06534180436689402,-0.001559775672486178,0.1531093806705601,1.5226022942926185,2.4318109700281254,1.461650421688008,-0.97145903112733,-1.4874960558990242,1.2156380695905598,-0.0030474857419001845,-0.06692650084300547,0.07544345097782591,-0.30464073966357913,-0.25907495370863115,0.5982177166808785,0.01653325793563069,-0.2514293741589899,0.3645560864238982,-0.6520478615139956,1.0004993600524368,0.21298922448647734,1.575065838549261,2.392126637804941,1.5180860496706106,-1.1614162295949166,-0.9236391599815941,1.0392371573601007,0.0,0.0,0.0,0.0,0.0,0.0,0.0,0.0,0.0,0.0,0.0,0.0,9.0,9.0,9.0,9.0,9.0,9.0,6.0,6.0,6.0,6.0,6.0,6.0,-0.044575532335704215,43.38899194220586,10.75523913293383,0.15691386055021989,0.0007121779660586025,3.266468708235104e-05,1.438187219151222
13.966666666666628,-0.14183298122278215,-0.5435213040257875,0.19028725643296807,0.01634893218668973,-0.009860692205790592,-0.001872869280629933,-0.07999985198702429,0.025493987801150385,-0.008861242652951481,0.0,0.0,0.0,-0.1459904264124861,-0.5422815982140452,0.1924773930740616,0.02575827755098939,-0.009655590553157694,0.009231237947372748,-0.0869975938161951,0.01057052413435855,-0.08713126271069838,0.0,0.0,0.0,1.1103148290830218,0.820698533183577,1.5112919025014877,1.1152344305059156,0.867925834762481,1.6711314634573902,0.0666659741248068,-0.00493611499900794,0.14432981849767995,1.5225054440414825,2.429174753100494,1.4647674988772044,-0.9827668892914515,-1.4944072068542753,1.235838309177746,-0.002952833603354336,-0.07503317216696101,0.0874893607765398,-0.3277040765036247,-0.2245813370078992,0.603410697304021,0.002839564156375464,-0.24320013971866622,0.3613772939614167,-0.6919001052013681,1.0348085010219583,0.15578941869427332,1.575065838549261,2.392126637804941,1.5180860496706106,-1.1614162295949166,-0.9236391599815941,1.0392371573601007,0.0,0.0,0.0,0.0,0.0,0.0,0.0,0.0,0.0,0.0,0.0,0.0,9.0,9.0,9.0,9.0,9.0,9.0,6.0,6.0,6.0,6.0,6.0,6.0,-0.07333637776658608,43.34567621310564,10.768077603892086,0.16960147905354522,0.0009898855768522008,2.433995081985163e-05,1.2283668401658308
13.999999999999961,-0.14143743406882575,-0.5438041855744395,0.19020431558659473,0.01335621376931541,-0.009103968207102072,-0.0025212812160475386,-0.08786125479432173,0.022668904766359237,-0.008625601210617945,0.0,0.0,0.0,-0.1452133959841292,-0.5425945277247824,0.19271728306609537,0.023826275849567487,-0.009511184348778817,0.007389149127331871,-0.10218739780813735,0.0118782958499839,-0.08248019276396779,0.0,0.0,0.0,1.135794763488197,0.8266518920297615,1.5075402074691426,1.141250231615934,0.8669670289042701,1.6607157363349052,0.06723633165573004,-0.008076051372863784,0.1346344825564028,1.5223988591560234,2.4262805660965183,1.4682753695619681,-0.9948806749454988,-1.5001013837686055,1.2561066890004255,-0.0031159755769707294,-0.08289479746850059,0.09932053395412141,-0.35151040524882093,-0.18874398395590247,0.6065044955549294,-0.004894259208491813,-0.23584875904618724,0.3549351953274481,-0.7141898623558877,1.0751205915599014,0.09281394752725128,1.575065838549261,2.392126637804941,1.5180860496706106,-1.1614162295949166,-0.9236391599815941,1.0392371573601007,0.0,0.0,0.0,0.0,0.0,0.0,0.0,0.0,0.0,0.0,0.0,0.0,9.0,9.0,9.0,9.0,9.0,9.0,6.0,6.0,6.0,6.0,6.0,6.0,-0.08892294681944235,43.29137412427919,10.778322351185555,0.18317397347899794,0.0012402667689955793,1.5320487160408458e-05,0.8150327789091318
14.033333333333294,-0.14113579999513873,-0.5440627950664394,0.19011011410586612,0.01047952277321386,-0.008348065988857189,-0.002986348549086771,-0.08447856849126646,0.021869004680565896,-0.005074367577490063,0.0,0.0,0.0,-0.14450502015187722,-0.5429004392549956,0.1929016927728433,0.021759804402501134,-0.009305618591555768,0.005685070236878977,-0.10716387105047298,0.01454591838674979,-0.07503772207618109,0.0,0.0,0.0,1.1610714413164227,0.8326838481400849,1.5052025229753254,1.1670472347803147,0.8660912326653375,1.650848207680688,0.06716819016075012,-0.010842614124464035,0.1243180212347381,1.5222809369608838,2.4231837866977384,1.4721170473095755,-1.007662426416529,-1.504713383496543,1.2762208480659976,-0.0033971024284451994,-0.08956718713176089,0.1099403996035205,-0.3728051645035452,-0.1551546558773836,0.6044513464964156,-0.008433805544234098,-0.20017168989780876,0.31859596948197283,-0.638842777641729,1.007679842355566,-0.061594471755410204,1.575065838549261,2.392126637804941,1.5180860496706106,-1.1614162295949166,-0.9236391599815941,1.0392371573601007,0.0,0.0,0.0,0.0,0.0,0.0,0.0,0.0,0.0,0.0,0.0,0.0,9.0,9.0,9.0,9.0,9.0,9.0,6.0,6.0,6.0,6.0,6.0,6.0,-0.0874471971047488,43.282715547301805,10.793596033568141,0.19842806999009313,0.0011143555096423396,-5.060627015829322e-06,0.7960144514607516
14.066666666666627,-0.14093877453100212,-0.5442981455538168,0.1900011684094533,0.0074276675677146615,-0.007617800941203484,-0.003463185227659489,-0.0897580302750094,0.02054657922106605,-0.007475921475318446,0.0,0.0,0.0,-0.14387512063966545,-0.5431977272852373,0.1930316148820052,0.01942032868315055,-0.009049627424835605,0.004027580456441504,-0.11870211278997367,0.01667597681237787,-0.0720516462605243,0.0,0.0,0.0,1.1863439871413324,0.8388834780854979,1.5041785643050918,1.1926846273964484,0.8653835708564647,1.641618132692498,0.06648730232080072,-0.013353488026167686,0.11353913833919652,1.5221211444081193,2.4198758095747412,1.4762930550712603,-1.021163268325548,-1.508319537449129,1.296381474432262,-0.004328218531439884,-0.09601527150385931,0.12016695510153869,-0.39428522634823093,-0.12384129767751392,0.6046963094907599,-0.02793348308984054,-0.19344253116295285,0.3067966649405455,-0.6444018553405716,0.9394007459960906,0.007348889830329372,1.575065838549261,2.392126637804941,1.5180860496706106,-1.1614162295949166,-0.9236391599815941,1.0392371573601007,0.0,0.0,0.0,0.0,0.0,0.0,0.0,0.0,0.0,0.0,0.0,0.0,9.0,9.0,9.0,9.0,9.0,9.0,6.0,6.0,6.0,6.0,6.0,6.0,-0.12807783198965972,43.20658201712798,10.801167734601654,0.21371303803805278,0.0010409346149825582,2.4673900226312995e-06,0.6016776557729507
14.09999999999996,-0.1408450355428921,-0.5445095905569861,0.1898761849875163,0.004343999938804461,-0.006885647348967105,-0.003964948581304703,-0.09063259083456582,0.020318247713747597,-0.01019008792358547,0.0,0.0,0.0,-0.1433293533753686,-0.5434842896527606,0.1931080009591268,0.016895019341474544,-0.00873197870889667,0.002402014530381613,-0.12598469923055688,0.019320655962481226,-0.06981448176361571,0.0,0.0,0.0,1.2116396608752749,0.8454100247492706,1.504128271373106,1.2181910482486191,0.8649758787046921,1.6329909678211898,0.0653715391890404,-0.015674171193474952,0.10251269779243966,1.5218934620814852,2.416421199756979,1.4807064622211086,-1.035147699551673,-1.5111109852520364,1.3167269636417351,-0.005996386043159614,-0.10109728685653144,0.12832379469748031,-0.4111170333052435,-0.09710938861731985,0.6084752206863846,-0.0500450253515919,-0.15246046058016383,0.2447051878782491,-0.504954208710378,0.8019572718058223,0.11336733586873977,1.575065838549261,2.392126637804941,1.5180860496706106,-1.1614162295949166,-0.9236391599815941,1.0392371573601007,0.0,0.0,0.0,0.0,0.0,0.0,0.0,0.0,0.0,0.0,0.0,0.0,9.0,9.0,9.0,9.0,9.0,9.0,6.0,6.0,6.0,6.0,6.0,6.0,-0.16394243220713234,43.17859170017292,10.808309706104746,0.23049913773665284,0.0007442548020528683,1.567416273468014e-05,0.8158312743883032
14.133333333333294,-0.14083532128504775,-0.5446982387476728,0.18974281944189392,0.0016352240863713608,-0.006176256994594747,-0.004313974741758419,-0.07931966394545323,0.019611068907759505,-0.0073377649970498195,0.0,0.0,0.0,-0.14286451502683128,-0.5437586729647257,0.19313558404155237,0.01442584309738726,-0.008367788788741146,0.0009039146655087209,-0.12169850072589883,0.021220464115343063,-0.06307213158908231,0.0,0.0,0.0,1.2366902217975075,0.8520537425154131,1.504779196080481,1.2434572562280553,0.8648585821012401,1.6249182143012424,0.06394791475560618,-0.017649912332533026,0.0915289421130952,1.5215964239679927,2.412898750377279,1.4852611019389208,-1.0493800610325974,-1.5133332306254061,1.3369677783616594,-0.007939557617571693,-0.10414808321284083,0.13386739258873998,-0.42168624072023564,-0.07681470367316723,0.6076413679606135,-0.05829514723236238,-0.09152389068928198,0.16630793673778976,-0.3170762224497631,0.6088405483245786,-0.025015581773131935,1.575065838549261,2.392126637804941,1.5180860496706106,-1.1614162295949166,-0.9236391599815941,1.0392371573601007,0.0,0.0,0.0,0.0,0.0,0.0,0.0,0.0,0.0,0.0,0.0,0.0,9.0,9.0,9.0,9.0,9.0,9.0,6.0,6.0,6.0,6.0,6.0,6.0,-0.16352938336234357,43.18839091400777,10.819353318256411,0.24810967319164873,0.00019154398542875484,-2.7128072027648997e-06,0.7496967461696795
14.166666666666627,-0.1409071907652382,-0.5448668116659351,0.18959234366611735,-0.0009000760405172004,-0.0055311661789792,-0.004775924681518841,-0.07385552622465227,0.01773470536854461,-0.012312371069215433,0.0,0.0,0.0,-0.14248171598856493,-0.5440202529314639,0.19311326813187035,0.01193717577286326,-0.007980741802465214,-0.0006032560861545698,-0.1210945043497973,0.02197707774554125,-0.06292066198890778,0.0,0.0,0.0,1.261880114608588,0.858958485453601,1.5053574712189361,1.2686355453877491,0.865122565663481,1.6171036753773675,0.06237281519214699,-0.01959357881777477,0.08089150212103388,1.521155153664329,2.4093825112118643,1.489810665526928,-1.0635574076197651,-1.5155204173887538,1.3574755688751685,-0.011471925279128251,-0.10504081104590948,0.1356137359563939,-0.424109011983435,-0.06934863649134172,0.6127029329237184,-0.10597102984669672,-0.026781834992059713,0.052390301029617725,-0.07268313789598083,0.22398201545476518,0.15184694889314557,1.575065838549261,2.392126637804941,1.5180860496706106,-1.1614162295949166,-0.9236391599815941,1.0392371573601007,0.0,0.0,0.0,0.0,0.0,0.0,0.0,0.0,0.0,0.0,0.0,0.0,9.0,9.0,9.0,9.0,9.0,9.0,6.0,6.0,6.0,6.0,6.0,6.0,-0.24433262204090322,43.17531040817645,10.817130620829225,0.26549926795041007,-0.0007731679798473889,1.924683910545233e-05,1.087421017946065
14.19999999999996,-0.14104714163683144,-0.5450210453802686,0.1894195744593184,-0.003107491630243743,-0.005020991650450259,-0.0053631906574620365,-0.06361234713904369,0.01374431527171139,-0.017440574608857257,0.0,0.0,0.0,-0.142177310330193,-0.5442701825931108,0.19304013410298027,0.009540708666718994,-0.0076202956334692545,-0.002135205226036122,-0.11521395036586712,0.0203779813231435,-0.06353024142068886,0.0,0.0,0.0,1.2871151955774283,0.8662795317531653,1.5054351413191704,1.293728313220575,0.8658876055418978,1.6093202283348151,0.06083053195122223,-0.021520209521447002,0.0707082431357218,1.520562693744138,2.4059716777407383,1.4941855446305963,-1.0772619817092002,-1.5178877515156766,1.37829586605057,-0.01567317349686207,-0.10323027310449084,0.13270216072549684,-0.4154611524498448,-0.07046289470223614,0.6206402544826048,-0.1260374465320146,0.05431613824255933,-0.08734725692691113,0.2594357860077056,-0.03342774632683271,0.2381196467665941,1.575065838549261,2.392126637804941,1.5180860496706106,-1.1614162295949166,-0.9236391599815941,1.0392371573601007,0.0,0.0,0.0,0.0,0.0,0.0,0.0,0.0,0.0,0.0,0.0,0.0,9.0,9.0,9.0,9.0,9.0,9.0,6.0,6.0,6.0,6.0,6.0,6.0,-0.2596215247531787,43.19404535464873,10.811605088668385,0.2829400922541996,-0.0014690184245390592,3.113482448796612e-05,1.1972610253473295
14.233333333333293,-0.14123870082878892,-0.5451664267173136,0.1892156279568468,-0.004876208717477546,-0.004667726671236522,-0.006172308113239075,-0.049883046519460586,0.008935616279422461,-0.025353854107573452,0.0,0.0,0.0,-0.14194466788258545,-0.5445101635029733,0.192913798306061,0.007330103397217187,-0.007307956390023201,-0.0037321220801567537,-0.10497670405066417,0.017781286557525533,-0.06605650383939565,0.0,0.0,0.0,1.3125903500346916,0.8739001830380276,1.5050488317305726,1.3188338286635835,0.8671546823134357,1.6015251044369143,0.05918088705070355,-0.02343882567617214,0.060988813607870646,1.5198374098295304,2.402607130358846,1.498444778558445,-1.0906683118593332,-1.520516494762093,1.3994737312531018,-0.01973006945777236,-0.10170103867267366,0.1294187321321376,-0.40661365381927744,-0.0760624964957404,0.6304373888781721,-0.12170687882730871,0.0458770329545156,-0.09850285780077753,0.2654249589170197,-0.16798805380512777,0.29391403186701925,1.575065838549261,2.392126637804941,1.5180860496706106,-1.1614162295949166,-0.9236391599815941,1.0392371573601007,0.0,0.0,0.0,0.0,0.0,0.0,0.0,0.0,0.0,0.0,0.0,0.0,9.0,9.0,9.0,9.0,9.0,9.0,6.0,6.0,6.0,6.0,6.0,6.0,-0.24839018308766736,43.07495122603043,10.805838239825865,0.2982978582524109,-0.001887314392227779,3.811464671213405e-05,1.0500944028774375
14.266666666666627,-0.14146362422078695,-0.5453026684824736,0.18898892590055077,-0.006133559914673595,-0.004362130081341949,-0.0068911017866399695,-0.03405436336916909,0.007378451072684511,-0.023584133739360268,0.0,0.0,0.0,-0.14177473758992507,-0.5447400341341909,0.19273863165276325,0.005381754816044685,-0.006998739133930143,-0.0052253717243243986,-0.09125414105637031,0.01736226716775846,-0.0605397962557217,0.0,0.0,0.0,1.3380533729007777,0.8814860495960384,1.5044553246909997,1.3438727006869187,0.8688081535988963,1.5938112388560717,0.05735737847226942,-0.025104875982257507,0.0517616763935964,1.5190224652525879,2.3992635433954717,1.5026526755390415,-1.1039158670630507,-1.5233392190058448,1.4206241392834835,-0.02287558135811076,-0.10077208549171414,0.12729751698931124,-0.40048898868077387,-0.08180865037361185,0.6331539569003602,-0.09436535701015196,0.027868595428785718,-0.06363645428479008,0.18373995415510794,-0.1723846163361435,0.08149704066564345,1.575065838549261,2.392126637804941,1.5180860496706106,-1.1614162295949166,-0.9236391599815941,1.0392371573601007,0.0,0.0,0.0,0.0,0.0,0.0,0.0,0.0,0.0,0.0,0.0,0.0,9.0,9.0,9.0,9.0,9.0,9.0,6.0,6.0,6.0,6.0,6.0,6.0,-0.193457278772862,42.965511270508784,10.815468849505997,0.3138732606531198,-0.0020013027045674425,1.0567362206309605e-05,1.1004508969370397
14.29999999999996,-0.141704822729348,-0.5454324260231234,0.18872016877686515,-0.006878561568644833,-0.004126434784128927,-0.007964694627782732,-0.017957721756230047,0.0049562205130590795,-0.03480995048124198,0.0,0.0,0.0,-0.14165759761338176,-0.5449606096949785,0.19250868281687017,0.00372940533029843,-0.006711205576413587,-0.006856769553748582,-0.07611423708955645,0.01607045921849526,-0.06660713264961649,0.0,0.0,0.0,1.3637190156499326,0.889180063993328,1.5034677132754304,1.3689351993559276,0.8708901339067061,1.5861135458825153,0.05540216920173972,-0.026694571428575748,0.04304373634707996,1.518129388703142,2.395918919036941,1.5067902561973083,-1.116932918165428,-1.526488272809822,1.4419688387683114,-0.025486724774954558,-0.10048318233451474,0.12518411882844271,-0.3938373516078021,-0.09025062620408224,0.6379453086633406,-0.07833430250531398,0.008667094715982171,-0.06340194482605557,0.19954911218915336,-0.2532592749141119,0.14374055288941082,1.575065838549261,2.392126637804941,1.5180860496706106,-1.1614162295949166,-0.9236391599815941,1.0392371573601007,0.0,0.0,0.0,0.0,0.0,0.0,0.0,0.0,0.0,0.0,0.0,0.0,9.0,9.0,9.0,9.0,9.0,9.0,6.0,6.0,6.0,6.0,6.0,6.0,-0.16146766899508047,42.83216407785434,10.809913764841292,0.3289940830589831,-0.0022779238688206416,1.9386228583773146e-05,1.301928228966278
14.333333333333293,-0.14194370573135842,-0.5455546049310366,0.18839713168220343,-0.007080791801359695,-0.0038935803270946185,-0.009400992431337466,-0.0006941112480402028,0.0043224518672523166,-0.04595477660639158,0.0,0.0,0.0,-0.14158144226763922,-0.5451715161649626,0.19221859443437722,0.0024266429030741585,-0.006417360696180881,-0.008646829479335842,-0.058625680828279236,0.016131399730964446,-0.07358876863993435,0.0,0.0,0.0,1.3896325024240388,0.8968667144910271,1.5020085710633075,1.394068797503751,0.8733625787361332,1.5783825853438205,0.053313106408934594,-0.02819599807257017,0.034899510263543425,1.5171733672499028,2.3925431806667605,1.510873016629069,-1.1297176182167155,-1.5300870785808525,1.4634557827117063,-0.027616003989764472,-0.1010091615151142,0.12338324824469231,-0.38697311822834995,-0.10205965748863553,0.6423873150890094,-0.06387837644429746,-0.015779375417983958,-0.05402611751251224,0.20592700138356357,-0.3542709385365987,0.13326019277006126,1.575065838549261,2.392126637804941,1.5180860496706106,-1.1614162295949166,-0.9236391599815941,1.0392371573601007,0.0,0.0,0.0,0.0,0.0,0.0,0.0,0.0,0.0,0.0,0.0,0.0,9.0,9.0,9.0,9.0,9.0,9.0,6.0,6.0,6.0,6.0,6.0,6.0,-0.1350461730671425,42.691639633541115,10.806887096317023,0.3440694692068234,-0.0025880391700771055,1.8693976878175755e-05,1.176757828160921
14.366666666666626,-0.14217193840348707,-0.5456675929990877,0.18803376464378296,-0.006934976675030985,-0.0036283094713864617,-0.010676715505428386,0.010555151735248403,0.004818779642999135,-0.04111504373189689,0.0,0.0,0.0,-0.14153758814228676,-0.5453720861917679,0.19187367540503428,0.001400590616946427,-0.006105463739549751,-0.01032285585365521,-0.044830066942365576,0.01675514420884916,-0.06752287511534893,0.0,0.0,0.0,1.4153194414720767,0.9043440538409707,1.5003229361869526,1.4190912911766353,0.8761370922626078,1.5707099233357693,0.05115110075286017,-0.029335907436621688,0.027311451645796483,1.5161956030588508,2.389168906131776,1.514892887964283,-1.142210207604778,-1.533959042974345,1.4846434677833475,-0.028760618484295616,-0.10115521120472411,0.12152517611917606,-0.37884282717070145,-0.11145917369939763,0.6378828064624967,-0.03433843483593432,-0.0043814906882972526,-0.05574216376548746,0.24390873172945543,-0.2819854863228628,-0.1351352587953799,1.575065838549261,2.392126637804941,1.5180860496706106,-1.1614162295949166,-0.9236391599815941,1.0392371573601007,0.0,0.0,0.0,0.0,0.0,0.0,0.0,0.0,0.0,0.0,0.0,0.0,9.0,9.0,9.0,9.0,9.0,9.0,6.0,6.0,6.0,6.0,6.0,6.0,-0.06924557764944017,42.634934487685435,10.821212920648483,0.3598998732467095,-0.0024133147571964164,-1.4829319768372429e-05,1.3002937054585324
14.39999999999996,-0.14236970994083667,-0.5457712932302236,0.18761084583963872,-0.006276744021393341,-0.0033517926788952136,-0.012285483270125908,0.026922597194320084,0.004456677738098534,-0.05080528461404427,0.0,0.0,0.0,-0.14151285777528289,-0.5455620085557521,0.1914677202901638,0.0007564892098566359,-0.0057829783684866486,-0.012142032001855643,-0.026203314658983068,0.01702108898468424,-0.0737799596513069,0.0,0.0,0.0,1.440957989078186,0.9115059513854126,1.4983452180429406,1.4440410020223624,0.8791370470452952,1.5630784789920502,0.04886690730399127,-0.030225242855298814,0.02033282768815161,1.5152105651617378,2.385734254704254,1.5188947322829254,-1.1544876166807805,-1.5382471008907588,1.5055690787376936,-0.029287630770357762,-0.10241143228534894,0.12054527841257713,-0.3718291239102831,-0.12291421622807631,0.6311398212410879,-0.015810368581864374,-0.037686632418744766,-0.029396931197967578,0.21041109781254938,-0.3436512758603604,-0.20228955664226436,1.575065838549261,2.392126637804941,1.5180860496706106,-1.1614162295949166,-0.9236391599815941,1.0392371573601007,0.0,0.0,0.0,0.0,0.0,0.0,0.0,0.0,0.0,0.0,0.0,0.0,9.0,9.0,9.0,9.0,9.0,9.0,6.0,6.0,6.0,6.0,6.0,6.0,-0.038199385539331776,42.48290171803043,10.821297470987838,0.3743056850969958,-0.002572932450574217,-2.2797121818629584e-05,1.119309804815025
14.433333333333293,-0.14252436675956623,-0.5458643994081738,0.18712072623157627,-0.005194425763435977,-0.0030455354547999844,-0.01415220860871641,0.04080132195199626,0.0045717640378665995,-0.057943618667020795,0.0,0.0,0.0,-0.141495472400164,-0.5457407216597525,0.1909967496484374,0.0004736783854271119,-0.005444540020618721,-0.014084968089889448,-0.008790189274327176,0.017543963839926846,-0.07905126862777578,0.0,0.0,0.0,1.4664803589414137,0.9184701484281612,1.4958964011198275,1.4688933874570247,0.8823817914032839,1.5554068853205945,0.04658940731470021,-0.030923459287445037,0.013963289947539039,1.5142325222157627,2.3822704057915587,1.5228101927669562,-1.1663226756828373,-1.543007556812544,1.526256772672111,-0.029323402509624917,-0.10341412234901688,0.11849096915147546,-0.36064422134456603,-0.1361805238450647,0.6241338191020451,-0.001073152178014628,-0.03008070191003835,-0.06162927783305011,0.33554707697151237,-0.39798922850965157,-0.2101800641712824,1.575065838549261,2.392126637804941,1.5180860496706106,-1.1614162295949166,-0.9236391599815941,1.0392371573601007,0.0,0.0,0.0,0.0,0.0,0.0,0.0,0.0,0.0,0.0,0.0,0.0,9.0,9.0,9.0,9.0,9.0,9.0,6.0,6.0,6.0,6.0,6.0,6.0,-0.003410941478133367,42.396336565804965,10.821850159672369,0.3893076614554201,-0.0026631424911373047,-2.230372850314799e-05,1.230325709707728
14.466666666666626,-0.14264132433702006,-0.5459447068145727,0.18658351435590773,-0.004078831631277931,-0.0026837575675905815,-0.015702200485544326,0.04266703740235971,0.005657438903634503,-0.047864320588082515,0.0,0.0,0.0,-0.14148115404738917,-0.5459072146277262,0.19046876644238797,0.0003550899804887417,-0.005077740131906266,-0.01583903677862187,-0.0009658686807929584,0.018655866720989067,-0.06939624965588287,0.0,0.0,0.0,1.4916066644394306,0.9251846524921634,1.4932391025319933,1.4935239927544397,0.8858380936333363,1.5477835365165795,0.04432506136179186,-0.03128331819703997,0.00811344960034692,1.513284276490003,2.3788003945623024,1.526658713478266,-1.1777578136378488,-1.5480192256489358,1.5464911252128553,-0.028739382018401573,-0.10387159870146517,0.11646740394335406,-0.34891749954841517,-0.1456268846761874,0.6127316571822359,0.017520614736700343,-0.013724290573448802,-0.06070695624364213,0.3518016538845259,-0.2833908249336806,-0.3420648575942788,1.575065838549261,2.392126637804941,1.5180860496706106,-1.1614162295949166,-0.9236391599815941,1.0392371573601007,0.0,0.0,0.0,0.0,0.0,0.0,0.0,0.0,0.0,0.0,0.0,0.0,9.0,9.0,9.0,9.0,9.0,9.0,6.0,6.0,6.0,6.0,6.0,6.0,0.038665115345297374,42.34838680477577,10.842250051312634,0.40424957850315946,-0.0022218849757353887,-3.8289246079070693e-05,1.2563172582728166
14.49999999999996,-0.1427159329174003,-0.5460039494626451,0.18598060965017243,-0.002858778330362771,-0.0021367549807962574,-0.017526307425610854,0.04688778893259495,0.010481766654745856,-0.05560776364625121,0.0,0.0,0.0,-0.14146343990736857,-0.5460575150608427,0.18987825478231032,0.00042788577153808074,-0.004604192106203726,-0.017707329983588805,0.008057744914316878,0.02348935509886907,-0.07429196884923295,0.0,0.0,0.0,1.516777282249979,0.9318403380337749,1.4905430968138293,1.5180934012220018,0.8895592324038244,1.5402847840754215,0.04190873734587891,-0.03152572002541798,0.0026307973708367106,1.5123824826361654,2.3751968768558407,1.5305981949379146,-1.1891199095287865,-1.5532199477743784,1.566660626345093,-0.02761567108288808,-0.10669422036305633,0.11761209717408953,-0.343547751001558,-0.1525567374009151,0.6076339083721649,0.033711328065404764,-0.08467864984773452,0.03434079692206424,0.16109245640571584,-0.20789558174183165,-0.15293246430212953,1.575065838549261,2.392126637804941,1.5180860496706106,-1.1614162295949166,-0.9236391599815941,1.0392371573601007,0.0,0.0,0.0,0.0,0.0,0.0,0.0,0.0,0.0,0.0,0.0,0.0,9.0,9.0,9.0,9.0,9.0,9.0,6.0,6.0,6.0,6.0,6.0,6.0,0.05019208523951857,42.14058660909889,10.853607220293782,0.41750089080458447,-0.0018635708811297058,-1.2785834963169318e-05,1.4671816952161203
14.533333333333292,-0.1427573843334251,-0.546029341573729,0.18530747931045108,-0.0017873379958706134,-0.0012696665214632172,-0.019531459526082585,0.043700955947447745,0.019292616068790576,-0.06070331492166821,0.0,0.0,0.0,-0.1414413997791244,-0.5461849683277069,0.1892224362704414,0.0005530317645036291,-0.00394295796063176,-0.019664061876060273,0.010359952345592394,0.03212177782311265,-0.07791343664825501,0.0,0.0,0.0,1.5420241314283736,0.9386145778981813,1.4878004950023522,1.5426508740656013,0.893623289704581,1.532928183235558,0.03940323431235776,-0.03169547029840254,-0.0025347374775429735,1.5115193775144402,2.3714435990987046,1.5346501193288788,-1.2003740923536923,-1.5585402675594184,1.586899560202391,-0.02646732612879559,-0.11063029526374418,0.12024252021064763,-0.3395995734986342,-0.15725864150110705,0.6073233132700139,0.034450348622774664,-0.11808224702063584,0.07891269109674282,0.11844532508771456,-0.14105712300575826,-0.009317853064530514,1.575065838549261,2.392126637804941,1.5180860496706106,-1.1614162295949166,-0.9236391599815941,1.0392371573601007,0.0,0.0,0.0,0.0,0.0,0.0,0.0,0.0,0.0,0.0,0.0,0.0,9.0,9.0,9.0,9.0,9.0,9.0,6.0,6.0,6.0,6.0,6.0,6.0,0.039768555447049714,41.989817606490234,10.868761467212614,0.431882580990087,-0.001435234422617726,6.422770898295571e-06,1.2418001400550571
14.566666666666626,-0.142780996849464,-0.5460065601355822,0.1845654539681422,-0.001071209362019293,-4.6564445028079516e-06,-0.02157827262285947,0.034354231568806334,0.030334507274565246,-0.0620501377629549,0.0,0.0,0.0,-0.14141830002644296,-0.5462811666358843,0.1885010840221526,0.0006013999747203416,-0.0030367606760440488,-0.021639435016291658,0.006494142349961596,0.04338315692836581,-0.07818248531857996,0.0,0.0,0.0,1.5674074932175515,0.9454694745964609,1.4854811542619564,1.5672491327179097,0.8980246065112294,1.5259225757749533,0.03665402468797072,-0.0317046342371565,-0.007513616980236202,1.5107040729374634,2.367432865413791,1.539001890428379,-1.2119285540016724,-1.5637214640247648,1.6072183169018064,-0.025128533582470077,-0.11709143878619364,0.12711626206021967,-0.34428909079248143,-0.15604347647396413,0.608816238411648,0.04016377638976548,-0.19383430567348392,0.20621225548716088,-0.14068551881541821,0.036454950814287346,0.0447877542490247,1.575065838549261,2.392126637804941,1.5180860496706106,-1.1614162295949166,-0.9236391599815941,1.0392371573601007,0.0,0.0,0.0,0.0,0.0,0.0,0.0,0.0,0.0,0.0,0.0,0.0,9.0,9.0,9.0,9.0,9.0,9.0,6.0,6.0,6.0,6.0,6.0,6.0,0.024698446511947858,41.77720527961448,10.895464098798682,0.4456699494350299,-0.0006718403188435973,1.375636420422599e-05,1.2460133146334424
14.599999999999959,-0.1427964158876903,-0.5459403525511264,0.1837833062548513,-0.0006664577608862469,0.0013001723636776761,-0.023059592928901602,0.02582778240214329,0.030850310540468134,-0.04529335460598238,0.0,0.0,0.0,-0.1413967810426525,-0.54634493429714,0.18772588224817557,0.0005700277308470485,-0.002064103061492176,-0.023315215315795813,0.0025376006253243766,0.0460247515825003,-0.0633178642241079,0.0,0.0,0.0,1.5924382325812767,0.9523359942654667,1.4836704454482494,1.5916957821284485,0.9027376076315629,1.5193758791987735,0.03385363454428421,-0.03135850100296661,-0.012244271905964534,1.509942298251619,2.3632741876275873,1.5435521843903366,-1.2235874342567976,-1.5686101011785538,1.627269381073709,-0.023611671577711765,-0.1222040353194679,0.13337796659255624,-0.34794063536666664,-0.14978723523376947,0.6039600295752733,0.045505860142749356,-0.1533778959982275,0.18785113597009692,-0.10954633722555551,0.18768723720583996,-0.14568626509124144,1.575065838549261,2.392126637804941,1.5180860496706106,-1.1614162295949166,-0.9236391599815941,1.0392371573601007,0.0,0.0,0.0,0.0,0.0,0.0,0.0,0.0,0.0,0.0,0.0,0.0,9.0,9.0,9.0,9.0,9.0,9.0,6.0,6.0,6.0,6.0,6.0,6.0,0.04447034979543618,41.75515108145026,10.922688655545425,0.4605158763163709,1.9712779351310772e-05,-1.082980511837861e-05,0.9496036542477562
14.633333333333292,-0.1428184002755264,-0.5458142608398183,0.18295891103477185,-0.0006601519877044298,0.002952236266378267,-0.024394585867565818,0.01449169116226685,0.040682165236714356,-0.04151316946046299,0.0,0.0,0.0,-0.14138266343465342,-0.5463674011176086,0.18689891054039265,0.0003763021372695338,-0.0008526123346748907,-0.02489252232167534,-0.005299725164336522,0.056847773246177624,-0.05821239344444251,0.0,0.0,0.0,1.616919049488022,0.9592273801748048,1.4827046557827166,1.6158628669765969,0.90775678754852,1.5134834689879082,0.03098185705702554,-0.030581527503270305,-0.016805445484294423,1.5092439107176039,2.3589125552952193,1.5483953199000915,-1.2354861427012505,-1.5729474650111004,1.6469398580202903,-0.0218383078728739,-0.12796732508718175,0.14132203239261845,-0.3539543806779479,-0.1366763550621871,0.5947295487900454,0.05320091114513595,-0.1728986930314153,0.23832197400186614,-0.1804123593384375,0.3933264051474713,-0.27691442355683793,1.575065838549261,2.392126637804941,1.5180860496706106,-1.1614162295949166,-0.9236391599815941,1.0392371573601007,0.0,0.0,0.0,0.0,0.0,0.0,0.0,0.0,0.0,0.0,0.0,0.0,9.0,9.0,9.0,9.0,9.0,9.0,6.0,6.0,6.0,6.0,6.0,6.0,0.050112676436176506,41.6231643842116,10.948162961932141,0.47542735560113747,0.0008642162747131144,-2.7786488667302933e-05,1.0506106814183747
14.666666666666625,-0.14285419805598554,-0.5456289933068577,0.1821113067066523,-0.0009316898682635872,0.004707752088837819,-0.025295079906249577,0.006369713020103541,0.04344834245589259,-0.029236864556765715,0.0,0.0,0.0,-0.14137986946091383,-0.5463451640900174,0.18602947838266728,5.708067600315833e-05,0.0004819208706373315,-0.026214378067608388,-0.011287802143701509,0.062043316559137196,-0.0457063900728798,0.0,0.0,0.0,1.6404396307114972,0.9662479934951674,1.482747287820764,1.6395251107221005,0.9131231450706542,1.5083968696533718,0.028174473111284255,-0.029286137837874218,-0.021226162045165455,1.5086310616353353,2.3544168874767752,1.5534706043492978,-1.2474838416705643,-1.5764959069804059,1.6660414322993216,-0.019536417602995966,-0.1325691313979415,0.14861303311500026,-0.35793877294559134,-0.11652762440683666,0.58027466851064,0.06905670809633796,-0.1380541893227919,0.2187300216714542,-0.11953176802930413,0.6044619196605128,-0.4336464083821585,1.575065838549261,2.392126637804941,1.5180860496706106,-1.1614162295949166,-0.9236391599815941,1.0392371573601007,0.0,0.0,0.0,0.0,0.0,0.0,0.0,0.0,0.0,0.0,0.0,0.0,9.0,9.0,9.0,9.0,9.0,9.0,6.0,6.0,6.0,6.0,6.0,6.0,0.08947463504803682,41.57720831843702,10.970644529057163,0.49056775277136067,0.0016678807549440067,-4.787659906385633e-05,1.0704635767415815
14.699999999999958,-0.14290076595700812,-0.5454025677255474,0.1812683607502666,-0.001235897123344841,0.006132638563633678,-0.025491033450072823,0.004966765638641627,0.03353751869634268,-0.008723612784932892,0.0,0.0,0.0,-0.14138820797676488,-0.5462830285085184,0.18513270253553696,-0.00027580077042926984,0.0017101103227815406,-0.02710745951551382,-0.01188273403340423,0.05627525847518022,-0.02510862958180926,0.0,0.0,0.0,1.6626579411027422,0.9731686370207333,1.4837382569908628,1.662447075311603,0.9187490524256966,1.5041654260241994,0.025537217362696867,-0.02740136588677368,-0.025334165802069646,1.5081053808513418,2.349901765675278,1.5586530957440106,-1.259419725909201,-1.5792941681163752,1.684223744917151,-0.017025754880868875,-0.1344921464959223,0.15318750559925393,-0.3580306090879306,-0.09480776418833453,0.5570711418601375,0.07531988166381273,-0.05769045293942443,0.1372341745276099,-0.0027550842701780445,0.6515958065550637,-0.6961057995150763,1.575065838549261,2.392126637804941,1.5180860496706106,-1.1614162295949166,-0.9236391599815941,1.0392371573601007,0.0,0.0,0.0,0.0,0.0,0.0,0.0,0.0,0.0,0.0,0.0,0.0,9.0,9.0,9.0,9.0,9.0,9.0,6.0,6.0,6.0,6.0,6.0,6.0,0.12502172380499182,41.59545352349325,10.985532040249904,0.5047502258146921,0.001980540557850241,-8.29377184154989e-05,0.7165795586316269
14.733333333333292,-0.14296551203197722,-0.5451395754784645,0.1804436127860881,-0.0016998988198178517,0.007354507792167743,-0.02518299983343191,-0.0007149721153893937,0.027742932510343706,0.0057778984305768225,0.0,0.0,0.0,-0.14141140082860715,-0.5461825444399019,0.18422014054655897,-0.0007068772595630994,0.002882087585955765,-0.02763817412716274,-0.016494266208327613,0.052975573554043365,-0.007919564444481164,0.0,0.0,0.0,1.683170028215091,0.9801019320712018,1.4861713536704684,1.6843622997824828,0.9246554674971579,1.5010504739116601,0.023056777047119194,-0.02481242117396423,-0.02930197370228099,1.5077168541921888,2.3453735531109317,1.563968177693532,-1.2713877616663012,-1.5809197308438911,1.7013054665211893,-0.013445784810016431,-0.13539496678556623,0.15736414085684314,-0.3587042515046491,-0.06411384261309644,0.5273248127008135,0.10739910212557328,-0.027084608689317658,0.12529905772767663,-0.020209272501553535,0.920817647257143,-0.8923898747797183,1.575065838549261,2.392126637804941,1.5180860496706106,-1.1614162295949166,-0.9236391599815941,1.0392371573601007,0.0,0.0,0.0,0.0,0.0,0.0,0.0,0.0,0.0,0.0,0.0,0.0,9.0,9.0,9.0,9.0,9.0,9.0,6.0,6.0,6.0,6.0,6.0,6.0,0.1962466959200746,41.53557900515713,11.00035528177464,0.5182687427001516,0.0028134436237303717,-0.00010770072303814548,1.2423342379071547
14.766666666666625,-0.14305154149640695,-0.5448484577940149,0.17965188333043933,-0.0022802839342963913,0.00833563605924992,-0.024425079138839373,-0.005399261724840596,0.020879686924718352,0.01857953873424697,0.0,0.0,0.0,-0.14145237843195207,-0.5460467281278988,0.18330398698799513,-0.0012282121139298274,0.003967427717742261,-0.02780003183064185,-0.020674568665780768,0.04828001035078344,0.009375144272357971,0.0,0.0,0.0,1.702018694787478,0.9868604711745955,1.490451300613407,1.705173984617011,0.9307560234315878,1.499319035781514,0.020550932445638465,-0.021536313067681025,-0.03312793008519136,1.507480218093725,2.340783315820514,1.5695359482922495,-1.283803252400742,-1.5812429749415122,1.717203930364052,-0.009214650239281637,-0.1369364014035514,0.16381012559329922,-0.3678778985236935,-0.027836162823452866,0.4937442144241936,0.12693403712204385,-0.046243038539555414,0.19337954209368244,-0.2752094105713339,1.0883303936893072,-1.0074179482985994,1.575065838549261,2.392126637804941,1.5180860496706106,-1.1614162295949166,-0.9236391599815941,1.0392371573601007,0.0,0.0,0.0,0.0,0.0,0.0,0.0,0.0,0.0,0.0,0.0,0.0,9.0,9.0,9.0,9.0,9.0,9.0,6.0,6.0,6.0,6.0,6.0,6.0,0.2254981574886642,41.390681243919694,11.018862436088572,0.5304746282425331,0.003333093973532486,-0.00012250394691032396,1.0962566713118327
14.799999999999958,-0.14316382856019766,-0.5445327110671379,0.17890566097613297,-0.0030000478269641504,0.009161332156096647,-0.023280508227036024,-0.010924771823415712,0.016673430474118626,0.029507291481548986,0.0,0.0,0.0,-0.14151497700118923,-0.5458772157054294,0.1823957360292885,-0.0018620128814710352,0.004997325100434279,-0.027610287611286505,-0.025864248177328353,0.04513622830444319,0.02564846283721245,0.0,0.0,0.0,1.7191045251296155,0.9934499204942007,1.4969157342650339,1.72476105507693,0.9370246505249834,1.499234373999027,0.017974275172144644,-0.017588237406973933,-0.036862649695156804,1.507417147873829,2.336113946909251,1.5754243220606237,-1.2968886553914316,-1.5800619449185227,1.73187840928217,-0.004332954477684162,-0.13903284535977387,0.17237085056524884,-0.38433402598835975,0.014341879518638918,0.4580709831704236,0.14645087284792427,-0.06289331868667436,0.2568217491584888,-0.4936838239399871,1.2653412702627536,-1.0701969376131,1.575065838549261,2.392126637804941,1.5180860496706106,-1.1614162295949166,-0.9236391599815941,1.0392371573601007,0.0,0.0,0.0,0.0,0.0,0.0,0.0,0.0,0.0,0.0,0.0,0.0,9.0,9.0,9.0,9.0,9.0,9.0,6.0,6.0,6.0,6.0,6.0,6.0,0.254341528953317,41.24560158900395,11.036804081606494,0.5434259918024897,0.0038090456872776346,-0.0001305540973220165,1.1732239057171534
14.833333333333291,-0.14329540328390758,-0.5442026676804127,0.17821399164522392,-0.0036276391685828276,0.009721268192581244,-0.02182731363139552,-0.009497441219649974,0.009368084602976992,0.03846993794933182,0.0,0.0,0.0,-0.14159820773014253,-0.5456785546895753,0.18150534339890825,-0.0024868266627015244,0.005901185213643081,-0.02711137409885623,-0.025216264929204257,0.03868085048339509,0.03971852442167645,0.0,0.0,0.0,1.7344848449522174,0.9998266079784135,1.5051248114899445,1.743059302841547,0.9434264702123691,1.500735042645359,0.015470458788002003,-0.013187892302792433,-0.04030353136019285,1.5074996431487437,2.3314569067257436,1.581502634218513,-1.3103928589174605,-1.5776588676097805,1.745367172630655,0.00020558733906664902,-0.13948508545674176,0.17902319334620098,-0.3981954125167007,0.05284217268105764,0.4224655946931741,0.13615625450252433,-0.01356720290903694,0.1995702834285645,-0.41584159585022834,1.1550087948725616,-1.0681616543174854,1.575065838549261,2.392126637804941,1.5180860496706106,-1.1614162295949166,-0.9236391599815941,1.0392371573601007,0.0,0.0,0.0,0.0,0.0,0.0,0.0,0.0,0.0,0.0,0.0,0.0,9.0,9.0,9.0,9.0,9.0,9.0,6.0,6.0,6.0,6.0,6.0,6.0,0.246584195096274,41.183222991749965,11.039182242033425,0.5576838430301884,0.0034591139652226377,-0.00013263395699275593,0.6437403917560517
14.866666666666625,-0.14345349175261868,-0.5438577702767374,0.1775873307098945,-0.00436925960511344,0.010199222488133399,-0.020064949314040136,-0.014164666326368524,0.007806598122859859,0.04751413475283865,0.0,0.0,0.0,-0.1417058651668271,-0.5454516174158283,0.1806434698067459,-0.003208268110838618,0.006763571896857309,-0.02629145715407629,-0.029606063016107242,0.03633539332406066,0.05419749840831756,0.0,0.0,0.0,1.7482209591113125,1.0059651781955927,1.5149314825840843,1.760030251393252,0.9499279884018762,1.5037999384069294,0.01305187612672714,-0.00846155555226047,-0.04340012810702385,1.5077005076183205,2.3268452127059347,1.5877494520552278,-1.3242892947733844,-1.5741298821890184,1.757728206341658,0.004085818504557791,-0.1387289088817559,0.18461075451636147,-0.4106605212907107,0.0881937659755945,0.38804253911778325,0.11640693496473427,0.022685297249575805,0.16762683510481485,-0.37395326322029937,1.060547798836106,-1.0326916672617255,1.575065838549261,2.392126637804941,1.5180860496706106,-1.1614162295949166,-0.9236391599815941,1.0392371573601007,0.0,0.0,0.0,0.0,0.0,0.0,0.0,0.0,0.0,0.0,0.0,0.0,9.0,9.0,9.0,9.0,9.0,9.0,6.0,6.0,6.0,6.0,6.0,6.0,0.21524769012882444,41.09895153570824,11.045765191019017,0.572674147886603,0.003126942466450733,-0.0001308712683532054,0.7582848973038039
14.899999999999958,-0.14363185625000904,-0.5435041500635153,0.17703521278451115,-0.005024519887373765,0.010523016466922,-0.0180111238382552,-0.012713529498014242,0.0042216845949975355,0.05618847100363189,0.0,0.0,0.0,-0.14183686179063057,-0.5451994636394223,0.17982059079484894,-0.003915799056735331,0.007540520289009036,-0.025153655206572173,-0.02868801244405761,0.03193330347839485,0.06837214032467553,0.0,0.0,0.0,1.7602887472966375,1.011941774813015,1.5262750967435317,1.7756137058328851,0.9565371911389303,1.5084352311627918,0.010746286371793236,-0.003495318208808306,-0.046175458543253695,1.5080310340048435,2.322317907687951,1.5941298425954962,-1.3385233450687528,-1.5694812827505986,1.7690178619738925,0.007972467231978477,-0.13678906998692594,0.1891447289774861,-0.42156784633760286,0.1223699107602613,0.35514062568395316,0.11659946182262057,0.05819516684489858,0.1360192338337388,-0.32721975140676474,1.0252843435400039,-0.9870574030149025,1.575065838549261,2.392126637804941,1.5180860496706106,-1.1614162295949166,-0.9236391599815941,1.0392371573601007,0.0,0.0,0.0,0.0,0.0,0.0,0.0,0.0,0.0,0.0,0.0,0.0,9.0,9.0,9.0,9.0,9.0,9.0,6.0,6.0,6.0,6.0,6.0,6.0,0.2239637413997012,41.01625347989289,11.048031395153785,0.587616943249509,0.002800141908321563,-0.000126362452334855,0.985451502449196
14.933333333333291,-0.1438206303518286,-0.5431519445682272,0.17655689800329438,-0.005453709943182422,0.010589116218649986,-0.015867053442767787,-0.006954676971967705,-0.002403739859932544,0.05918930222020236,0.0,0.0,0.0,-0.1419873313250372,-0.5449274801059927,0.17904277221388926,-0.0045211922953567706,0.008165389033287,-0.023812497820786347,-0.023587818896028345,0.024419255918683547,0.07694778893499388,0.0,0.0,0.0,1.7706023734023582,1.0177923919517196,1.53879785811124,1.7897178705569354,0.9632554437541366,1.514519697590507,0.008693418350654823,0.001600664426981477,-0.048547758053975834,1.5084874373632422,2.3179561436457385,1.6005000446915687,-1.3527616427332898,-1.5638675191807112,1.7792259034150408,0.011785556245300366,-0.13283163750655563,0.19045228491394486,-0.425288568736605,0.15306524165116878,0.3225410373842846,0.11439267039965666,0.11872297441110927,0.03922667809376317,-0.11162167197006316,0.9208599267272244,-0.9779876489900577,1.575065838549261,2.392126637804941,1.5180860496706106,-1.1614162295949166,-0.9236391599815941,1.0392371573601007,0.0,0.0,0.0,0.0,0.0,0.0,0.0,0.0,0.0,0.0,0.0,0.0,9.0,9.0,9.0,9.0,9.0,9.0,6.0,6.0,6.0,6.0,6.0,6.0,0.23847065494257202,40.95971979240693,11.03287151964266,0.6025698805200876,0.002191302265011408,-0.00012676654648677288,0.92185818631678
14.966666666666624,-0.14401465882929368,-0.5428008044204281,0.17616031873571997,-0.005704232481473569,0.010575507702467082,-0.013536945011244464,-0.002427763204582584,-0.0036727916839118095,0.06503373736538802,0.0,0.0,0.0,-0.142154244582537,-0.544637534200865,0.17831903212101455,-0.005033023316112414,0.008719306343309474,-0.02220872626386052,-0.018961160436550717,0.020860569429586917,0.08826362714406244,0.0,0.0,0.0,1.7793508551900896,1.0235240953234819,1.552427260821538,1.8023688320673068,0.9700700514788698,1.5220067191421704,0.0068079063981301355,0.006698130032274491,-0.0505400634394538,1.5090657643190268,2.31375686683332,1.6068945498340668,-1.3671011510551223,-1.557378813526478,1.7884945830126402,0.015495057864127894,-0.12826274875055824,0.19137419782127596,-0.4285530226821854,0.18079586030172265,0.2928872710800796,0.11128504856482582,0.13706666267992226,0.027657387219932852,-0.09793361836741309,0.8319185595166163,-0.8896129891261486,1.575065838549261,2.392126637804941,1.5180860496706106,-1.1614162295949166,-0.9236391599815941,1.0392371573601007,0.0,0.0,0.0,0.0,0.0,0.0,0.0,0.0,0.0,0.0,0.0,0.0,9.0,9.0,9.0,9.0,9.0,9.0,6.0,6.0,6.0,6.0,6.0,6.0,0.23598146896790095,40.848656432118744,11.030613169987673,0.6172637660001904,0.001559158134733174,-0.00011642108637155424,1.016896968618655
14.999999999999957,-0.1442102559789047,-0.5424518651919219,0.1758456637008739,-0.005821530874438981,0.010510397960882899,-0.011145327772867242,0.0009484250654337419,-0.004163067860958668,0.06714105633248589,0.0,0.0,0.0,-0.14233489490700768,-0.544331496709978,0.17765539070363165,-0.005460935549993464,0.009214255618839753,-0.020411094351952607,-0.014851900150508524,0.017918096467363753,0.09619729617465111,0.0,0.0,0.0,1.7865176009431312,1.0292608997005759,1.5672526222678416,1.813538396546509,0.9770168796383095,1.530928425455508,0.005059051330667915,0.011769798472372873,-0.05225696232658716,1.509787120864509,2.3097119524740295,1.6133348112274255,-1.3815823620588417,-1.5499208858393705,1.7969144916754716,0.019592150197684552,-0.1236525367693253,0.192596627140934,-0.43247522763511514,0.2094238405093882,0.2660272636166563,0.1229127700066997,0.138306359436988,0.036672879589741615,-0.11766614858789215,0.8588394062299662,-0.8058002239027003,1.575065838549261,2.392126637804941,1.5180860496706106,-1.1614162295949166,-0.9236391599815941,1.0392371573601007,0.0,0.0,0.0,0.0,0.0,0.0,0.0,0.0,0.0,0.0,0.0,0.0,9.0,9.0,9.0,9.0,9.0,9.0,6.0,6.0,6.0,6.0,6.0,6.0,0.2564099517919167,40.71416331417643,11.025236834338111,0.6315258695497667,0.0011370016217640555,-0.00010545961703464779,1.3320153300333253
15.03333333333329,-0.14440079046837728,-0.542112043887131,0.17560258048060548,-0.0057607527996228845,0.010293100697342596,-0.008936062189886391,0.0058356589396094,-0.007780728724503075,0.06207380118738552,0.0,0.0,0.0,-0.14252512750212729,-0.5440138052907598,0.17705232263095888,-0.0057689586593590815,0.009585689392069606,-0.018573188792796156,-0.009082197087929789,0.011941902408931782,0.09675450355751414,0.0,0.0,0.0,1.792403759033547,1.0348787277459575,1.5828493855597106,1.823322839459584,0.9840368304360791,1.5411098221695279,0.003458940058785118,0.016622589504119795,-0.05355561786350571,1.5106122551007635,2.30583882318738,1.619756536499562,-1.3960907870695076,-1.541842910584646,1.8046065242376976,0.023033401457649177,-0.11868009798942591,0.192633381156372,-0.43432690942502195,0.2313674519309478,0.24251640578340938,0.1032375377989388,0.1491731633969818,0.0011026204631393848,-0.05555045369720328,0.6583083426467882,-0.7053257349974078,1.575065838549261,2.392126637804941,1.5180860496706106,-1.1614162295949166,-0.9236391599815941,1.0392371573601007,0.0,0.0,0.0,0.0,0.0,0.0,0.0,0.0,0.0,0.0,0.0,0.0,9.0,9.0,9.0,9.0,9.0,9.0,6.0,6.0,6.0,6.0,6.0,6.0,0.22210611822059312,40.574062058080614,11.00345619348016,0.6449839623004213,9.254003812925182e-05,-9.450940289085219e-05,0.821355451645341
15.066666666666624,-0.14458447371745997,-0.5417813399980438,0.17542933092427732,-0.005604562336082006,0.010025648042647706,-0.006841070607045482,0.008382895128656658,-0.00852081758195428,0.05873808732521048,0.0,0.0,0.0,-0.1427222674070848,-0.5436866612116213,0.17651256297894613,-0.005990042795543,0.009881872121497,-0.016659373654578712,-0.004950290691090764,0.008335369515600988,0.09902834824702733,0.0,0.0,0.0,1.7970730255012328,1.0402562428289361,1.5997273750123095,1.8317655048429653,0.9910542243522145,1.5527242852763283,0.001778073319277108,0.021361932096078427,-0.054581901862620706,1.5115735014795801,2.302039850938218,1.6263409236069064,-1.4111008726231267,-1.5329510212426904,1.8115724820510095,0.02690272806221699,-0.11553947764638883,0.19589886919900956,-0.4449773475473901,0.25496027081609857,0.22015795819404038,0.11607979813703438,0.09421861029111256,0.09796464127912702,-0.3195131436710454,0.7077845665545235,-0.6707534276810703,1.575065838549261,2.392126637804941,1.5180860496706106,-1.1614162295949166,-0.9236391599815941,1.0392371573601007,0.0,0.0,0.0,0.0,0.0,0.0,0.0,0.0,0.0,0.0,0.0,0.0,9.0,9.0,9.0,9.0,9.0,9.0,6.0,6.0,6.0,6.0,6.0,6.0,0.22581452832376303,40.354607227309174,10.99996661882505,0.6574898614334569,-0.0004071495071324982,-9.042262290551162e-05,1.5671193198094044
15.099999999999957,-0.14475606904354688,-0.5414609143604089,0.1753223870285992,-0.005311292199490721,0.009718002777943022,-0.004847593589370778,0.012293124934761753,-0.009055875293609579,0.05606325180752046,0.0,0.0,0.0,-0.14292231105679326,-0.5433524208487227,0.17603723370254795,-0.0060947664364464724,0.010105985172907426,-0.014706053845902178,0.0005326208777005625,0.004923602413965611,0.09956998157349117,0.0,0.0,0.0,1.8003966146465766,1.0454582606696992,1.617563391824244,1.8388134059949104,0.9980582756567953,1.5656730772483154,0.0002118671502925832,0.025934465917321674,-0.05528921576845857,1.512666118400293,2.2983793850563967,1.6329664803852524,-1.4262692166481266,-1.523341684215689,1.817787314733472,0.03081991443499959,-0.11172247685188143,0.19781075863325523,-0.4516926630157928,0.2771734974787286,0.19768263971392808,0.11751559118347797,0.1145100238352221,0.05735668302737025,-0.20145946405208068,0.6663967998789013,-0.6742595544033694,1.575065838549261,2.392126637804941,1.5180860496706106,-1.1614162295949166,-0.9236391599815941,1.0392371573601007,0.0,0.0,0.0,0.0,0.0,0.0,0.0,0.0,0.0,0.0,0.0,0.0,9.0,9.0,9.0,9.0,9.0,9.0,6.0,6.0,6.0,6.0,6.0,6.0,0.23386776699148593,40.2440756294123,10.97849501701227,0.6718522086451156,-0.001205689938240273,-9.140275962954414e-05,1.1521415015924068
15.13333333333329,-0.14491236183449083,-0.5411535688598862,0.17527533297798686,-0.004907165125908632,0.009342428257982581,-0.00299769225972477,0.015452678257394322,-0.01052852217707944,0.05233250746718149,0.0,0.0,0.0,-0.1431217121964252,-0.5430141696613905,0.1756256559035239,-0.0060906185755948,0.010239678611290281,-0.012765170774382679,0.005595108400263893,0.000678852196303481,0.09766069152644974,0.0,0.0,0.0,1.8022763132222204,1.0503484220881945,1.6358751164914445,1.844401838717788,1.0049632372363448,1.5797307685824178,-0.0010681607422132894,0.03029813259126738,-0.05553294580889422,1.5138602296278776,2.2949323076011123,1.6394737473941288,-1.4411775388754111,-1.5132552879655952,1.823102385739302,0.0341555293633592,-0.10618237472298175,0.19608225972194332,-0.44873066555095553,0.29411909082812254,0.17219563335457702,0.10006844785078843,0.1662030638669902,-0.05185496733935712,0.08885992394511898,0.5083678004818175,-0.7646101907805314,1.575065838549261,2.392126637804941,1.5180860496706106,-1.1614162295949166,-0.9236391599815941,1.0392371573601007,0.0,0.0,0.0,0.0,0.0,0.0,0.0,0.0,0.0,0.0,0.0,0.0,9.0,9.0,9.0,9.0,9.0,9.0,6.0,6.0,6.0,6.0,6.0,6.0,0.2185943912493738,40.17229548880632,10.9430047648922,0.6864371867275084,-0.002337969063125056,-0.00010410420849232827,0.9773686435465141
15.166666666666623,-0.14505276374978046,-0.5408644800643926,0.17527580827848194,-0.004453351661734613,0.008843887384126255,-0.0014285918845113722,0.0167769016569097,-0.013809202942645194,0.04447331111457004,0.0,0.0,0.0,-0.14331805713136575,-0.5426762661548581,0.1752740186190898,-0.006008018441262861,0.01024735069000769,-0.010925365108915445,0.009152343747561353,-0.005210714308075737,0.0915828717386793,0.0,0.0,0.0,1.8028750565811043,1.05486677750508,1.6543123445111219,1.848574637841663,1.0116967837336717,1.594672423194543,-0.002045320874691626,0.03434115188212641,-0.05528100056689511,1.515123587175051,2.2917190783850883,1.6457778649815613,-1.4556354644724396,-1.502917059417309,1.8275707202311526,0.03665232739792418,-0.09965870922814442,0.19144310498929729,-0.43873540045755666,0.30480426790843407,0.14676523428853921,0.07490394103694936,0.19570996484512024,-0.13917464197938118,0.29985795280196637,0.320555312409345,-0.7629119719811339,1.575065838549261,2.392126637804941,1.5180860496706106,-1.1614162295949166,-0.9236391599815941,1.0392371573601007,0.0,0.0,0.0,0.0,0.0,0.0,0.0,0.0,0.0,0.0,0.0,0.0,9.0,9.0,9.0,9.0,9.0,9.0,6.0,6.0,6.0,6.0,6.0,6.0,0.18329561025028396,40.06196299449348,10.901869167164577,0.6995013429802532,-0.00357316239557931,-0.00010479773945271109,0.8186737045512834
15.199999999999957,-0.14517736623798105,-0.5405964577730705,0.17532129208496156,-0.003984553908606636,0.008242273150797605,1.3709009436646113e-06,0.01708076679728196,-0.016690036214097755,0.040797359501965384,0.0,0.0,0.0,-0.1435095092984724,-0.5423423699615504,0.17498153473506345,-0.005866422111854076,0.010141818866643598,-0.009121581052996567,0.01174506163195499,-0.010422547042331587,0.08869862296588682,0.0,0.0,0.0,1.801710424128769,1.0589120342984544,1.6730647987705853,1.8511290195464096,1.0181732139203028,1.610496486143466,-0.0026784944642837035,0.03831051265874956,-0.05461477894627101,1.5164918340378812,2.2887588326056583,1.6518346369660728,-1.4694869639786474,-1.4920885182213712,1.83084854869217,0.03958237972257881,-0.09242448533131398,0.184949808019995,-0.42327512361000524,0.31817224655489584,0.11447831398319325,0.08790156973963892,0.2170267169049134,-0.1947989090790688,0.46380830542654244,0.4010393593938537,-0.9686076091603789,1.575065838549261,2.392126637804941,1.5180860496706106,-1.1614162295949166,-0.9236391599815941,1.0392371573601007,0.0,0.0,0.0,0.0,0.0,0.0,0.0,0.0,0.0,0.0,0.0,0.0,9.0,9.0,9.0,9.0,9.0,9.0,6.0,6.0,6.0,6.0,6.0,6.0,0.21579557689370604,39.96507997214543,10.86801007734069,0.7123425670756094,-0.004214823355824848,-0.0001291892151407681,1.528644927528179
15.23333333333329,-0.1452863840566881,-0.5403546509720235,0.1754079749146399,-0.0035143116352321993,0.007500364862078031,0.0013146012537417788,0.017001903939368117,-0.020760397746452667,0.0378172934106401,0.0,0.0,0.0,-0.14369451963748836,-0.5420172438312152,0.1747469931751848,-0.0056761646876148705,0.009896506284398088,-0.0073550852158073415,0.01381952567039102,-0.0168406315483427,0.08581209266295664,0.0,0.0,0.0,1.798634049034532,1.0623220965470224,1.6920409932596827,1.8519420409816114,1.0242709351827315,1.6271269095067848,-0.002951622671321194,0.04223888072466422,-0.05350968715933088,1.5179617910495913,2.2860760093400883,1.6575795152409991,-1.4825728543520973,-1.4807897682345097,1.8327439421684968,0.04259326680839265,-0.08446462708850525,0.17654750150519272,-0.4028095153390005,0.3320324152555329,0.07606730752093557,0.09032661257441528,0.23879574728426203,-0.2520691954440684,0.6139682481301417,0.41580506101911113,-1.1523301938677302,1.575065838549261,2.392126637804941,1.5180860496706106,-1.1614162295949166,-0.9236391599815941,1.0392371573601007,0.0,0.0,0.0,0.0,0.0,0.0,0.0,0.0,0.0,0.0,0.0,0.0,9.0,9.0,9.0,9.0,9.0,9.0,6.0,6.0,6.0,6.0,6.0,6.0,0.22903304652394402,39.87252571368051,10.832427893602338,0.7242188924674594,-0.005056732542977338,-0.0001512010312216816,1.2332660858700333
15.266666666666623,-0.14537967205814112,-0.5401441013712127,0.17553479967152374,-0.0030397742851209046,0.006609065867470557,0.0025714030075647347,0.017058625201566622,-0.025157570243673703,0.036612728918658924,0.0,0.0,0.0,-0.143871551312911,-0.5417059522851511,0.17457010142143758,-0.005439107900643153,0.009499707896001769,-0.005602290331182226,0.015785631700732772,-0.023744148975740842,0.0841047909235022,0.0,0.0,0.0,1.79366170236912,1.065104185642905,1.7111286461248547,1.8509672140454356,1.0299276919395102,1.6444654270577828,-0.0028794262121288727,0.046071726844912855,-0.05201913790839939,1.5195294652318894,2.283689457194091,1.6629665763486985,-1.4947895477364581,-1.4690497882688103,1.833264855306151,0.04555123924875938,-0.07588591861611982,0.16659038932238768,-0.3786037061335516,0.3454770710658316,0.03577403192672761,0.0887391732110019,0.2573612541715627,-0.2987133654841512,0.7261742761634674,0.40333967430896145,-1.208798267826239,1.575065838549261,2.392126637804941,1.5180860496706106,-1.1614162295949166,-0.9236391599815941,1.0392371573601007,0.0,0.0,0.0,0.0,0.0,0.0,0.0,0.0,0.0,0.0,0.0,0.0,9.0,9.0,9.0,9.0,9.0,9.0,6.0,6.0,6.0,6.0,6.0,6.0,0.23377993019217747,39.784425948890274,10.798893298295846,0.7351430099916488,-0.0060115017621625855,-0.0001565514093922471,0.9787137219270002
15.299999999999956,-0.14545828434993488,-0.5399634401667316,0.1756911420277867,-0.0025842078180682675,0.005700906054158724,0.0036015361880816963,0.016434448745687412,-0.025596842241280716,0.030228973206014913,0.0,0.0,0.0,-0.14403964501174937,-0.5414110898384127,0.1744464056434905,-0.005170466244038181,0.009013573733088287,-0.003967231737506045,0.017009684211721332,-0.027614426605596876,0.07748869990645657,0.0,0.0,0.0,1.787242261417833,1.0672868982054682,1.7300216416532863,1.848362024598367,1.0351007914324821,1.6623166755624064,-0.002536717481245865,0.04958268949250601,-0.050158086951281426,1.5211529571117999,2.2815755247653757,1.667993483146817,-1.5061443606810725,-1.4571314770571355,1.832676745343522,0.04765358401446417,-0.06757395477968256,0.1560682657364988,-0.3532974942701409,0.35352524792210505,0.0001624780563310238,0.06307034297114379,0.24935891509311772,-0.31566370757666623,0.7591863559023216,0.24144530568820344,-1.0683466161118975,1.575065838549261,2.392126637804941,1.5180860496706106,-1.1614162295949166,-0.9236391599815941,1.0392371573601007,0.0,0.0,0.0,0.0,0.0,0.0,0.0,0.0,0.0,0.0,0.0,0.0,9.0,9.0,9.0,9.0,9.0,9.0,6.0,6.0,6.0,6.0,6.0,6.0,0.18598481392935517,39.65219941337268,10.765768018480554,0.7445822832079194,-0.007345846973057513,-0.00013845157795189245,0.5581414612609297
15.33333333333329,-0.14552240951689824,-0.5398184613478006,0.17588114260121096,-0.0021377587768543413,0.004662789016217436,0.004635398065333636,0.016211842325703968,-0.029601543876800224,0.03064792823075676,0.0,0.0,0.0,-0.14419771707690957,-0.5411374208750908,0.17437656753220696,-0.004869289647433179,0.008391266480411642,-0.0023330732248297613,0.018270050140295258,-0.033675152450102885,0.07653136360420021,0.0,0.0,0.0,1.7787418595441058,1.0686707649222422,1.7490477359577408,1.8438801665710278,1.0396685976700226,1.6807423087971898,-0.0018983013817889232,0.05313141738050341,-0.04798730148337602,1.5228823440661072,2.279760246354892,1.6726251616120666,-1.5165099943010678,-1.4446976136044871,1.8304924701494887,0.050472267090969775,-0.058830219802896364,0.1446563245504936,-0.32507850382328635,0.36651901836033834,-0.04363134452855562,0.0845604922951682,0.262312049303586,-0.3423582355801561,0.8465697134056365,0.3898131131469987,-1.3138146775465993,1.575065838549261,2.392126637804941,1.5180860496706106,-1.1614162295949166,-0.9236391599815941,1.0392371573601007,0.0,0.0,0.0,0.0,0.0,0.0,0.0,0.0,0.0,0.0,0.0,0.0,9.0,9.0,9.0,9.0,9.0,9.0,6.0,6.0,6.0,6.0,6.0,6.0,0.23081838012890854,39.5856007045602,10.737385573260983,0.7540163349895902,-0.007993167619107344,-0.00016613792335812283,1.537796005405893
15.366666666666623,-0.14557364296835026,-0.5397109825507534,0.17610515768482018,-0.0017248274013242082,0.003537421781177614,0.005674844273416826,0.015417827793576712,-0.032362957940936,0.03108524887042736,0.0,0.0,0.0,-0.14434530984205016,-0.5408886055862538,0.17436048235488305,-0.0045516228299717736,0.007654409687994803,-0.0007022616170476528,0.018757790410018238,-0.0386433978418399,0.07548750528332704,0.0,0.0,0.0,1.7677003853307327,1.068912911172026,1.7683546382004844,1.8372547633937755,1.0434238118300012,1.6997883014525073,-0.0009627824186014267,0.056922305235898536,-0.045460735404747904,1.5247378215485,2.27826237431053,1.6768248772237115,-1.5257479009138706,-1.4315893402868853,1.8262329298339333,0.053933638678173544,-0.04956751415487704,0.1322130870830612,-0.29311763353048514,0.38433847247214564,-0.09973458782062852,0.10384114761611304,0.27788116944057967,-0.37329712402297216,0.958826108784037,0.5345836233542193,-1.683097298762187,1.575065838549261,2.392126637804941,1.5180860496706106,-1.1614162295949166,-0.9236391599815941,1.0392371573601007,0.0,0.0,0.0,0.0,0.0,0.0,0.0,0.0,0.0,0.0,0.0,0.0,9.0,9.0,9.0,9.0,9.0,9.0,6.0,6.0,6.0,6.0,6.0,6.0,0.2720774704737391,39.53312904086238,10.709680385836071,0.7627925931274238,-0.00868854281524123,-0.0002096806867889489,1.6792706459041769
15.399999999999956,-0.14561425706511683,-0.5396357530417951,0.176351477267742,-0.0013681627072538553,0.0024944029718926186,0.006489703013180628,0.013959272890546971,-0.02994749149908558,0.024639821812509448,0.0,0.0,0.0,-0.14448241644069193,-0.5406652807398535,0.17439259548283098,-0.004231500026634447,0.006884391073810369,0.000783988842935569,0.01857794011257674,-0.039689588123897224,0.06775437525825234,0.0,0.0,0.0,1.754703041513588,1.0681698427380308,1.7874145755043194,1.8286382415711047,1.0463312664108577,1.7192091152671993,0.00025394654041779527,0.06055777853984592,-0.04259694031919393,1.5266580794977092,2.277073868061986,1.6805502434233885,-1.5337393851481325,-1.418180328278753,1.8202904060465661,0.05638303854357956,-0.04029262968917423,0.11857835302122623,-0.2575355625287313,0.39629306432002687,-0.1520953383542211,0.07348199596218041,0.2782465339710843,-0.40904202185504945,1.0674621300526164,0.3586377554364366,-1.5708225160077771,1.575065838549261,2.392126637804941,1.5180860496706106,-1.1614162295949166,-0.9236391599815941,1.0392371573601007,0.0,0.0,0.0,0.0,0.0,0.0,0.0,0.0,0.0,0.0,0.0,0.0,9.0,9.0,9.0,9.0,9.0,9.0,6.0,6.0,6.0,6.0,6.0,6.0,0.2195884517987945,39.44187594072039,10.67529249029721,0.7698480564091855,-0.010166133825251833,-0.00019378615668280696,0.5043683987786045
15.43333333333329,-0.1456500494957705,-0.5395952062238751,0.17662150690717926,-0.0011445646080577299,0.0014208993881185458,0.007255694770962108,0.010395639039981697,-0.031094910310090176,0.023350639015644027,0.0,0.0,0.0,-0.14461087775230994,-0.5404700600394423,0.17447163762120813,-0.00395876055325388,0.006042195480313029,0.002215541623759998,0.016034663264146598,-0.04259063675282526,0.06440656153121971,0.0,0.0,0.0,1.7389520094015176,1.065986703938492,1.8064520862768032,1.8176902613892703,1.048147772729183,1.73902489737661,0.00180501557324151,0.06446823252325336,-0.03933073563244688,1.5286748760662425,2.276239495743561,1.6837173346974772,-1.5401924943356515,-1.4041814478645016,1.811908138555858,0.059130277551857506,-0.03011832293155766,0.1028679431555158,-0.214907371259961,0.41207529639170326,-0.2183437959322384,0.08241717024833846,0.3052292027284971,-0.4713122959713129,1.2788457380631078,0.47346696215029216,-1.9874537273405188,1.575065838549261,2.392126637804941,1.5180860496706106,-1.1614162295949166,-0.9236391599815941,1.0392371573601007,0.0,0.0,0.0,0.0,0.0,0.0,0.0,0.0,0.0,0.0,0.0,0.0,9.0,9.0,9.0,9.0,9.0,9.0,6.0,6.0,6.0,6.0,6.0,6.0,0.24701750472791884,39.42212985459648,10.642520907111646,0.7767646410249255,-0.010975976677756683,-0.00024172598832883363,1.8879604983690972
15.466666666666622,-0.1456902312801346,-0.5395864955380424,0.17690745267649124,-0.0011476766893581195,0.0003859727819986655,0.007846430025566509,0.004148023938606117,-0.03021261612090723,0.018273778519210457,0.0,0.0,0.0,-0.14473455440677443,-0.5403037112671853,0.17459302511156877,-0.0037929896277863694,0.005169757103477266,0.003520100711167317,0.01069212846299017,-0.043472603211426986,0.0576734650705899,0.0,0.0,0.0,1.7202358990975326,1.0625122427258487,1.8253629075785478,1.8042126799058824,1.0488320496920354,1.7591589742026383,0.0037350477003653924,0.06861754253496591,-0.03578243512019878,1.5307864280071415,2.2757841043102,1.6862442004568707,-1.5448042148561503,-1.3894813493948908,1.8010260315469944,0.06194113133526367,-0.01914726964441775,0.08482662957304507,-0.16387020082996148,0.43136040152278776,-0.2904234054880172,0.08432561350218487,0.32913159861419733,-0.5412394074741219,1.531115112899986,0.5785531539325346,-2.162388286673364,1.575065838549261,2.392126637804941,1.5180860496706106,-1.1614162295949166,-0.9236391599815941,1.0392371573601007,0.0,0.0,0.0,0.0,0.0,0.0,0.0,0.0,0.0,0.0,0.0,0.0,9.0,9.0,9.0,9.0,9.0,9.0,6.0,6.0,6.0,6.0,6.0,6.0,0.26129711976837866,39.40431856275286,10.607397493326355,0.7823919340905588,-0.011815288181804273,-0.00025669137915340645,1.427912133422278
15.499999999999956,-0.14574316858869701,-0.539604036827079,0.17719898157850955,-0.0013913009011822172,-0.0005281541540020024,0.008155659542829336,-0.002534905784707565,-0.026795719508729277,0.010013910566355732,0.0,0.0,0.0,-0.1448577934934902,-0.5401653692493028,0.17475037961469397,-0.0037555684750560747,0.004315509856341699,0.004640597496974705,0.004400787530681516,-0.04205067655285255,0.048318792525560816,0.0,0.0,0.0,1.6989271899370553,1.0580003020141187,1.8444490511476137,1.7882658493589632,1.0484437139093585,1.7796942933415791,0.005763527928919564,0.07280770813110692,-0.032211376465273174,1.53299287836757,2.2756071291475815,1.6883013817476498,-1.5479874889689171,-1.3739627156251062,1.7880765980123674,0.06477605098699048,-0.00992192646717151,0.06941916900659928,-0.11828888253199163,0.4541594759032854,-0.3557964725218784,0.08504758955180418,0.27676029531738716,-0.4622238169933738,1.3674395489390956,0.6839722314149297,-1.9611920110158363,1.575065838549261,2.392126637804941,1.5180860496706106,-1.1614162295949166,-0.9236391599815941,1.0392371573601007,0.0,0.0,0.0,0.0,0.0,0.0,0.0,0.0,0.0,0.0,0.0,0.0,9.0,9.0,9.0,9.0,9.0,9.0,6.0,6.0,6.0,6.0,6.0,6.0,0.244901233153196,39.28819878631505,10.597578939401167,0.7847721532236612,-0.012683894422440556,-0.00022895831011354728,0.8392327860736059
15.533333333333289,-0.14580725337818337,-0.5396419122408139,0.17748855444372535,-0.001684045929068262,-0.0012722505803821008,0.008228412340502589,-0.0036988459511327282,-0.02176420577440366,0.0032717481231038653,0.0,0.0,0.0,-0.14498119382640964,-0.540053462005649,0.1749371842464693,-0.003752741602699152,0.003504897984271499,0.0055650485204131244,0.0026492436962919363,-0.039446170861888064,0.03851714618909874,0.0,0.0,0.0,1.675709984511882,1.0528412282701938,1.862928373082882,1.7701140057823135,1.0471156281039395,1.8002853194538277,0.008025789929824449,0.07660001482127213,-0.02858652685742641,1.5352217410637514,2.2757403789288126,1.6897743256233766,-1.549434027263795,-1.3581212362154294,1.7735779817831758,0.06616927091929543,-0.0006423131977613301,0.052598600516732555,-0.0683603934082243,0.4682160801613013,-0.40857114875779205,0.04179659796914858,0.2783883980823054,-0.5046170546960018,1.49785467371302,0.4216981277404762,-1.583240287077409,1.575065838549261,2.392126637804941,1.5180860496706106,-1.1614162295949166,-0.9236391599815941,1.0392371573601007,0.0,0.0,0.0,0.0,0.0,0.0,0.0,0.0,0.0,0.0,0.0,0.0,9.0,9.0,9.0,9.0,9.0,9.0,6.0,6.0,6.0,6.0,6.0,6.0,0.17120812759288506,39.24138214768601,10.566228574643594,0.7864745157965923,-0.014498206011218151,-0.00017631856969452242,0.6391873935931219
15.566666666666622,-0.14588386244813914,-0.5396975748526093,0.177771108908005,-0.002019261971423332,-0.0019107465881377681,0.008110797663501756,-0.004711784386575298,-0.018790784137251458,-0.0021908470475216924,0.0,0.0,0.0,-0.14510610107844574,-0.5399669631815378,0.17514810291560703,-0.0037898808711556305,0.0027275720542681873,0.006322267753597829,0.0006650340441476388,-0.03737579178378958,0.03021266389318633,0.0,0.0,0.0,1.6504606878188672,1.046809306816374,1.881190327853106,1.7497448313704065,1.0447837486039613,1.8209928147176377,0.01032385550657203,0.08020168409743478,-0.024951561721635228,1.5374946733796317,2.276124046667489,1.6907741379685945,-1.5493911593277283,-1.3417829839820163,1.7573520959513091,0.06751506995737021,0.007459250374273108,0.037529113743270226,-0.021929439081408555,0.48283707138869425,-0.4607080995565971,0.040373971142243024,0.24304690716103314,-0.4520846032038698,1.392928629804472,0.438629736821789,-1.5641085239641508,1.575065838549261,2.392126637804941,1.5180860496706106,-1.1614162295949166,-0.9236391599815941,1.0392371573601007,0.0,0.0,0.0,0.0,0.0,0.0,0.0,0.0,0.0,0.0,0.0,0.0,9.0,9.0,9.0,9.0,9.0,9.0,6.0,6.0,6.0,6.0,6.0,6.0,0.1575298263730205,39.17299676745846,10.555856048532712,0.7862887251250051,-0.015668579879136946,-0.00017163155326166413,1.2142811557892252
15.599999999999955,-0.14597030229812552,-0.5397752544201959,0.1780477668204909,-0.0023148108882591334,-0.0025974589124829637,0.007952920818147744,-0.0033169362452537335,-0.020477938936563175,-0.00320450110411458,0.0,0.0,0.0,-0.14523216667559288,-0.5399077792343536,0.1753802320262215,-0.0038239766732164463,0.0019061687736374065,0.00697946853252975,0.0007526642243766979,-0.03902116552954027,0.02521221132150453,0.0,0.0,0.0,1.623084823284122,1.0402448610667145,1.898577983992249,1.7271158342860837,1.041558815343167,1.8415001884735394,0.012968691688703033,0.08352550928353822,-0.02127227061675486,1.5397870349029528,2.276883915936895,1.691035872837087,-1.5471280237979042,-1.3251402855457,1.7393866154365552,0.06835225378554448,0.01768380217954663,0.01774440195093886,0.03795289756934703,0.49379965918922214,-0.5128789768139423,0.025115514845228178,0.30673655415820567,-0.593541353769941,1.7964700995226675,0.3288776340158362,-1.565126317720357,1.575065838549261,2.392126637804941,1.5180860496706106,-1.1614162295949166,-0.9236391599815941,1.0392371573601007,0.0,0.0,0.0,0.0,0.0,0.0,0.0,0.0,0.0,0.0,0.0,0.0,9.0,9.0,9.0,9.0,9.0,9.0,6.0,6.0,6.0,6.0,6.0,6.0,0.15676855692695213,39.25338590339902,10.514186420952951,0.7864359318146897,-0.017159838291635476,-0.0001587254362365731,1.6652410156470334
15.633333333333288,-0.14606015039666784,-0.5398699786542007,0.1783148760212319,-0.0024708593794513303,-0.003185024088073425,0.007707775094293324,0.0008955430339669234,-0.017550737859317166,-0.005604594240547191,0.0,0.0,0.0,-0.14535699139536443,-0.5398747746183549,0.17562927595839778,-0.0037956384300169522,0.001107837445498539,0.007510685831898716,0.0036664801952177584,-0.03746088243944179,0.019040539320217764,0.0,0.0,0.0,1.5945488790001248,1.0330756425327017,1.9152892536891921,1.7026154090853411,1.0374422840120647,1.8617865653361743,0.01553671742115598,0.08625614622629431,-0.017624038438097622,1.5420665312454758,2.2778778275365923,1.6908291878230561,-1.5434526755269995,-1.3084830702997865,1.7202398643478367,0.0683740114456427,0.025772832720465697,0.0017811003697005279,0.0861579312745419,0.4977441913146796,-0.5538946807123472,0.0006527298029468248,0.24267091622757198,-0.4788990474371499,1.446151011155846,0.11833596376372424,-1.2304711169521434,1.575065838549261,2.392126637804941,1.5180860496706106,-1.1614162295949166,-0.9236391599815941,1.0392371573601007,0.0,0.0,0.0,0.0,0.0,0.0,0.0,0.0,0.0,0.0,0.0,0.0,9.0,9.0,9.0,9.0,9.0,9.0,6.0,6.0,6.0,6.0,6.0,6.0,0.09163098127357094,39.1590457274704,10.516515570538624,0.7815307317462445,-0.01888580268988127,-0.00012019144453156994,0.5803494144286292
15.666666666666622,-0.1461474047281232,-0.5399905544410096,0.17857935974078193,-0.0024592865206892744,-0.003914153299301012,0.007568905691495739,0.0060194450680919175,-0.021898421386542685,-0.0023518158477982814,0.0,0.0,0.0,-0.14547781870681115,-0.5398714736461472,0.1758952137477123,-0.0036868319930658637,0.00022208414030124902,0.00802259951266687,0.007404969765966385,-0.04118630567031012,0.018022098010445742,0.0,0.0,0.0,1.564970567525263,1.0252182579385156,1.9317093766462148,1.6763882181020873,1.0324185350002555,1.8819620726391841,0.017855816739557724,0.08848836441413788,-0.014089311962805523,1.5443596693443622,2.279063142803109,1.6902769606368455,-1.5387644041088073,-1.2917016493259008,1.6999777703655787,0.0686540991262773,0.03229724957049178,-0.010450843600978307,0.12248473878869154,0.5015431499159418,-0.5898734398826102,0.008402630419037906,0.1957325055007824,-0.36695831912036503,1.0898042254244895,0.11396875803786588,-1.0793627751078918,1.575065838549261,2.392126637804941,1.5180860496706106,-1.1614162295949166,-0.9236391599815941,1.0392371573601007,0.0,0.0,0.0,0.0,0.0,0.0,0.0,0.0,0.0,0.0,0.0,0.0,9.0,9.0,9.0,9.0,9.0,9.0,6.0,6.0,6.0,6.0,6.0,6.0,0.08880964421959281,39.11777556878997,10.524053175360809,0.7756491624178861,-0.020101814545095964,-0.00010471972536774121,0.9406258157142331
15.699999999999955,-0.14622549072384822,-0.5401426291894906,0.17884733831714827,-0.002262108190569337,-0.004796377104482599,0.007588869153382996,0.011715247728985793,-0.0265805352439179,0.0022211057064418,0.0,0.0,0.0,-0.14559111754685886,-0.539901323540992,0.17617874961243032,-0.0034748842083567925,-0.0007654831179093452,0.008549800700330639,0.012179755253505231,-0.045561094784055456,0.018663783935268352,0.0,0.0,0.0,1.534498937407678,1.017128622665975,1.947264926255066,1.6485738787684918,1.0266693901562787,1.9017610959799682,0.020222690396514413,0.09008231208401264,-0.010661838782873405,1.5466435330462158,2.280542309325969,1.689179345344778,-1.5325644316659344,-1.2750308905380814,1.6788151216493565,0.06856197374582981,0.04034908031401865,-0.025435920375005708,0.16482769512036038,0.5005962257283685,-0.6198774542853139,-0.0027637614134245906,0.24155492230580597,-0.449552303220822,1.2702886899500658,-0.028407725627201043,-0.9001204320811109,1.575065838549261,2.392126637804941,1.5180860496706106,-1.1614162295949166,-0.9236391599815941,1.0392371573601007,0.0,0.0,0.0,0.0,0.0,0.0,0.0,0.0,0.0,0.0,0.0,0.0,9.0,9.0,9.0,9.0,9.0,9.0,6.0,6.0,6.0,6.0,6.0,6.0,0.08750564041999787,39.20899012985498,10.498580619778988,0.7706829139728467,-0.021611095925681667,-7.306465504730575e-05,1.2830040899166948
15.733333333333288,-0.14628933208386968,-0.5403257594235249,0.1791176950902193,-0.0019021142853467773,-0.005715001143849981,0.007643746836154042,0.016687279781732157,-0.027703188917075003,0.0030689324212083945,0.0,0.0,0.0,-0.1456935863317585,-0.5399653950391505,0.17647794524107804,-0.0031623913078190104,-0.001795549606613415,0.00902911789557527,0.0167769544165961,-0.04707095840085351,0.016293600598469737,0.0,0.0,0.0,1.5037128288212098,1.0087470710309587,1.9624426015704097,1.6194834338308786,1.020242334768972,1.9213005653536956,0.0222687070131886,0.09095067955436098,-0.007465986508201076,1.5489268924119837,2.2821794671753275,1.6878149351006746,-1.5256699456066176,-1.2584689112913487,1.6571648615647152,0.06852117856396531,0.04619285042517767,-0.035766845007068455,0.19283228622645926,0.4981049935107751,-0.6396310197879347,-0.0012238554559350606,0.17531310333477082,-0.3099277389618824,0.8401377331829661,-0.07473696652780151,-0.5926069650786222,1.575065838549261,2.392126637804941,1.5180860496706106,-1.1614162295949166,-0.9236391599815941,1.0392371573601007,0.0,0.0,0.0,0.0,0.0,0.0,0.0,0.0,0.0,0.0,0.0,0.0,9.0,9.0,9.0,9.0,9.0,9.0,6.0,6.0,6.0,6.0,6.0,6.0,0.06662427701491613,39.152215610279,10.511056193502833,0.7621717966715303,-0.022826719686057206,-4.1896348805858796e-05,0.5748427517103198
15.766666666666621,-0.1463416893095389,-0.5405298042618247,0.17938523689011826,-0.0015470902848595744,-0.006429517916354245,0.0076178256254362565,0.01640421515396829,-0.021454584408396284,0.0004995616437224737,0.0,0.0,0.0,-0.14578513259217205,-0.5400600784494679,0.17678862807243512,-0.0028327166820341183,-0.0027383254517479617,0.00939343865498536,0.01735651177068842,-0.04239728252068531,0.010759932978149145,0.0,0.0,0.0,1.4733853513589104,1.0002654941969809,1.9771928707527247,1.5895738496299907,1.0132519416933365,1.940542996808978,0.023920748146731806,0.09084215777567048,-0.004532694363642625,1.5511672050810428,2.2838797471243377,1.6863426795227876,-1.5185520627963016,-1.2422689710534325,1.6356276846899662,0.06764664623583777,0.04940321578859823,-0.04136739322676473,0.20663508494847482,0.4900338025952467,-0.6439538774242921,-0.02623596984382591,0.09631096090261665,-0.1680164465908881,0.4140839616604665,-0.24213572746585188,-0.12968572909072318,1.575065838549261,2.392126637804941,1.5180860496706106,-1.1614162295949166,-0.9236391599815941,1.0392371573601007,0.0,0.0,0.0,0.0,0.0,0.0,0.0,0.0,0.0,0.0,0.0,0.0,9.0,9.0,9.0,9.0,9.0,9.0,6.0,6.0,6.0,6.0,6.0,6.0,-0.006483905930700584,39.06795375757285,10.5215929178138,0.7529546524108301,-0.024236385231720337,5.144369162768392e-06,0.4487064098135412
15.799999999999955,-0.14638088915657316,-0.5407527860544326,0.17964971804454966,-0.0011636417341063937,-0.007029078907536991,0.007563117356002534,0.017059023270262222,-0.01793676980107076,-0.0006477575622358296,0.0,0.0,0.0,-0.1458647086624466,-0.5401835865775887,0.1771084381893965,-0.002473548538230031,-0.00362168645575473,0.00967969026676239,0.01851985493102548,-0.039116141194529774,0.0070504416011552,0.0,0.0,0.0,1.4435904636571653,0.9917971477931632,1.991272017748787,1.5590678140858294,1.0057930577447582,1.9593371059299889,0.025349955828101425,0.08983258849261018,-0.0017852451498174826,1.553348323951454,2.2856709280039684,1.6846923404914864,-1.5110299464362138,-1.2265651738932997,1.6142481090609242,0.06617125948683937,0.052291356188813774,-0.04679591170161312,0.21932068885124725,0.47742054406773643,-0.642242805055605,-0.0442616024699521,0.08664421200646628,-0.16285555424545162,0.3805681170831728,-0.3783977558253084,0.051332171060612136,1.575065838549261,2.392126637804941,1.5180860496706106,-1.1614162295949166,-0.9236391599815941,1.0392371573601007,0.0,0.0,0.0,0.0,0.0,0.0,0.0,0.0,0.0,0.0,0.0,0.0,9.0,9.0,9.0,9.0,9.0,9.0,6.0,6.0,6.0,6.0,6.0,6.0,-0.04140775127853735,39.08918534882991,10.509611181983923,0.7449962594538259,-0.02552420488439877,2.7087830711480798e-05,0.8526547170653058
15.833333333333288,-0.14640867284373235,-0.5409845475264926,0.17990680651058494,-0.0008092316666920701,-0.007379008629685501,0.007419148116244558,0.015900158350857882,-0.010330186696273478,-0.0034993524252157227,0.0,0.0,0.0,-0.14593261427877155,-0.5403307562456556,0.17743347778544086,-0.0021178915868346037,-0.004362536815377108,0.00985362923226067,0.01810372690498596,-0.03192912311254226,0.0017554668355561631,0.0,0.0,0.0,1.4147090953309702,0.9831195044637043,2.0048361724126944,1.5282735827520892,0.9978276663611109,1.9776811232019265,0.02639929405405271,0.08794240633449654,0.0008252081033869145,1.5554502651235942,2.287457951297288,1.683029483079329,-1.5035653465079175,-1.2114764449748394,1.5931717547500635,0.06409590993841519,0.05317091792933243,-0.04885578547701898,0.22239889484967507,0.4609147597251185,-0.6356080212357523,-0.06226048645272545,0.0263868522155596,-0.061796213262175805,0.09234617995283478,-0.4951735302785387,0.19904351459558267,1.575065838549261,2.392126637804941,1.5180860496706106,-1.1614162295949166,-0.9236391599815941,1.0392371573601007,0.0,0.0,0.0,0.0,0.0,0.0,0.0,0.0,0.0,0.0,0.0,0.0,9.0,9.0,9.0,9.0,9.0,9.0,6.0,6.0,6.0,6.0,6.0,6.0,-0.09556125365613932,39.039869361536766,10.513783568411545,0.7358849769026896,-0.02668664446849034,3.497760876169931e-05,0.5033318852404548
15.866666666666621,-0.14642604400369494,-0.5412170297605697,0.18015263110786559,-0.0004881200275961145,-0.007477980654495408,0.0071724910829936775,0.014518308307475102,-0.002668329267135781,-0.006717145867961979,0.0,0.0,0.0,-0.1459892400182095,-0.5404961806681521,0.17775987599882656,-0.001772988315285175,-0.004942296252510643,0.009910903369361323,0.017352961155021607,-0.023951605546493226,-0.0036846784251394205,0.0,0.0,0.0,1.3870479921992558,0.9742426785537776,2.0178714394822492,1.4974936632859601,0.9893774342127272,1.9955262287296978,0.027073735394142494,0.08516830925402828,0.0033067456996895006,1.5574554876825304,2.2891868882274995,1.6814350219793064,-1.4963851912765265,-1.1971186439318646,1.5726054055190388,0.06146975449152973,0.05230237791400668,-0.04817448382612686,0.2177360695777132,0.4407942741012049,-0.623196325032407,-0.07878466340656365,-0.026056200459772416,0.020439049526763682,-0.1398847581588568,-0.6036145687174063,0.37235088610036216,1.575065838549261,2.392126637804941,1.5180860496706106,-1.1614162295949166,-0.9236391599815941,1.0392371573601007,0.0,0.0,0.0,0.0,0.0,0.0,0.0,0.0,0.0,0.0,0.0,0.0,9.0,9.0,9.0,9.0,9.0,9.0,6.0,6.0,6.0,6.0,6.0,6.0,-0.14430889838532646,39.00131937693042,10.514012031530513,0.7269778244366233,-0.027761791009539905,4.701099958193122e-05,0.4476349460999368
15.899999999999954,-0.14643105165228038,-0.5414452893341629,0.1803879328461941,-0.0001415843935983485,-0.007392166157939976,0.006905402938221462,0.014916274819219547,0.002956684192234816,-0.007530078989673089,0.0,0.0,0.0,-0.14603389139882839,-0.5406752596187441,0.1780857638519958,-0.0014118596404082016,-0.005379111900462252,0.009902646703784872,0.017899746813633488,-0.016938739289480864,-0.006629242936115443,0.0,0.0,0.0,1.360588795406125,0.9651792090943718,2.030262491196455,1.466900313309216,0.9804721451753986,2.01277277764333,0.02748508860995402,0.0816391232365917,0.005705063970728503,1.559360327546638,2.290868185740441,1.679879512911069,-1.4893944211600512,-1.1835517719201225,1.5525111505363758,0.05858671544599129,0.05106007623016323,-0.04716834264012179,0.21239409218874458,0.41826886493524046,-0.6096172079973948,-0.08649117136615313,-0.03726905051530346,0.03018423558015193,-0.16025932166905843,-0.675762274978934,0.40737351105036446,1.575065838549261,2.392126637804941,1.5180860496706106,-1.1614162295949166,-0.9236391599815941,1.0392371573601007,0.0,0.0,0.0,0.0,0.0,0.0,0.0,0.0,0.0,0.0,0.0,0.0,9.0,9.0,9.0,9.0,9.0,9.0,6.0,6.0,6.0,6.0,6.0,6.0,-0.1624169441397546,39.02689442455145,10.50449834375745,0.7193220675834935,-0.02870358128257966,4.906867793486036e-05,0.591131808912486
15.933333333333287,-0.14641844634811418,-0.5416639124916409,0.1806138162593881,0.00031647042271960857,-0.007136656131093721,0.006649567912353756,0.017964087873546516,0.008072290705728265,-0.007515224911644121,0.0,0.0,0.0,-0.1460641551880746,-0.5408631870673193,0.17840990558425607,-0.0009860750441786678,-0.005670408575713953,0.009852836357210036,0.020749139504519842,-0.009890950896396689,-0.008401395262211953,0.0,0.0,0.0,1.3351739565745935,0.955932187603619,2.041845318478435,1.4365740423879636,0.9711413502443292,2.0292887742325063,0.027762639938422803,0.07752031313206324,0.00807934046019274,1.561169013675101,2.2925358075546463,1.678289283114199,-1.4823510127238273,-1.1708247701834866,1.5327297841579626,0.055702627717925314,0.050372461694157974,-0.047527376817442894,0.21166619945405826,0.3939629897111306,-0.5988330635673988,-0.08652263184197923,-0.020628436080157783,-0.01077102531963317,-0.021836782040589774,-0.7291762567232969,0.3235243328998799,1.575065838549261,2.392126637804941,1.5180860496706106,-1.1614162295949166,-0.9236391599815941,1.0392371573601007,0.0,0.0,0.0,0.0,0.0,0.0,0.0,0.0,0.0,0.0,0.0,0.0,9.0,9.0,9.0,9.0,9.0,9.0,6.0,6.0,6.0,6.0,6.0,6.0,-0.1565060057870098,39.09577553819424,10.488477182466363,0.7126403183229784,-0.02955483039138107,4.268821175013038e-05,0.7050225166838063
15.96666666666662,-0.14638821712958955,-0.5418697925059154,0.18082867834714705,0.0008117282429295873,-0.006764903743458232,0.006363311045393501,0.018755682882990884,0.011552677192665537,-0.008746395481249402,0.0,0.0,0.0,-0.1460792861340384,-0.5410559961705532,0.17873008784909408,-0.0005315746445133218,-0.005837544508165205,0.009739773315984251,0.021859083362623544,-0.003945738317179703,-0.01118918020577686,0.0,0.0,0.0,1.3109420420565578,0.946768965934216,2.0526918939529564,1.4066874662481852,0.9615351559314066,2.045033478880638,0.027910737573041643,0.07281249670673288,0.010294721343962062,1.5628906251063341,2.2941587935454164,1.6767198457825407,-1.4753925804726216,-1.1588840267219238,1.5135394184887452,0.05299977119730551,0.04925054038011947,-0.0472312055723106,0.20972404484213544,0.3701358658016348,-0.5834183345734807,-0.08108569561859409,-0.033657639421154996,0.008885137353968776,-0.05826463835768496,-0.7148137172848736,0.46244186981754476,1.575065838549261,2.392126637804941,1.5180860496706106,-1.1614162295949166,-0.9236391599815941,1.0392371573601007,0.0,0.0,0.0,0.0,0.0,0.0,0.0,0.0,0.0,0.0,0.0,0.0,9.0,9.0,9.0,9.0,9.0,9.0,6.0,6.0,6.0,6.0,6.0,6.0,-0.15175607315651796,39.123432688000335,10.482410480915993,0.7052181181828415,-0.030142280712895042,5.927172495334698e-05,0.4877731803345543
15.999999999999954,-0.14632806095458117,-0.5420582580737214,0.181038570501336,0.0015671230546841462,-0.0062707422819973345,0.006177072506664936,0.026387206416196865,0.015109815875391808,-0.006351075758094583,0.0,0.0,0.0,-0.14607358412505111,-0.5412490980627909,0.1790474187652157,7.43736884674151e-05,-0.005867653612961318,0.009646105215519864,0.028801175300720683,0.0025402947941746135,-0.010015592113379324,0.0,0.0,0.0,1.2871985974518434,0.9377362974232353,2.0627335430372695,1.3770683005441147,0.9517437508896933,2.059925578993331,0.02812315749461989,0.06789637627951763,0.012395053480800356,1.564574846506745,2.295830728678769,1.6750176707083848,-1.4679481805871735,-1.1475448619901707,1.4944529609511423,0.051351018407318615,0.04985554946042905,-0.0497872366738915,0.2187960126563401,0.3501619165689393,-0.576201928943215,-0.049462583699606995,0.01815027240928728,-0.07668093304742687,0.2721590344261399,-0.599218476980865,0.21649216890797296,1.575065838549261,2.392126637804941,1.5180860496706106,-1.1614162295949166,-0.9236391599815941,1.0392371573601007,0.0,0.0,0.0,0.0,0.0,0.0,0.0,0.0,0.0,0.0,0.0,0.0,9.0,9.0,9.0,9.0,9.0,9.0,6.0,6.0,6.0,6.0,6.0,6.0,-0.07679785734426692,39.26252442476861,10.46803369229385,0.7003832032537048,-0.030497222176538497,4.4075634818452336e-05,0.7849393566009328
16.03333333333329,-0.14622522918891823,-0.5422198205527284,0.18125166953728247,0.0026637090391596063,-0.005549537179688374,0.006178539035742015,0.03661191533179312,0.02182797101199904,-0.0015731191093613043,0.0,0.0,0.0,-0.1460395902462869,-0.5414358745089208,0.17936460497671236,0.0008954090241658815,-0.005706414466157942,0.009625410250026858,0.03869435649307862,0.011534797908344885,-0.006311541967610079,0.0,0.0,0.0,1.2636313244303965,0.928832217435792,2.0718051747918396,1.3476092646814397,0.9418242870681124,2.0738475882855267,0.02848983525401358,0.062926682803527,0.01445874801368946,1.5662433217108471,2.297613495657207,1.6730890502188294,-1.4596582064471886,-1.1368288803250681,1.4751772840241917,0.050486510217814334,0.052273856055574275,-0.05516815534907503,0.23873148701847785,0.3310402721583655,-0.5775808481867534,-0.025935245685128432,0.07254919785435682,-0.16142756025550586,0.5980642308641322,-0.5736493323172137,-0.04136757730615298,1.575065838549261,2.392126637804941,1.5180860496706106,-1.1614162295949166,-0.9236391599815941,1.0392371573601007,0.0,0.0,0.0,0.0,0.0,0.0,0.0,0.0,0.0,0.0,0.0,0.0,9.0,9.0,9.0,9.0,9.0,9.0,6.0,6.0,6.0,6.0,6.0,6.0,-0.01566568642281463,39.40733774554271,10.456919648868896,0.6952905257260641,-0.031022643832123054,2.786580746261258e-05,0.840818930461869
16.066666666666624,-0.14607127341502912,-0.542344129870357,0.1814803781160351,0.004042876466085511,-0.004549078686150485,0.006481226599854634,0.045282523033319935,0.030108000114973173,0.0064384505665338165,0.0,0.0,0.0,-0.1459706759375568,-0.5416086180211599,0.17968686545079665,0.0019194535312320824,-0.0053176670405107465,0.00975055347628299,0.04790217174726319,0.0221453078719982,0.0008110383723871628,0.0,0.0,0.0,1.2400273814497393,0.9201514118025486,2.079881308330077,1.3182289080609575,0.9318696455158982,2.086733134055793,0.029037053257981067,0.05800031290801261,0.01646469181874953,1.567919619851297,2.2995464225652373,1.6709093009978981,-1.4503532742147143,-1.1266869990897757,1.455590140601363,0.05035479954826618,0.05608315684580094,-0.0619843695349812,0.2656758069889811,0.3131843820919727,-0.5842698178521598,-0.0039513200864445385,0.1142790237068,-0.2044864255771852,0.8083295991150963,-0.535676701991784,-0.20066908996219174,1.575065838549261,2.392126637804941,1.5180860496706106,-1.1614162295949166,-0.9236391599815941,1.0392371573601007,0.0,0.0,0.0,0.0,0.0,0.0,0.0,0.0,0.0,0.0,0.0,0.0,9.0,9.0,9.0,9.0,9.0,9.0,6.0,6.0,6.0,6.0,6.0,6.0,0.03696685979127112,39.543944895472436,10.458094901632013,0.6894279777291243,-0.03143183355319368,2.076019066454826e-05,0.7813548012955275
16.09999999999996,-0.1458774094248124,-0.5424326123362518,0.18172173069079978,0.005291836753440554,-0.0034835543710862223,0.0068244042008105115,0.04154873861922404,0.03201267337653833,0.0068988802826951585,0.0,0.0,0.0,-0.14586840355479885,-0.5417641733080018,0.18001371496560797,0.00293293875071938,-0.004813777041055634,0.009884861243953736,0.04684718675105248,0.027287224662645215,0.001341724976989589,0.0,0.0,0.0,1.2166635673915929,0.9117339059495599,2.087085082672634,1.289047223756659,0.9219547426754626,2.0985972995975426,0.029626762691920126,0.05302503996057056,0.018354931450242886,1.5695820914807248,2.3015809618473697,1.6685652498214987,-1.440343336882776,-1.1171362287485191,1.4359478059970612,0.050034365771312615,0.05938517125791804,-0.06754248003964776,0.2887573489684264,0.2954102008557877,-0.5876032980367533,-0.009613013308607045,0.09906043236351302,-0.1667433151399966,0.6924462593833602,-0.5332254370855504,-0.10000440553780399,1.575065838549261,2.392126637804941,1.5180860496706106,-1.1614162295949166,-0.9236391599815941,1.0392371573601007,0.0,0.0,0.0,0.0,0.0,0.0,0.0,0.0,0.0,0.0,0.0,0.0,9.0,9.0,9.0,9.0,9.0,9.0,6.0,6.0,6.0,6.0,6.0,6.0,0.020365093320461325,39.5783516332965,10.459472620553832,0.6794566690255476,-0.03167623196355662,2.9500455745234966e-05,0.809975352722624
16.133333333333294,-0.14563106567971051,-0.5424704709688634,0.18199401455494418,0.006749062082052788,-0.0021060047704168777,0.007529214561383426,0.04822446624546763,0.04124541029972269,0.016639376454715492,0.0,0.0,0.0,-0.14572633909702265,-0.5418932926394334,0.18035325012007186,0.004110859043522854,-0.004053981599852145,0.010229859091212316,0.05414294687102661,0.03907298925647318,0.01145367059864233,0.0,0.0,0.0,1.1928403979743598,0.9035924414890458,2.093269758482739,1.259814013697535,0.9121423798349536,2.1093537965001015,0.03043962388725976,0.048327509379192404,0.020218474466588164,1.571269984949479,2.303839735635487,1.6659004221956735,-1.4290003995493707,-1.1080679845194368,1.4156929561237783,0.050435991298850194,0.0649705328483198,-0.07581071252971883,0.3231111963242465,0.2798349515335746,-0.6009647634779063,0.012048765826127414,0.1675608477120528,-0.2480469747021322,1.0306154206746032,-0.46725747966639186,-0.4008439632345893,1.575065838549261,2.392126637804941,1.5180860496706106,-1.1614162295949166,-0.9236391599815941,1.0392371573601007,0.0,0.0,0.0,0.0,0.0,0.0,0.0,0.0,0.0,0.0,0.0,0.0,9.0,9.0,9.0,9.0,9.0,9.0,6.0,6.0,6.0,6.0,6.0,6.0,0.08105577685168619,39.76770666128607,10.459990438560757,0.6727489301344386,-0.03183588119121239,1.0864612879246671e-05,0.9792343429548462
16.16666666666663,-0.14533216056881867,-0.5424489785093926,0.18230928000612612,0.00827858439071157,-0.0004575299731462146,0.008577297512356353,0.05106619455688648,0.04912830313845843,0.02577051040343512,0.0,0.0,0.0,-0.14554154006161363,-0.5419879128374738,0.18071282359671914,0.005388904207911367,-0.0030480756425037277,0.010796168779489693,0.05830255320417921,0.05026053502975181,0.021949125349151277,0.0,0.0,0.0,1.1681494423481755,0.8958935272478905,2.0985097593634103,1.2303058921873697,0.9025600850924262,2.1189974700072045,0.03150848107046063,0.044037749298411186,0.021980070604559983,1.5730103450776647,2.3063836841079826,1.6628689081241381,-1.4160652932713644,-1.0992931636140355,1.3946426957458686,0.051619199663329965,0.07253581373268621,-0.085900518940611,0.36640585766820866,0.26877473528588297,-0.6213267953841639,0.03549625093439315,0.22695842653099216,-0.30269419232676514,1.2988398403188646,-0.33180648743074964,-0.6108609571877297,1.575065838549261,2.392126637804941,1.5180860496706106,-1.1614162295949166,-0.9236391599815941,1.0392371573601007,0.0,0.0,0.0,0.0,0.0,0.0,0.0,0.0,0.0,0.0,0.0,0.0,9.0,9.0,9.0,9.0,9.0,9.0,6.0,6.0,6.0,6.0,6.0,6.0,0.14109998362269605,39.95426038293789,10.467049929277485,0.6645474720301529,-0.031691920473074786,2.125398537056178e-06,0.9301992094046336
16.199999999999964,-0.14498355766562349,-0.542361607959075,0.18267791755405707,0.0097742573876532,0.0014089505298132445,0.009919197933013848,0.05093342084186072,0.05533718571345356,0.03331456103192563,0.0,0.0,0.0,-0.1453127942687005,-0.5420409772580522,0.1810997435534419,0.006712779737569035,-0.0018236001905986405,0.011584145482076244,0.05984140732252685,0.060015210539610564,0.032337472216576124,0.0,0.0,0.0,1.1422346594974493,0.8887590581964909,2.1025445657706054,1.20030108952098,0.8933261225321372,2.127401743173611,0.03295512534814658,0.04023688098988808,0.023735341986078868,1.574792699732717,2.3093287724193567,1.6593000318612747,-1.401015835675062,-1.0908586926671782,1.3725169280657799,0.052853492988824795,0.08308037080505193,-0.10001103157080851,0.42312443781545,0.2582809973657734,-0.6496242853964971,0.03702879976484493,0.3163367121709716,-0.42331537890592513,1.7015574044172403,-0.31481213760328586,-0.8489247003699956,1.575065838549261,2.392126637804941,1.5180860496706106,-1.1614162295949166,-0.9236391599815941,1.0392371573601007,0.0,0.0,0.0,0.0,0.0,0.0,0.0,0.0,0.0,0.0,0.0,0.0,9.0,9.0,9.0,9.0,9.0,9.0,6.0,6.0,6.0,6.0,6.0,6.0,0.17247639513176982,40.180524217429884,10.459851899194055,0.6542608630540643,-0.03167651109669034,-5.123990535094158e-06,1.2834782359190315
16.2333333333333,-0.14460413287722435,-0.5422204805762855,0.18308834176713565,0.010880480986500716,0.0031115905262253905,0.011141968623218604,0.03998682557893927,0.0502027452456183,0.02943960388097975,0.0,0.0,0.0,-0.1450463766153365,-0.5420537297358008,0.18151143659545751,0.007880896434312525,-0.0005992529354475389,0.012338355837664686,0.0517824703986558,0.05926043765362543,0.030450939288319656,0.0,0.0,0.0,1.1159602662569246,0.8819226990943779,2.1056863539239,1.1700795007804543,0.8843890867719195,2.1346732170664415,0.03434692274652595,0.036586684130996076,0.02543313274326182,1.5765606818392797,2.3125194700835237,1.655450607330953,-1.384827046781117,-1.0829330158452828,1.3498798252399007,0.05297747312752699,0.09150741021835386,-0.11032550113003604,0.4648172571507189,0.24460720222649807,-0.6692834849830787,0.0037194041610658767,0.2528111823990578,-0.30943408677682605,1.2507845800580675,-0.41021385417826084,-0.5897759875974484,1.575065838549261,2.392126637804941,1.5180860496706106,-1.1614162295949166,-0.9236391599815941,1.0392371573601007,0.0,0.0,0.0,0.0,0.0,0.0,0.0,0.0,0.0,0.0,0.0,0.0,9.0,9.0,9.0,9.0,9.0,9.0,6.0,6.0,6.0,6.0,6.0,6.0,0.08924564514474254,40.1536863884254,10.460759910769616,0.6348609053690805,-0.03159958798125495,4.892820221757965e-06,1.3107583233920224
16.266666666666634,-0.14419382925787946,-0.5420170485272396,0.18355544561762666,0.011856932904967608,0.004933587567833243,0.012626634270626942,0.03695460172542869,0.05358226769580781,0.037004074640495196,0.0,0.0,0.0,-0.14474300436640952,-0.542020613636368,0.18195521705819787,0.00900704003229743,0.0007682880051383626,0.013276469092052028,0.04924685437088394,0.06534969925639267,0.0389501677713624,0.0,0.0,0.0,1.0893316374031519,0.8750285354401602,2.107988359285418,1.139686836463082,0.8756132706973851,2.140847999810707,0.03558109101359342,0.033178762560714975,0.027180285512054383,1.5783036037922895,2.315957726850663,1.6513771524882748,-1.3676672475612903,-1.0756072163120491,1.3265329083657467,0.052517596769375376,0.09926760541557049,-0.11824426389690813,0.49813507011344105,0.22805172474017218,-0.6900328324774435,-0.013796290744548504,0.23280585591649888,-0.23756288300616268,0.9995343888816645,-0.49666432458977644,-0.6224804248309472,1.575065838549261,2.392126637804941,1.5180860496706106,-1.1614162295949166,-0.9236391599815941,1.0392371573601007,0.0,0.0,0.0,0.0,0.0,0.0,0.0,0.0,0.0,0.0,0.0,0.0,9.0,9.0,9.0,9.0,9.0,9.0,6.0,6.0,6.0,6.0,6.0,6.0,0.04730526008453384,40.22269320290616,10.470295570675027,0.6167823727009449,-0.03152968078736862,-1.1520388092822742e-05,1.002981216289041
16.29999999999997,-0.14376348641866601,-0.5417554522584904,0.18408348828131674,0.012571935961796319,0.006719732844008714,0.014270905037052445,0.030008790041572603,0.0523747226212244,0.04146522880967298,0.0,0.0,0.0,-0.14440721729308423,-0.5419403397336816,0.1824362009144007,0.010009323883642902,0.002189964902592753,0.014373924354183864,0.042855749604173266,0.06714351414078124,0.046184774332417966,0.0,0.0,0.0,1.0623744282835468,0.8678840205321434,2.109091407915674,1.1091521218670075,0.8668906812444265,2.1457812734234296,0.036726822004370364,0.030017616361166684,0.029175430905698012,1.579962417426499,2.319723322813047,1.6469330214920672,-1.3492997930410948,-1.069183496521881,1.302281457431923,0.05068213827398397,0.1084011210528766,-0.12829737455645376,0.5333941137750561,0.20449163738341875,-0.7150399628356224,-0.055063754861742274,0.2740054691191831,-0.301593319786369,1.0577713098484505,-0.7068026207026036,-0.7502139107453685,1.575065838549261,2.392126637804941,1.5180860496706106,-1.1614162295949166,-0.9236391599815941,1.0392371573601007,0.0,0.0,0.0,0.0,0.0,0.0,0.0,0.0,0.0,0.0,0.0,0.0,9.0,9.0,9.0,9.0,9.0,9.0,6.0,6.0,6.0,6.0,6.0,6.0,-0.01588001922946969,40.36953905843784,10.450000331435428,0.5970952766506833,-0.03157351155952992,-2.7932198322644375e-05,1.398124445819215
16.333333333333304,-0.14332786433563616,-0.541453122400022,0.18465349708369372,0.012907018752363506,0.00814569816506655,0.015619195559902798,0.019212310434014536,0.04142004009168443,0.03307619974146625,0.0,0.0,0.0,-0.1440464541434968,-0.5418181562798475,0.182948655479631,0.010800707182903295,0.0034835723335889957,0.015346615025113256,0.0324088856202045,0.060261716518164476,0.03982139053611755,0.0,0.0,0.0,1.0358037833086364,0.8606944450933739,2.1093998982578204,1.078789418860312,0.8582826291754724,2.1496119499215225,0.0375584958159256,0.026791655926715334,0.031119482127683444,1.5815223323447625,2.3236552180066106,1.6423626337976314,-1.3305897124473538,-1.0635765519704863,1.2779293722192622,0.04809234445659714,0.11477161088889515,-0.13417354540753462,0.551999649799839,0.18030277015570215,-0.7253883585317596,-0.07769381452160493,0.19111469508055667,-0.17628512553242592,0.5581660807434876,-0.7256660168314978,-0.31045187088411563,1.575065838549261,2.392126637804941,1.5180860496706106,-1.1614162295949166,-0.9236391599815941,1.0392371573601007,0.0,0.0,0.0,0.0,0.0,0.0,0.0,0.0,0.0,0.0,0.0,0.0,9.0,9.0,9.0,9.0,9.0,9.0,6.0,6.0,6.0,6.0,6.0,6.0,-0.08574115737958632,40.32914676629922,10.438608178330574,0.5722708355516993,-0.03091723279688985,1.0433023223122007e-07,1.3920647158342112
16.36666666666664,-0.14289209129279917,-0.5411133493927319,0.18527277850659798,0.013013932054729562,0.009387950361058347,0.01701764310904735,0.012895072687087849,0.03578345173931277,0.03493407052533577,0.0,0.0,0.0,-0.1436654946969064,-0.5416555220966507,0.1834962786196365,0.011437071658452733,0.004720063246308396,0.016396168281777267,0.024753608832722485,0.056853921808848185,0.04313659212499843,0.0,0.0,0.0,1.0096313552849487,0.8533411938706147,2.108770286239123,1.0486974055588916,0.8497472807808171,2.1523001595084286,0.03812133206437951,0.023573188758569306,0.0331276225131238,1.5829566909576693,2.3277938060180796,1.6376100136770355,-1.3114917856178858,-1.0589226161648713,1.2533959144039881,0.0447179537436698,0.12102896385901013,-0.13977691754776098,0.5659584198559728,0.1531796394975343,-0.7324652758160648,-0.10123172138782024,0.18772058910344958,-0.1681011642067903,0.41876310168401776,-0.8136939197450355,-0.21230751852915464,1.575065838549261,2.392126637804941,1.5180860496706106,-1.1614162295949166,-0.9236391599815941,1.0392371573601007,0.0,0.0,0.0,0.0,0.0,0.0,0.0,0.0,0.0,0.0,0.0,0.0,9.0,9.0,9.0,9.0,9.0,9.0,6.0,6.0,6.0,6.0,6.0,6.0,-0.1319914805121034,40.42449476648982,10.421233190350947,0.5492348035736253,-0.030425074812131747,2.649031879742303e-06,1.1576827056278973
16.399999999999974,-0.14246477368824795,-0.5407478796459706,0.1859332705600702,0.012874623803528404,0.010334232539827138,0.018267443404308338,0.005846563802694417,0.026715498550343674,0.03091258675177587,0.0,0.0,0.0,-0.14327038791371827,-0.5414572355596006,0.18407776582888963,0.011893963616951365,0.005823682667225829,0.01742320008191057,0.016031341882880135,0.04989584757594301,0.041690195831598054,0.0,0.0,0.0,0.9839552531035005,0.8460205725911566,2.107037244239987,1.0189787968791886,0.8413597960152706,2.153766750249909,0.03851852326700713,0.02031775439927489,0.03519420176347543,1.5842380814708408,2.332167910064166,1.632591497378062,-1.291916701062178,-1.0553122548997311,1.2288577783772248,0.04053379484465165,0.12782506887473052,-0.14696263182872504,0.5801544977328192,0.12326710513531577,-0.7349178124739558,-0.12552476697054443,0.20388315047161157,-0.21557142842892202,0.42588233630539296,-0.8973760308665559,-0.07357609973673053,1.575065838549261,2.392126637804941,1.5180860496706106,-1.1614162295949166,-0.9236391599815941,1.0392371573601007,0.0,0.0,0.0,0.0,0.0,0.0,0.0,0.0,0.0,0.0,0.0,0.0,9.0,9.0,9.0,9.0,9.0,9.0,6.0,6.0,6.0,6.0,6.0,6.0,-0.17211807211522978,40.544668449226116,10.388630652924709,0.5253140891088098,-0.02978904819201844,1.726517153788354e-05,1.3162914518824103
16.43333333333331,-0.1420516511699747,-0.5403705582823047,0.18661398756783912,0.012541120262952416,0.010902499970798316,0.019067167868120245,7.077284594345784e-06,0.01522796943396787,0.018188316889350485,0.0,0.0,0.0,-0.14286656491802507,-0.5412301621411092,0.18468471887628723,0.012183783643977519,0.006729807954489201,0.01822961135569423,0.008006497683881175,0.039958307615803434,0.03084214608248148,0.0,0.0,0.0,0.9590821607495555,0.8387690267389207,2.10442653884332,0.989819060734293,0.8331543791261797,2.1540853719687565,0.0386267318312803,0.016944909593736207,0.03719075346251872,1.5853650584545362,2.3366771293956923,1.6274211058479104,-1.2722883968285168,-1.0526774341669902,1.2046689578118022,0.03605080462212658,0.1327927429221075,-0.15239537454593888,0.5859509172508278,0.09378544969992192,-0.7287490154664338,-0.1344897066757521,0.14903022142130934,-0.1629822815164147,0.17389258554025588,-0.8844496630618157,0.18506391022566168,1.575065838549261,2.392126637804941,1.5180860496706106,-1.1614162295949166,-0.9236391599815941,1.0392371573601007,0.0,0.0,0.0,0.0,0.0,0.0,0.0,0.0,0.0,0.0,0.0,0.0,9.0,9.0,9.0,9.0,9.0,9.0,6.0,6.0,6.0,6.0,6.0,6.0,-0.20648956430621324,40.55877206752059,10.359416325322233,0.4992030239213233,-0.028802032935275168,3.335286269223747e-05,1.0944180821120475
16.466666666666644,-0.141648707891819,-0.5399878437729421,0.18731079020713526,0.012225057214759192,0.01121320345084791,0.019647736235727777,0.00033172764917085464,0.007403803191615585,0.01230419788241744,0.0,0.0,0.0,-0.14245550061162995,-0.5409790832127508,0.18531395054351474,0.012410688276739822,0.007482788128522976,0.018920762149796478,0.005034769536580885,0.03226013062183242,0.02514360713385022,0.0,0.0,0.0,0.9351371399232921,0.83163937316677,2.101035824529781,0.9613535774885859,0.8251669105534998,2.153310071825271,0.03843583230934211,0.013455176334229064,0.039066269701423184,1.586349997127694,2.341283040685282,1.6221540383492339,-1.2528065348396984,-1.0509812251933268,1.1810112432064281,0.031715708337196835,0.1363824734324981,-0.1561398081555115,0.58495421219331,0.06518599603990628,-0.7160706305962939,-0.1300528885478922,0.10769191531171816,-0.11233300828717882,-0.02990115172553378,-0.8579836098004692,0.38035154610419375,1.575065838549261,2.392126637804941,1.5180860496706106,-1.1614162295949166,-0.9236391599815941,1.0392371573601007,0.0,0.0,0.0,0.0,0.0,0.0,0.0,0.0,0.0,0.0,0.0,0.0,9.0,9.0,9.0,9.0,9.0,9.0,6.0,6.0,6.0,6.0,6.0,6.0,-0.21229034238137756,40.61202751882241,10.338294383815189,0.47402398168744264,-0.027800738999873786,4.5390869773842546e-05,1.019946088187428
16.49999999999998,-0.14125069968756548,-0.5396096830081981,0.18801354802038348,0.012021347942171405,0.011236569687601304,0.019942325489964975,0.0033249964314530523,-0.001316009891994768,0.004083053209135282,0.0,0.0,0.0,-0.14203712203888183,-0.5407102426131865,0.18596055913073972,0.012630170282999051,0.008051463041042758,0.019468020608915435,0.00473850357216099,0.023179026375830247,0.018154694105391833,0.0,0.0,0.0,0.9120197040513578,0.8247980489489155,2.0966598344844165,0.9336185036926468,0.8174835443418633,2.151369598271308,0.03810377263904941,0.009908415877598645,0.040880234451551166,1.5871922541772068,2.3460367628904786,1.6166618569230728,-1.2331894596992017,-1.0502994368100034,1.1578794567791229,0.02741704376932007,0.14053526858143017,-0.16189023124172647,0.5873262402077033,0.035364433013101215,-0.7013259387448676,-0.1289599370363029,0.12458385446796225,-0.17251269258644855,0.07116084043179902,-0.8946468908041519,0.44234075554279123,1.575065838549261,2.392126637804941,1.5180860496706106,-1.1614162295949166,-0.9236391599815941,1.0392371573601007,0.0,0.0,0.0,0.0,0.0,0.0,0.0,0.0,0.0,0.0,0.0,0.0,9.0,9.0,9.0,9.0,9.0,9.0,6.0,6.0,6.0,6.0,6.0,6.0,-0.20396546718299913,40.7495807578087,10.30100057518007,0.44958867232772054,-0.026907418629006585,5.608852788241414e-05,1.1593855308381302
16.533333333333314,-0.14085035278715546,-0.5392478169529047,0.1887128516859614,0.012002246391116104,0.010927501395056492,0.01996040231555543,0.008323724542664295,-0.011295142556502586,-0.0038452526547045965,0.0,0.0,0.0,-0.14160981157625005,-0.5404313305219635,0.1866187153571546,0.012890396353020766,0.008393886885872235,0.01984320896069262,0.00673659035811669,0.012216177482642365,0.00991088903684112,0.0,0.0,0.0,0.8899058265813762,0.8182856797386459,2.0913436091058397,0.9067370940970335,0.8101500832029315,2.148272797156675,0.03759086069036294,0.006266391287066362,0.04259969398349528,1.587902634198842,2.350898844221184,1.6109772861787897,-1.213620345354044,-1.0506479231186672,1.1354742496822763,0.023346615022478936,0.14408671614124852,-0.16765482529957346,0.5871577003057254,0.004818418164422859,-0.6818794548518875,-0.122112862405234,0.10654342679455013,-0.17293782173540942,-0.00505619705933542,-0.9163804454603507,0.5833945167894024,1.575065838549261,2.392126637804941,1.5180860496706106,-1.1614162295949166,-0.9236391599815941,1.0392371573601007,0.0,0.0,0.0,0.0,0.0,0.0,0.0,0.0,0.0,0.0,0.0,0.0,9.0,9.0,9.0,9.0,9.0,9.0,6.0,6.0,6.0,6.0,6.0,6.0,-0.19598010950903988,40.839751205192314,10.269728328090395,0.4240689585989515,-0.02592579376152826,6.74148815045239e-05,1.0996264564228762
16.56666666666665,-0.1404507779358884,-0.5389085351813196,0.18939713783582482,0.01198354769651062,0.010377916425810459,0.01968078639119204,0.007681794255094257,-0.01842991701219685,-0.01226828796593021,0.0,0.0,0.0,-0.14117569768316274,-0.5401483596013816,0.18728088018140018,0.013101675101638172,0.008547269144567163,0.01999800669349809,0.004441814395834687,0.003158193264438225,-0.0005331174000144934,0.0,0.0,0.0,0.8689493956936191,0.8121428679675751,2.0854731238520237,0.8808380482401345,0.8032058815967209,2.14418850382304,0.03678479112232116,0.002520204363279476,0.04404003515394364,1.5885082565499848,2.355756851643747,1.6052679043666638,-1.1945311206435854,-1.0517744186450169,1.1140706048124214,0.019894652030348167,0.1451890538316782,-0.1700725780090418,0.5775037276444145,-0.020923771138855518,-0.6553660490143957,-0.10355888976392302,0.03307013071289045,-0.07253258128405013,-0.2896191798393304,-0.7722656790983513,0.7954021751247545,1.575065838549261,2.392126637804941,1.5180860496706106,-1.1614162295949166,-0.9236391599815941,1.0392371573601007,0.0,0.0,0.0,0.0,0.0,0.0,0.0,0.0,0.0,0.0,0.0,0.0,9.0,9.0,9.0,9.0,9.0,9.0,6.0,6.0,6.0,6.0,6.0,6.0,-0.18490615459758852,40.85879633206412,10.25561500614713,0.39887778044238664,-0.024489415685896576,7.784251724063385e-05,0.9272026791074883
16.599999999999984,-0.1400351385666598,-0.5385980150049511,0.19006376826888974,0.012302592613849646,0.009626528130656793,0.019273532380000083,0.017014479649764082,-0.024173057134323245,-0.015762554005371292,0.0,0.0,0.0,-0.14072904425988966,-0.539867276954212,0.18794287871270052,0.01345398766357834,0.008518891146787343,0.020012266451323618,0.011213762117498582,-0.005444399534431099,-0.007054136450387549,0.0,0.0,0.0,0.8496673538306122,0.80638018186719,2.0790451266960503,0.8562180794781773,0.7966683878482296,2.139171692178802,0.0356354135676113,-0.001499096668226313,0.045242990976421385,1.5890219489630417,2.360516984905862,1.599657743121742,-1.1763649987860723,-1.05381261557826,1.094083944421084,0.016905398937918092,0.14359901651952334,-0.16889408423478536,0.5558236796983996,-0.0477385290444812,-0.6181885574982128,-0.0896775927729023,-0.04770111936464592,0.03535481322769283,-0.6504014383804442,-0.8044427371687706,1.115324745485485,1.575065838549261,2.392126637804941,1.5180860496706106,-1.1614162295949166,-0.9236391599815941,1.0392371573601007,0.0,0.0,0.0,0.0,0.0,0.0,0.0,0.0,0.0,0.0,0.0,0.0,9.0,9.0,9.0,9.0,9.0,9.0,6.0,6.0,6.0,6.0,6.0,6.0,-0.18297435478723267,40.862128995088824,10.238286146153957,0.37315625985763545,-0.023542253683409342,9.766186118054243e-05,1.3767345351075444
16.63333333333332,-0.13959667563922112,-0.5383184014212968,0.19070556348472767,0.012870447391098593,0.008764802703784012,0.01869682777719351,0.023538513479000336,-0.027003143937238832,-0.020657243779801264,0.0,0.0,0.0,-0.1402663357237245,-0.539592194822709,0.18859925364197724,0.013918097813406123,0.008357319175513332,0.01986473843925842,0.016512806849607653,-0.01163469790690641,-0.01451219101379797,0.0,0.0,0.0,0.8323450669146143,0.8009771811568678,2.0721070484654867,0.8331226365241514,0.7905369419521351,2.1332786260761245,0.034123258753801844,-0.005821086012608057,0.04621705735363576,1.5894524204310696,2.3650975378579315,1.5942433224408392,-1.1594121702731954,-1.056785913734716,1.0757531336759585,0.014244562339861691,0.1394773978812307,-0.16458644169632028,0.5243311301570046,-0.07537880614394982,-0.5726790674019121,-0.07982509794169204,-0.12364855914877909,0.12922927615395205,-0.9447764862418498,-0.8292083129840584,1.3652847028890194,1.575065838549261,2.392126637804941,1.5180860496706106,-1.1614162295949166,-0.9236391599815941,1.0392371573601007,0.0,0.0,0.0,0.0,0.0,0.0,0.0,0.0,0.0,0.0,0.0,0.0,9.0,9.0,9.0,9.0,9.0,9.0,6.0,6.0,6.0,6.0,6.0,6.0,-0.18668353330758247,40.86791296513898,10.220173763756438,0.3489977839527567,-0.022589419178779657,0.00011198201053963519,1.2744414275744749
16.666666666666654,-0.13914360852930244,-0.538068902862476,0.1913143355111604,0.013356984667931563,0.007878844446283721,0.0179048051133148,0.020130490076299964,-0.02723952188223968,-0.026958517371339214,0.0,0.0,0.0,-0.13979040504979717,-0.5393254872155022,0.18924390403366265,0.014325532265102586,0.0081147338493829,0.019535679269371446,0.013732589072342538,-0.015271436240761105,-0.022825965785703062,0.0,0.0,0.0,0.8168546575553352,0.7959816034151401,2.0648438703606145,0.8116198986021634,0.7848369460353724,2.1266213945415737,0.03229835232406286,-0.01031032460283847,0.04687990502883935,1.589812828403674,2.369460865274001,1.5890663596092964,-1.143691740811203,-1.060475606564315,1.05907279259936,0.011956346898710965,0.133759014281803,-0.1584014038629627,0.4891856326255169,-0.09892012530663112,-0.5244998439992732,-0.0686464632345218,-0.1715515079828306,0.18555113500072742,-1.0543649259446308,-0.706239574880439,1.4453767020791672,1.575065838549261,2.392126637804941,1.5180860496706106,-1.1614162295949166,-0.9236391599815941,1.0392371573601007,0.0,0.0,0.0,0.0,0.0,0.0,0.0,0.0,0.0,0.0,0.0,0.0,9.0,9.0,9.0,9.0,9.0,9.0,6.0,6.0,6.0,6.0,6.0,6.0,-0.180115214614732,40.91867280113616,10.206974384107465,0.32811491594033815,-0.021274879649460843,0.00011565577509597968,0.8885386650239573
16.69999999999999,-0.13866241695464737,-0.5378486000011554,0.1918862112035266,0.014086413800112692,0.007002596694652603,0.01697557788508103,0.026444995304278473,-0.026331833719913184,-0.03090241163003613,0.0,0.0,0.0,-0.13929623745993724,-0.5390690682874502,0.18987207256196972,0.014854145792707628,0.007810790795740248,0.019056939923342175,0.019450222675934103,-0.01793407534702851,-0.0295318986935742,0.0,0.0,0.0,0.8033995173920568,0.79133992354935,2.0574672640510014,0.7918751640536437,0.7795507810497501,2.1193457672372786,0.03009873893921784,-0.014982504821353684,0.04718156488054549,1.5901413409107719,2.3735061870316887,1.584272946149026,-1.12954156927347,-1.0647803167168894,1.0442139015348655,0.010555699108192979,0.12549277324768676,-0.14866873715973053,0.44606530829649993,-0.1190675781536995,-0.47201110262297985,-0.042019433715539595,-0.24798723102348766,0.29198000109696537,-1.2936097298705094,-0.6044235854120515,1.5746622412887996,1.575065838549261,2.392126637804941,1.5180860496706106,-1.1614162295949166,-0.9236391599815941,1.0392371573601007,0.0,0.0,0.0,0.0,0.0,0.0,0.0,0.0,0.0,0.0,0.0,0.0,9.0,9.0,9.0,9.0,9.0,9.0,6.0,6.0,6.0,6.0,6.0,6.0,-0.15119905816460255,40.92532852924772,10.199542505648,0.30825345013162553,-0.02013433574827972,0.00011996330292673996,1.0710504721812355
16.733333333333324,-0.13815041388006336,-0.5376567840620303,0.1924170750742606,0.014950171045305344,0.006142818518340426,0.01591993731680225,0.02954004874307343,-0.02517186068137929,-0.03456215067101181,0.0,0.0,0.0,-0.13878156375237133,-0.538824558310511,0.19047928397342645,0.015459338549690492,0.0074560196347367245,0.018440581013226237,0.02297863301733516,-0.020069233766719208,-0.03559268037825314,0.0,0.0,0.0,0.7920139095844803,0.7870137133375065,2.05008284792824,0.7739974541513006,0.7746567998826721,2.1115671621928276,0.027548331598160444,-0.019780169187561036,0.047123394186973006,1.5904541090660662,2.3771857887763685,1.5799194478855154,-1.1170634970727435,-1.0696127033355103,1.031201161826424,0.00977392947528301,0.11542295930949059,-0.13662621099012298,0.3982498801133627,-0.1363369250903157,-0.4175918283764855,-0.023453088987299055,-0.3020944181458851,0.3612757850882267,-1.4344628454941162,-0.5180804080984857,1.6325782273948297,1.575065838549261,2.392126637804941,1.5180860496706106,-1.1614162295949166,-0.9236391599815941,1.0392371573601007,0.0,0.0,0.0,0.0,0.0,0.0,0.0,0.0,0.0,0.0,0.0,0.0,9.0,9.0,9.0,9.0,9.0,9.0,6.0,6.0,6.0,6.0,6.0,6.0,-0.13025046694880582,40.95444173218372,10.189724610346472,0.2905558021409824,-0.01908010150311812,0.00012050300960131377,1.058676835864562
16.76666666666666,-0.13760799748163227,-0.5374928971837654,0.19290622517373043,0.015850873296165073,0.005296747625153,0.01478729522285508,0.029855777485303773,-0.02416283371401627,-0.03686326265355075,0.0,0.0,0.0,-0.1382456180086982,-0.5385934160764162,0.19106282505064692,0.016095609505350727,0.007056168838690901,0.01773397363492814,0.024302311640417074,-0.021911224109716798,-0.039337191680633765,0.0,0.0,0.0,0.7823006184756667,0.7830482462232976,2.0425203608170825,0.7578974483765194,0.7701703196179147,2.1032795756980307,0.02485084281872757,-0.024497093860104818,0.04681330868508316,1.5907505318503465,2.380593618701539,1.5758477201870855,-1.1057770371522393,-1.074967249204505,1.0197192900847103,0.00918643217736651,0.10663091827324309,-0.12697662429863701,0.3584791584478761,-0.1525365590766643,-0.36883471095977255,-0.017624918937494984,-0.26376123108742533,0.28948760074457897,-1.1931216499645985,-0.4859890195904586,1.4627135225013885,1.575065838549261,2.392126637804941,1.5180860496706106,-1.1614162295949166,-0.9236391599815941,1.0392371573601007,0.0,0.0,0.0,0.0,0.0,0.0,0.0,0.0,0.0,0.0,0.0,0.0,9.0,9.0,9.0,9.0,9.0,9.0,6.0,6.0,6.0,6.0,6.0,6.0,-0.10563438589306462,41.11473270475072,10.17256995326054,0.2762671973765548,-0.01821631263062984,0.000112200797026063,0.8963666226934306
16.799999999999994,-0.13705020074725538,-0.5373548315278401,0.193354591183447,0.016460830474421397,0.004497998195845418,0.013645125177790306,0.02049908158040446,-0.022295943154798426,-0.0369403113260797,0.0,0.0,0.0,-0.1376941504637838,-0.5383764192705383,0.1916205775408207,0.016587767164034338,0.006629706049005656,0.016959548569784124,0.01727701209636523,-0.022858693486869086,-0.04198098988977561,0.0,0.0,0.0,0.7739882609950071,0.7794523499887582,2.03515994789167,0.743473223453139,0.7660945639870388,2.094682513432282,0.02199642827765686,-0.029001081079609015,0.04608137883305005,1.5910539812407536,2.383702771011464,1.5721235909798579,-1.09570954280679,-1.0804606368440444,1.0096403158577059,0.009131131867262395,0.09772668562291284,-0.11680812557743286,0.3208429397249457,-0.16071327248300865,-0.3245243881933456,-0.0016590093031234531,-0.26712697950990755,0.30505496163612456,-1.1290865616879109,-0.24530140219033075,1.3293096829928088,1.575065838549261,2.392126637804941,1.5180860496706106,-1.1614162295949166,-0.9236391599815941,1.0392371573601007,0.0,0.0,0.0,0.0,0.0,0.0,0.0,0.0,0.0,0.0,0.0,0.0,9.0,9.0,9.0,9.0,9.0,9.0,6.0,6.0,6.0,6.0,6.0,6.0,-0.07637889997732095,41.21787017794223,10.17432676016587,0.2640252508588843,-0.016862200435909802,0.00010066904139127697,0.8343070016846368
16.83333333333333,-0.13647292678012124,-0.5372415934533862,0.1937673587620801,0.017055339182032437,0.0037340337259333944,0.012585030925619895,0.019599501307106672,-0.02094204696361358,-0.03440773712191454,0.0,0.0,0.0,-0.13712657211490878,-0.5381745798761556,0.1921529798290247,0.017073706751148172,0.00617331976738559,0.016186730996118018,0.016900270108266113,-0.023958940063433687,-0.04130162921140457,0.0,0.0,0.0,0.766651042896848,0.7762653878763142,2.0278213125295874,0.7305357013488945,0.7624487554357633,2.0857843501273896,0.01917191813940202,-0.033132823107968286,0.04506519014784516,1.5913692670521216,2.3866288182374302,1.5685783804912636,-1.0863599910059014,-1.0861127655035936,1.0006162870767514,0.009349426849781958,0.09109650639363193,-0.10984025163103069,0.2939386825927536,-0.16661366401865718,-0.2886553716835371,0.006548849475586871,-0.19890537687842752,0.20903621839206554,-0.8071277139657644,-0.17701174606945574,1.076070495294255,1.575065838549261,2.392126637804941,1.5180860496706106,-1.1614162295949166,-0.9236391599815941,1.0392371573601007,0.0,0.0,0.0,0.0,0.0,0.0,0.0,0.0,0.0,0.0,0.0,0.0,9.0,9.0,9.0,9.0,9.0,9.0,6.0,6.0,6.0,6.0,6.0,6.0,-0.039359767559836945,41.4199663373594,10.167075693850192,0.25353330188312306,-0.01603822684305989,8.685724898738201e-05,0.8479799556253307
16.866666666666664,-0.13587899921830549,-0.5371516833466723,0.19415170278204152,0.017588540140699868,0.003010252645377652,0.011679079859659693,0.01749862436805572,-0.019500986557676386,-0.029791990335495008,0.0,0.0,0.0,-0.13654400175100795,-0.5379886215681936,0.19266189076490084,0.017529762048766946,0.005693974232692541,0.01546253277026876,0.015403499829355294,-0.02472128012059649,-0.03840552523333951,0.0,0.0,0.0,0.7598888810810474,0.7734068218674891,2.0203184345590635,0.7188648623382261,0.7592048580572665,2.0765489848098837,0.016482259909257512,-0.036745030320371554,0.04390619243191319,1.59168261591963,2.3894837514482825,1.565054294555306,-1.0772941081771021,-1.091984648206728,0.9922608086161187,0.009383452966762785,0.0874641663482593,-0.10709513592949454,0.27929721744023756,-0.1729755420689081,-0.26332802644050274,0.001020783509424836,-0.1089702013611785,0.08235347104608431,-0.4392439545754808,-0.1908563415075282,0.7598203572910318,1.575065838549261,2.392126637804941,1.5180860496706106,-1.1614162295949166,-0.9236391599815941,1.0392371573601007,0.0,0.0,0.0,0.0,0.0,0.0,0.0,0.0,0.0,0.0,0.0,0.0,9.0,9.0,9.0,9.0,9.0,9.0,6.0,6.0,6.0,6.0,6.0,6.0,-0.02340420077778438,41.647927810160944,10.159331510658625,0.24381447644456844,-0.01544272485279019,6.61165710568179e-05,0.860276084753336
16.9,-0.135281743953667,-0.5370819303905296,0.19450911274920757,0.017833403441790963,0.0023646430404514465,0.010855072280776647,0.008645080662182652,-0.01702572363953247,-0.027172674662475013,0.0,0.0,0.0,-0.13595226517523454,-0.5378184077182842,0.19314711893216094,0.017830764019599224,0.005214941797038192,0.01474091217192773,0.007969931625991578,-0.024373848770441242,-0.037746514400563314,0.0,0.0,0.0,0.7536706064475693,0.7708921816089689,2.0128780902897083,0.7083697396218319,0.7563581713279947,2.067096927441402,0.013877182605946302,-0.039881504516221015,0.04250013279304632,1.591997117055788,2.39223125685541,1.5616245981649326,-1.0686351162128183,-1.0978707241085262,0.984601083787307,0.009417840378749752,0.08410483025864436,-0.10429230645063416,0.2662789117657568,-0.17538003205893332,-0.2409705053897343,0.0010316223596090008,-0.1007800826884485,0.0840848843658115,-0.39054917023442315,-0.07213469970075641,0.6707256315230526,1.575065838549261,2.392126637804941,1.5180860496706106,-1.1614162295949166,-0.9236391599815941,1.0392371573601007,0.0,0.0,0.0,0.0,0.0,0.0,0.0,0.0,0.0,0.0,0.0,0.0,9.0,9.0,9.0,9.0,9.0,9.0,6.0,6.0,6.0,6.0,6.0,6.0,-0.022600128221789584,41.750563805228715,10.163673064270482,0.23388503994948212,-0.014510133224105104,5.834036369162243e-05,1.0896929542290734
16.933333333333334,-0.13468070711346203,-0.537031561759445,0.19484820164682606,0.017992711710289024,0.0017576196814299127,0.010213055699962677,0.006024212565109018,-0.015766403391833144,-0.021826431732185653,0.0,0.0,0.0,-0.1353527927879997,-0.5376644259833036,0.1936118281419236,0.01807179208953418,0.0047235349959482194,0.01410174831088507,0.005150130646959017,-0.024641010883758696,-0.033305200289997394,0.0,0.0,0.0,0.7475207191210362,0.7685619365649973,2.0050902519418377,0.6987924669552464,0.7538406970082878,2.0573047416469263,0.011510287484074176,-0.04235773479530136,0.04112422408486112,1.5922795314357028,2.3950391433253477,1.5580411379100674,-1.05977176913183,-1.1040187374098172,0.9771176898045553,0.008787567724543852,0.08419267281830985,-0.10643330724751499,0.26602657887501824,-0.18142027671213373,-0.2299913814516141,-0.018908179626177014,0.002635276789964559,-0.06423002390642486,-0.007569986722156084,-0.18120733959601232,0.3293737181436061,1.575065838549261,2.392126637804941,1.5180860496706106,-1.1614162295949166,-0.9236391599815941,1.0392371573601007,0.0,0.0,0.0,0.0,0.0,0.0,0.0,0.0,0.0,0.0,0.0,0.0,9.0,9.0,9.0,9.0,9.0,9.0,6.0,6.0,6.0,6.0,6.0,6.0,-0.03191458789080048,41.99005146123339,10.155236919333568,0.22469983896586074,-0.014181626223090493,3.347505696482678e-05,0.8026347098247786
16.96666666666667,-0.13408049859477505,-0.5369996483381899,0.19517780638675253,0.01803159410422729,0.0011811676651178405,0.009803714737712913,0.0024553551553482505,-0.014732281852909576,-0.01496699605826393,0.0,0.0,0.0,-0.13474833976124792,-0.5375271089146757,0.1940598076849832,0.01823273878641398,0.004219292587465571,0.013573031846807974,0.001406347891721449,-0.02493346423472964,-0.027595236757858466,0.0,0.0,0.0,0.7412718010640503,0.7662176944508741,1.9969757080718493,0.6899561038038136,0.7515439669231466,2.047173151932683,0.009319918777410518,-0.04414123493026283,0.03979683181458454,1.592520820567451,2.397937269011046,1.554283831919754,-1.0506605284419583,-1.1104293722584047,0.96958237177756,0.0077549718764785515,0.0860267379867358,-0.1106238888887721,0.27090034008910496,-0.18868612254246334,-0.22737015435710892,-0.03097787544195901,0.05502195505277864,-0.12571744923771352,0.14621283642260147,-0.21797537490988786,0.07863681283515543,1.575065838549261,2.392126637804941,1.5180860496706106,-1.1614162295949166,-0.9236391599815941,1.0392371573601007,0.0,0.0,0.0,0.0,0.0,0.0,0.0,0.0,0.0,0.0,0.0,0.0,9.0,9.0,9.0,9.0,9.0,9.0,6.0,6.0,6.0,6.0,6.0,6.0,-0.042042488701137914,42.15870357176133,10.156561509480193,0.2147719755834944,-0.013671256006123844,8.541080317336913e-06,0.7932995214070759
17.000000000000004,-0.13348695545114087,-0.5369851615688073,0.195507058734791,0.01791359272983112,0.0006353632990714082,0.009655906777996376,-0.0020739841329208693,-0.01365192833585619,-0.00732807613217757,0.0,0.0,0.0,-0.1341424655998109,-0.5374067397627055,0.19449557656090954,0.01828985315690146,0.003706003508624834,0.013177735848717887,-0.003424474111345166,-0.025048598064913108,-0.02086917773419561,0.0,0.0,0.0,0.7347029510527454,0.7633243947100254,1.9886829655512046,0.6816654513170478,0.7491949794810422,2.036769081887421,0.007131693489233159,-0.045101688512692785,0.03855222937690386,1.5927109062764782,2.40092168750885,1.5503833153839737,-1.0414047867542413,-1.1170942662130408,0.9615545702743599,0.006386704806037399,0.08836394928498807,-0.1148849603452015,0.2754149471173782,-0.19619325327354212,-0.23634608151637296,-0.04104801211323457,0.07011633894756825,-0.12783214369288187,0.13543821084819707,-0.22521392193236384,-0.26927781477792123,1.575065838549261,2.392126637804941,1.5180860496706106,-1.1614162295949166,-0.9236391599815941,1.0392371573601007,0.0,0.0,0.0,0.0,0.0,0.0,0.0,0.0,0.0,0.0,0.0,0.0,9.0,9.0,9.0,9.0,9.0,9.0,6.0,6.0,6.0,6.0,6.0,6.0,-0.05993911777387728,42.27399361708785,10.16300018412646,0.2040435120019947,-0.013077115953221918,-3.78691794903907e-05,0.7195227402979674
17.03333333333334,-0.13291009785956454,-0.5369856406096872,0.1958348426865795,0.017540408549175806,0.0001520619970062859,0.009576703774870821,-0.009533298057717073,-0.011752424702364152,-0.005461618368579622,0.0,0.0,0.0,-0.1335408184717463,-0.5373028587191344,0.19491980296293832,0.018185652965482826,0.00320343392102556,0.012819685757000472,-0.010935375658236879,-0.02422819186571168,-0.01880711176429628,0.0,0.0,0.0,0.7276721090124891,0.760075415968515,1.9805269372917353,0.6737510310780014,0.7467794893943326,2.026259119111592,0.005005613569544723,-0.04532961909418971,0.03716835540241846,1.5928763136588289,2.4039663981489894,1.5464028481716556,-1.0320398764329604,-1.1236859560309902,0.9530882125093679,0.005437049249027011,0.09034886256444734,-0.11790433102809401,0.27910318879807827,-0.19723154745016913,-0.2481091824719635,-0.028489666710311647,0.05954739838377812,-0.09058112048677522,0.11064725042100185,-0.03114882529881038,-0.35289302866771655,1.575065838549261,2.392126637804941,1.5180860496706106,-1.1614162295949166,-0.9236391599815941,1.0392371573601007,0.0,0.0,0.0,0.0,0.0,0.0,0.0,0.0,0.0,0.0,0.0,0.0,9.0,9.0,9.0,9.0,9.0,9.0,6.0,6.0,6.0,6.0,6.0,6.0,-0.04072729684315024,42.35962353067299,10.175438334332165,0.19413569044646534,-0.011984759011670398,-4.875578898871913e-05,0.7521575569455451
17.066666666666674,-0.132351324108476,-0.5370031358563627,0.19617642875396693,0.01705483848387418,-0.00035264925406790736,0.009819140174097579,-0.01247966444321845,-0.0123979068382005,0.003695422544938348,0.0,0.0,0.0,-0.13294622693900268,-0.5372166654757877,0.19533971577258563,0.01798453394282305,0.002671614721584019,0.012654165258805795,-0.01529612817592163,-0.025325731862054113,-0.009386333463017316,0.0,0.0,0.0,0.7196892402482553,0.7558787075305863,1.9723915782011794,0.6658975699102605,0.7440033785476733,2.015646340826106,0.0028916511459973326,-0.04457657042461147,0.03585922945499156,1.59299123497278,2.4071762550650093,1.5422128092506315,-1.022306232493914,-1.130371026002033,0.9434658675522165,0.004110776028695342,0.09431342584187839,-0.123102222096513,0.28770727504695115,-0.1994452485709082,-0.2751499599670173,-0.03978819660995007,0.1189368983229316,-0.15593673205256986,0.2581225874661857,-0.06641103362217217,-0.8112233248516141,1.575065838549261,2.392126637804941,1.5180860496706106,-1.1614162295949166,-0.9236391599815941,1.0392371573601007,0.0,0.0,0.0,0.0,0.0,0.0,0.0,0.0,0.0,0.0,0.0,0.0,9.0,9.0,9.0,9.0,9.0,9.0,6.0,6.0,6.0,6.0,6.0,6.0,-0.04806290113165956,42.54999138468563,10.179756267489308,0.18350092182825486,-0.011463215851159836,-0.0001016507128120403,0.3523032693519882
17.10000000000001,-0.1318161604999431,-0.5370386246434218,0.19654177837698628,0.01642205693223013,-0.000884955519802496,0.01036924855912914,-0.016296682177779992,-0.01320719345602683,0.012457829206658923,0.0,0.0,0.0,-0.13236266326981858,-0.5371492100424895,0.1957616854177609,0.017666521171128304,0.0021084847728299666,0.012681972806162562,-0.02056064051854145,-0.026514270160067355,-4.477443181682972e-05,0.0,0.0,0.0,0.7107786055988783,0.7504615607832582,1.9642394777168557,0.6579656560457878,0.7406402873083539,2.004940659074665,0.0007220078684998747,-0.042935967430910854,0.03467978441994666,1.5930295856808248,2.4105529997729227,1.5378248886425987,-1.0123237738857813,-1.1372610668539522,0.9325541469217594,0.002137272837128153,0.09897270277222431,-0.12879248619282982,0.2955515971783071,-0.20428256656201882,-0.30995106593148214,-0.059205095747015664,0.13977830791037765,-0.17070792288950465,0.23532966394067817,-0.14511953973331876,-1.0440331789339445,1.575065838549261,2.392126637804941,1.5180860496706106,-1.1614162295949166,-0.9236391599815941,1.0392371573601007,0.0,0.0,0.0,0.0,0.0,0.0,0.0,0.0,0.0,0.0,0.0,0.0,9.0,9.0,9.0,9.0,9.0,9.0,6.0,6.0,6.0,6.0,6.0,6.0,-0.08334232014987131,42.67826785048909,10.183146196144605,0.1714054675480391,-0.011024843534076068,-0.00013421403058044845,0.43958770227216204
17.133333333333344,-0.13130992149479453,-0.5370890003412727,0.1969236469463285,0.015632514947245275,-0.001361770748348673,0.010887028228194479,-0.020442105240467617,-0.011570742577726884,0.011273525869980348,0.0,0.0,0.0,-0.13179422116236905,-0.5370998280479878,0.19618506080337367,0.017225542641508596,0.0015580557848971664,0.012721670207950508,-0.026057557051929248,-0.025600517502807563,0.0005492508665247975,0.0,0.0,0.0,0.7012268806126549,0.7440638634811526,1.9563155862649317,0.6499624939622292,0.7366801074279941,1.9942747324754577,-0.001505783148810936,-0.04070257071391489,0.033428654674210335,1.5930094955687635,2.4139925765766956,1.5333889741221503,-1.0024137096076593,-1.1441553234390103,0.9207369697482894,0.0003106220378196968,0.10178243699953475,-0.13164911913990904,0.296718484621877,-0.2059793205551657,-0.3396605654465598,-0.054799523979253695,0.08429202681931337,-0.0856989884123768,0.03500662330709807,-0.050902619794406995,-0.8912849854523297,1.575065838549261,2.392126637804941,1.5180860496706106,-1.1614162295949166,-0.9236391599815941,1.0392371573601007,0.0,0.0,0.0,0.0,0.0,0.0,0.0,0.0,0.0,0.0,0.0,0.0,9.0,9.0,9.0,9.0,9.0,9.0,6.0,6.0,6.0,6.0,6.0,6.0,-0.09271086713615495,42.69127802401157,10.188787363493443,0.15919445353022016,-0.010174051470026368,-0.00012380033252229472,0.6509649121946798
17.16666666666668,-0.13083338314220194,-0.5371590264018826,0.19733027257824576,0.014774883246261951,-0.0019140282976835227,0.011562003014463416,-0.021784878301077285,-0.013884288178177197,0.01574639066743304,0.0,0.0,0.0,-0.13124334804700705,-0.5370707379608559,0.19661454065377273,0.01670328267423326,0.0009523369777347044,0.012884596795926703,-0.029512802534163995,-0.02793919751137075,0.006433665482417084,0.0,0.0,0.0,0.6909043923056148,0.7364555912921044,1.948664983182986,0.6417690600794006,0.7319675814405975,1.9837184469871625,-0.0038144550990607783,-0.037833069258532456,0.032145691015344494,1.5929278025099909,2.417513334796241,1.5288905261649097,-0.9925938758711813,-1.151064990974785,0.9077916910544803,-0.0015303204961774853,0.10434264339075468,-0.1338519988581136,0.2953028362701849,-0.20685312423388005,-0.37212576235837,-0.055228276019915465,0.07680619173659782,-0.06608639154613685,-0.042469450550763704,-0.02621411036143033,-0.9739559073543055,1.575065838549261,2.392126637804941,1.5180860496706106,-1.1614162295949166,-0.9236391599815941,1.0392371573601007,0.0,0.0,0.0,0.0,0.0,0.0,0.0,0.0,0.0,0.0,0.0,0.0,9.0,9.0,9.0,9.0,9.0,9.0,6.0,6.0,6.0,6.0,6.0,6.0,-0.09718427846631617,42.78202289563225,10.190742425167823,0.14678845495941562,-0.009505604349404617,-0.0001383299114104397,0.2781307178467976
17.200000000000014,-0.13039068450580357,-0.5372503965234533,0.19775722827275896,0.013811893270727824,-0.0025250434083265013,0.012204585968887278,-0.02425554099830159,-0.015731681929133053,0.014705410775570391,0.0,0.0,0.0,-0.13071348385143855,-0.5370634615887383,0.1970504220545449,0.016080294825972598,0.00029925359293356084,0.01307346961844149,-0.03386069264175351,-0.02987888844818265,0.007618575172222641,0.0,0.0,0.0,0.6801280589259233,0.7278804917733905,1.94119038676364,0.6334379097777337,0.7265268646969345,1.9732804335610643,-0.006135350896174023,-0.0346105905862228,0.030837458470769075,1.5927691077817598,2.4210804356521494,1.5243584606970302,-0.9829873660533223,-1.1580442851347237,0.8940811450127848,-0.003684001396679186,0.10612289824841488,-0.1352586423102912,0.2905644751139102,-0.2085369246100679,-0.39825284162003227,-0.06461042701505103,0.05340764572980612,-0.04219930356532784,-0.1421508346882409,-0.050514011285635596,-0.7838123778498682,1.575065838549261,2.392126637804941,1.5180860496706106,-1.1614162295949166,-0.9236391599815941,1.0392371573601007,0.0,0.0,0.0,0.0,0.0,0.0,0.0,0.0,0.0,0.0,0.0,0.0,9.0,9.0,9.0,9.0,9.0,9.0,6.0,6.0,6.0,6.0,6.0,6.0,-0.12380148804763347,42.83721352048698,10.185152046998228,0.13405247862030611,-0.008956212878777015,-0.00011864850300918883,0.3327514862051333
17.23333333333335,-0.12998428467520717,-0.5373568413050512,0.19819020782948107,0.012764475520726917,-0.003031115896682603,0.012549244142739455,-0.02630491232692673,-0.012741910804809783,0.005854783230079801,0.0,0.0,0.0,-0.13020762333337343,-0.537076061429081,0.1974879862436385,0.01536522302163695,-0.00031059229783543383,0.013144188654610119,-0.03775461698476423,-0.027490643323655917,0.0019334901797494197,0.0,0.0,0.0,0.6691059406297639,0.7187619286907139,1.9337817395773669,0.6250228571701766,0.7205045771454889,1.9629440014636503,-0.008326559901664383,-0.031266840020947075,0.02947921948586787,1.5925299318790636,2.424665390531699,1.5198046134016037,-0.9735522605387062,-1.1650872900994738,0.8799862101960115,-0.006011518519482478,0.10707339700712881,-0.13616316001195858,0.28555693533029003,-0.21037240749835434,-0.4146496435421428,-0.06982551368409876,0.028514962761418013,-0.02713553105002131,-0.15022619350860605,-0.05506448664859349,-0.49190405766331474,1.575065838549261,2.392126637804941,1.5180860496706106,-1.1614162295949166,-0.9236391599815941,1.0392371573601007,0.0,0.0,0.0,0.0,0.0,0.0,0.0,0.0,0.0,0.0,0.0,0.0,9.0,9.0,9.0,9.0,9.0,9.0,6.0,6.0,6.0,6.0,6.0,6.0,-0.14251128421547188,42.88768615253927,10.178133996054566,0.12263415533264037,-0.008403638403337688,-8.087344543444841e-05,0.2761466368260288
17.266666666666683,-0.12961431691095548,-0.5374797981639525,0.19862109860881236,0.011684663535249908,-0.0035272799826415787,0.012641253889845197,-0.027048323740359134,-0.012623205633368348,-0.001364969956785313,0.0,0.0,0.0,-0.12972783903834903,-0.5371090520344284,0.19792335484028248,0.014583208673948144,-0.0009271496715932743,0.013097121061639226,-0.0404158108391206,-0.02751427875201884,-0.003665289135097005,0.0,0.0,0.0,0.6582269318924504,0.7094148911470131,1.926695411603348,0.6166704137423704,0.7140464398683961,1.9528362865196127,-0.010435416570297788,-0.02804764348825956,0.02790415718066592,1.592241882100315,2.428156931418335,1.5153782575510313,-0.9646249617199628,-1.1719694395521314,0.8659895349264155,-0.0077648350814645915,0.10552195006842233,-0.13391483701543677,0.2737316214849653,-0.2077671248859398,-0.41815005323930104,-0.052599496859463385,-0.04654340816119465,0.0674496898956546,-0.3547594153597413,0.07815847837243638,-0.10501229091474715,1.575065838549261,2.392126637804941,1.5180860496706106,-1.1614162295949166,-0.9236391599815941,1.0392371573601007,0.0,0.0,0.0,0.0,0.0,0.0,0.0,0.0,0.0,0.0,0.0,0.0,9.0,9.0,9.0,9.0,9.0,9.0,6.0,6.0,6.0,6.0,6.0,6.0,-0.12890767261174685,42.86704210399274,10.175308661595412,0.11083792950989056,-0.007543698379229191,-3.874276446813596e-05,0.47929860163047694
17.30000000000002,-0.12928247471647175,-0.5376143892867045,0.19903380066521537,0.010559729378028158,-0.003921976818516086,0.01232948396448623,-0.028485287526811544,-0.009807755218708457,-0.013012658571815898,0.0,0.0,0.0,-0.12927674859855148,-0.5371605391832209,0.19834911975418743,0.013723907167355649,-0.0014955759136489931,0.01284112380229029,-0.043548244778000456,-0.024933970076400414,-0.013534645937633538,0.0,0.0,0.0,0.6478038409491772,0.7001345496021651,1.9199106483249653,0.608535843285743,0.7073104937868772,1.9429984419656268,-0.012420105695602503,-0.025132429699622358,0.026127388292628305,1.5919062952785812,2.4314854919949127,1.5111422553889933,-0.9563105162095195,-1.178662665067044,0.8524756302979746,-0.009300014795166308,0.10174519488769468,-0.1293583222459085,0.25753278403718993,-0.2031202185935614,-0.4096614436485852,-0.04605539141105152,-0.11330265542182939,0.1366954430858476,-0.4859651234332622,0.1394071887713512,0.2546582877214748,1.575065838549261,2.392126637804941,1.5180860496706106,-1.1614162295949166,-0.9236391599815941,1.0392371573601007,0.0,0.0,0.0,0.0,0.0,0.0,0.0,0.0,0.0,0.0,0.0,0.0,9.0,9.0,9.0,9.0,9.0,9.0,6.0,6.0,6.0,6.0,6.0,6.0,-0.13402701714944443,42.84724338782621,10.167189667197592,0.09992494971634423,-0.006898188963271323,3.0133511524366163e-06,0.3381119588887035
17.333333333333353,-0.1289896094493214,-0.5377585385266191,0.19941277584753783,0.00940221871922123,-0.004240886046727158,0.011570194311066106,-0.029803587002041557,-0.007792427833689217,-0.025954266234345113,0.0,0.0,0.0,-0.12885679761479785,-0.5372292067384299,0.1987568175980221,0.012790244278855101,-0.002022691798370022,0.012335454073679907,-0.04651527976202141,-0.022714765759273448,-0.025226906485321443,0.0,0.0,0.0,0.6378757009571315,0.6911244921501872,1.9134548921794905,0.6006764217210947,0.7004304129900837,1.9334731218747232,-0.014223250741535784,-0.02254508687517864,0.024142305529640494,1.5915337444106796,2.4346260008645677,1.5071004595877229,-0.9485416530021087,-1.18508456400754,0.8395782948023652,-0.010551022289753069,0.09672524235567136,-0.12395535677404548,0.24122152549394515,-0.1961447183411122,-0.39450052446171524,-0.037530224837602835,-0.15059857596069975,0.1620889641558911,-0.4893377562973438,0.2092650075734766,0.4548275756060992,1.575065838549261,2.392126637804941,1.5180860496706106,-1.1614162295949166,-0.9236391599815941,1.0392371573601007,0.0,0.0,0.0,0.0,0.0,0.0,0.0,0.0,0.0,0.0,0.0,0.0,9.0,9.0,9.0,9.0,9.0,9.0,6.0,6.0,6.0,6.0,6.0,6.0,-0.12602794464940725,42.86933060398414,10.15749225083199,0.09026779209976203,-0.006272509464025022,2.9796840000373415e-05,0.23256648837227073
17.36666666666669,-0.12873051590217854,-0.5379063181224873,0.19975461511719744,0.0083375046554269,-0.004414939949973044,0.010591464547712148,-0.02752718558832761,-0.0037153819756251955,-0.03206795478361271,0.0,0.0,0.0,-0.12846781035718519,-0.5373120401644763,0.19914218958078342,0.011850423816939711,-0.002465628003247333,0.011682820126941697,-0.046213192394075175,-0.01848715779816068,-0.03189671415779305,0.0,0.0,0.0,0.6284905756901676,0.6826257045829857,1.9074005246263213,0.5931369217479676,0.6935603048892316,1.9243200168146293,-0.015797552302585758,-0.020332946150942915,0.021914479582746935,1.5911510185504756,2.4375616409423473,1.5032833850823606,-0.9412916826345624,-1.1911200560743715,0.8274598246980978,-0.011171524633998706,0.0909545490074859,-0.11765994236526298,0.22540658251557363,-0.18609141411699942,-0.37386957690591965,-0.018615070327369147,-0.1731208004455638,0.18886243226347516,-0.47444828935114597,0.3015991267233831,0.6189284266738669,1.575065838549261,2.392126637804941,1.5180860496706106,-1.1614162295949166,-0.9236391599815941,1.0392371573601007,0.0,0.0,0.0,0.0,0.0,0.0,0.0,0.0,0.0,0.0,0.0,0.0,9.0,9.0,9.0,9.0,9.0,9.0,6.0,6.0,6.0,6.0,6.0,6.0,-0.09280071741149865,42.92479769590591,10.158226995242858,0.0819478345063157,-0.00567527941917545,5.3754310699316576e-05,0.253614274985141
17.400000000000023,-0.12850167494899753,-0.5380551387612151,0.20004249179283723,0.007374015591474668,-0.004488750424404042,0.009200173927478692,-0.025177390809908093,-0.0009684070714316992,-0.04401327045580326,0.0,0.0,0.0,-0.1281095339308791,-0.5374068618787007,0.19949582277066574,0.010916557495066124,-0.0028396845737990364,0.010765288832015659,-0.045350424820554736,-0.015042333342400127,-0.04410559430806815,0.0,0.0,0.0,0.619728306226982,0.674858698015845,1.901768352834881,0.5859733203562877,0.6868583561017735,1.915580719970904,-0.01710763839619405,-0.01854878577791961,0.019451463738966973,1.5907747897557183,2.4402620385230835,1.499701125162434,-0.9345040144652824,-1.196702381959506,0.8162905475468929,-0.011248417439809779,0.08432613461722553,-0.11086517918695392,0.21088889089079085,-0.17367698907502316,-0.3480087353260715,-0.002306784174332172,-0.198852431707811,0.20384289534927172,-0.4355307487434833,0.3724327512592878,0.7758252473954437,1.575065838549261,2.392126637804941,1.5180860496706106,-1.1614162295949166,-0.9236391599815941,1.0392371573601007,0.0,0.0,0.0,0.0,0.0,0.0,0.0,0.0,0.0,0.0,0.0,0.0,9.0,9.0,9.0,9.0,9.0,9.0,6.0,6.0,6.0,6.0,6.0,6.0,-0.0644221583464244,42.95934360933466,10.151615143804516,0.07402987540574127,-0.00515788015041907,7.709616306511569e-05,0.25109115634938634
17.43333333333336,-0.12829932778436343,-0.5381987380203768,0.2002622968712271,0.006519508726226357,-0.004403913650483977,0.00738648620968835,-0.022736782312947082,0.003558752671924727,-0.05629467656539292,0.0,0.0,0.0,-0.12778132781195448,-0.5375099052997487,0.19980791997564437,0.010000450330646251,-0.0031060861817988235,0.00955549694401961,-0.04394791706646384,-0.009796733350396991,-0.0574794749867773,0.0,0.0,0.0,0.6116465327638344,0.6680266524606192,1.8965986126259589,0.5792364267986151,0.6804841371731616,1.9073006746867125,-0.018128909244659607,-0.01722475075460159,0.01675360474217711,1.590424061028457,2.442696243139264,1.496377320703141,-0.9281295952453279,-1.2017526326266803,0.8062162082472674,-0.010764047025161108,0.07679280386268426,-0.10343114891484258,0.19778468136268737,-0.1588973430351585,-0.31748969776786756,0.014531112439460142,-0.22599992263623786,0.2230209081633403,-0.3931262858431045,0.4433893811959396,0.9155711267461194,1.575065838549261,2.392126637804941,1.5180860496706106,-1.1614162295949166,-0.9236391599815941,1.0392371573601007,0.0,0.0,0.0,0.0,0.0,0.0,0.0,0.0,0.0,0.0,0.0,0.0,9.0,9.0,9.0,9.0,9.0,9.0,6.0,6.0,6.0,6.0,6.0,6.0,-0.035240995893565774,42.98673220204539,10.147311752695241,0.06701291962543017,-0.004685225540826288,9.838381590554501e-05,0.2686023544397604
17.466666666666693,-0.12811929856471854,-0.5383327284802593,0.20041835556925897,0.005785260217958239,-0.004178628615548676,0.005516839046940263,-0.019915940497333813,0.007585337339549329,-0.05763382364491448,0.0,0.0,0.0,-0.1274820600964063,-0.5376176583568669,0.20007588084479463,0.009116540135593014,-0.0032656915694777677,0.008235489811515354,-0.041886357653898365,-0.004656825749629334,-0.06204269516246752,0.0,0.0,0.0,0.6042362499161222,0.6621345964022641,1.8918998935453901,0.5729506099334777,0.6745185451759924,1.8995104392704654,-0.018885889753205626,-0.01630897249797554,0.013876185177800043,1.590108403031783,2.4448694768000574,1.4933205755579269,-0.9221529685981684,-1.2062625099725166,0.7972218389833889,-0.009901175608536416,0.06906227450342997,-0.09561195254256016,0.18546076006408482,-0.14316332792844785,-0.28571728453352524,0.025886142498740786,-0.23191588077762862,0.23457589116847252,-0.36971763895807636,0.47202045320131963,0.95317239703027,1.575065838549261,2.392126637804941,1.5180860496706106,-1.1614162295949166,-0.9236391599815941,1.0392371573601007,0.0,0.0,0.0,0.0,0.0,0.0,0.0,0.0,0.0,0.0,0.0,0.0,9.0,9.0,9.0,9.0,9.0,9.0,6.0,6.0,6.0,6.0,6.0,6.0,-0.012338362527868796,43.051782391304556,10.151728946061237,0.06037456243193959,-0.004351792577766744,0.0001057163109862147,0.2660364269128891
17.50000000000003,-0.12795899491984014,-0.5384520362181062,0.20048992088625905,0.005143051133197516,-0.003805164400646832,0.0032109934888439736,-0.017989882678780256,0.011884781421237878,-0.07042118014315685,0.0,0.0,0.0,-0.1272108105728131,-0.5377261447306665,0.2002879634669951,0.008261478505517058,-0.0033066640085435495,0.006596028504594992,-0.040019359542243116,0.0009840662656923627,-0.07652201200883724,0.0,0.0,0.0,0.5975962125330487,0.6575769697155324,1.8877091242943886,0.5671777432438111,0.6691936513901605,1.8922507716615462,-0.019298579104373687,-0.015909986577801332,0.010777012819036244,1.5898508919928371,2.4467520633922986,1.4905401922810049,-0.9164662426411714,-1.2101088527524686,0.7895914524409945,-0.008450612648425998,0.06067249001263055,-0.08747831638595997,0.17555477249463566,-0.12464796490852317,-0.24784682569239908,0.04351688880331253,-0.2516935347239826,0.24400908469800572,-0.2971796270834748,0.5554608905977406,1.1361137652337845,1.575065838549261,2.392126637804941,1.5180860496706106,-1.1614162295949166,-0.9236391599815941,1.0392371573601007,0.0,0.0,0.0,0.0,0.0,0.0,0.0,0.0,0.0,0.0,0.0,0.0,9.0,9.0,9.0,9.0,9.0,9.0,6.0,6.0,6.0,6.0,6.0,6.0,0.021018756965756946,43.07726983528636,10.148646377221981,0.05463654143011584,-0.0039071915537833846,0.0001337893579510807,0.3338710841202297
17.533333333333363,-0.12781583436068755,-0.5385551693913238,0.20046747852668925,0.004583600703863034,-0.003353009935307041,0.0005680216371560903,-0.016254836269221837,0.014176117088205679,-0.08026896961749558,0.0,0.0,0.0,-0.12696654013269912,-0.537832656584052,0.20043496112365958,0.007437823119914267,-0.0032600720195322436,0.0046716671056751995,-0.03806285887912653,0.005079627759011274,-0.08919964350868126,0.0,0.0,0.0,0.5917329802042965,0.6543809066418679,1.8840371600811066,0.5619520335188742,0.6646228386372761,1.885550605093719,-0.019403819383743,-0.015974040639869815,0.0075106796186863055,1.5896590044400336,2.4483297608681105,1.4880369707950247,-0.9110319233527904,-1.2132759822085706,0.7833361142557216,-0.006654621938879963,0.05177811285378346,-0.07922386851492573,0.16720464326583245,-0.10489191075821289,-0.20772237226959267,0.05387972128638108,-0.2668313147654127,0.2476334361310273,-0.25050387686409653,0.5926816245093087,1.203733602684192,1.575065838549261,2.392126637804941,1.5180860496706106,-1.1614162295949166,-0.9236391599815941,1.0392371573601007,0.0,0.0,0.0,0.0,0.0,0.0,0.0,0.0,0.0,0.0,0.0,0.0,9.0,9.0,9.0,9.0,9.0,9.0,6.0,6.0,6.0,6.0,6.0,6.0,0.040700744909023534,43.10050339453614,10.144763851113707,0.04875340546096053,-0.003588937782667889,0.00014511739897266063,0.30545690460257346
17.5666666666667,-0.1276869877737166,-0.5386450842985514,0.20034783054332148,0.0041082236689601506,-0.002931301794792881,-0.002245643302471327,-0.014313682644722584,0.013253401952000634,-0.08508756516795214,0.0,0.0,0.0,-0.12674781628156545,-0.5379366325753413,0.20051031757695445,0.0066561032515986,-0.003186037704419202,0.002536121159306917,-0.0356379428361282,0.006267081501089677,-0.09823671482395513,0.0,0.0,0.0,0.5868806741544179,0.6524031646570349,1.8813296912272113,0.5573986117795532,0.6608245899547085,1.87962327702009,-0.019438407237051814,-0.01649925486693755,0.003939470915457962,1.589578461547707,2.4494722871255528,1.4859944994546024,-0.9062858841380789,-1.2154841450179394,0.778558256186823,-0.0038290651594890287,0.040109896100112535,-0.06725738298008632,0.15065566538284214,-0.07912722644011293,-0.1647979521345029,0.08476670338172802,-0.3500465026101277,0.35899456604518243,-0.4964693364897098,0.7729405295429986,1.2877326040526929,1.575065838549261,2.392126637804941,1.5180860496706106,-1.1614162295949166,-0.9236391599815941,1.0392371573601007,0.0,0.0,0.0,0.0,0.0,0.0,0.0,0.0,0.0,0.0,0.0,0.0,9.0,9.0,9.0,9.0,9.0,9.0,6.0,6.0,6.0,6.0,6.0,6.0,0.08531131122913416,43.01666093287814,10.145934576679535,0.04213803581930018,-0.002945195898361952,0.00014710437786510933,0.7656335005832443
17.600000000000033,-0.12757031717642112,-0.5387253111219501,0.20015174507768688,0.003704744193362198,-0.002592653467697248,-0.00470443070317716,-0.012462495623636046,0.010759492657011214,-0.07426651673341692,0.0,0.0,0.0,-0.12655317610449723,-0.5380382913329165,0.20051863932589997,0.005918647001115817,-0.0031136545850030473,0.0004889180320144125,-0.03313976550774145,0.006058422840814259,-0.09293405050572634,0.0,0.0,0.0,0.5828023967292215,0.6514578149107809,1.8792310793111622,0.5534702734078149,0.6577700778451026,1.87438534084257,-0.019315674583785372,-0.017285477768788023,0.00035286770565040593,1.5895710161928969,2.4503122729567237,1.4842524677880713,-0.9019466856436892,-1.2170277251672756,0.7749569656467782,-0.0014252621493676247,0.03016968199011725,-0.057259760990648036,0.13700252501540816,-0.05724734513343012,-0.1269584615123973,0.07211409030364212,-0.2982064232998586,0.2999286596831485,-0.409594211023019,0.6563964392004843,1.1351847186631674,1.575065838549261,2.392126637804941,1.5180860496706106,-1.1614162295949166,-0.9236391599815941,1.0392371573601007,0.0,0.0,0.0,0.0,0.0,0.0,0.0,0.0,0.0,0.0,0.0,0.0,9.0,9.0,9.0,9.0,9.0,9.0,6.0,6.0,6.0,6.0,6.0,6.0,0.07375139667176667,43.13962331367155,10.152125968769443,0.03660906307187831,-0.0030442513246466962,0.0001310791991525062,0.20082854534102906
17.63333333333337,-0.1274620063895171,-0.5388020967033166,0.19987692126828538,0.0034022625141980714,-0.0024075646804056516,-0.007092404485312203,-0.009559157486575254,0.006198619884589025,-0.07201059362448915,0.0,0.0,0.0,-0.12638012458833517,-0.5381395162427501,0.20045774346770698,0.00525245605026013,-0.0030902696794799793,-0.0016010124211943983,-0.029394358336970683,0.0036018980066874207,-0.09395357347051458,0.0,0.0,0.0,0.5795033326884189,0.6512949151700762,1.8775760903816838,0.5501791923047835,0.6553814988536124,1.869767820420063,-0.01910742005421537,-0.018246518410313887,-0.003100751041416768,1.589614925575468,2.450860671059453,1.482767173065843,-0.8980119697155852,-1.2181064912642672,0.772383750530001,0.0004031002682986116,0.021024522717960518,-0.04879248144144955,0.12436182690055053,-0.04065777031764158,-0.09378378950634259,0.05485087252998709,-0.27435477816470194,0.2540183864759546,-0.37922094344572904,0.4976872444736561,0.9952401601816419,1.575065838549261,2.392126637804941,1.5180860496706106,-1.1614162295949166,-0.9236391599815941,1.0392371573601007,0.0,0.0,0.0,0.0,0.0,0.0,0.0,0.0,0.0,0.0,0.0,0.0,9.0,9.0,9.0,9.0,9.0,9.0,6.0,6.0,6.0,6.0,6.0,6.0,0.045893980151962,43.19339152613912,10.14687701868181,0.030832995990160796,-0.0032628999654169544,0.00011317896678975092,0.2547648846218691
17.666666666666703,-0.12735991157848223,-0.5388817689501645,0.19953456775919995,0.003176784243358229,-0.0024002305880186977,-0.009233023268907715,-0.0072090172458217205,0.0009105744091121024,-0.06448231853843164,0.0,0.0,0.0,-0.1262264613378636,-0.5382428940066638,0.2003303642904658,0.0046538944691866405,-0.0031410736072299155,-0.0036260357901061217,-0.02587365498871863,-2.1582680158616085e-05,-0.08985979611375638,0.0,0.0,0.0,0.5771174312774561,0.6516352983920288,1.8761276919593646,0.5475982366715941,0.6535462005115383,1.8656568184495914,-0.01890474182611069,-0.019344596166036943,-0.0062471466802380745,1.5896737860568433,2.4511347036018707,1.4815095925816464,-0.8945829658131109,-1.2189998035453573,0.7707663903890346,0.001311576383605545,0.012488825087670189,-0.04141577016441241,0.11003402034966694,-0.0314188357276837,-0.063608465988106,0.027254283459208002,-0.25607092890870986,0.2213013383111141,-0.4298341965265075,0.27716803769873655,0.9052597055470976,1.575065838549261,2.392126637804941,1.5180860496706106,-1.1614162295949166,-0.9236391599815941,1.0392371573601007,0.0,0.0,0.0,0.0,0.0,0.0,0.0,0.0,0.0,0.0,0.0,0.0,9.0,9.0,9.0,9.0,9.0,9.0,6.0,6.0,6.0,6.0,6.0,6.0,-0.006020688473368674,43.23137921811111,10.143960548651384,0.02497241041148543,-0.0036460854920572494,9.826333354998051e-05,0.3028847561242354
17.70000000000004,-0.12726397698527075,-0.5389638565053076,0.1991493082522301,0.002978241789576003,-0.0024430752677055993,-0.010799688310040086,-0.006251490174381813,-0.0006021751400402324,-0.04718100538069044,0.0,0.0,0.0,-0.1260907631042357,-0.5383485854322095,0.20014645499770387,0.004102307392757449,-0.003207076408731838,-0.005383617503391712,-0.023383774347675246,-0.0007931070355393643,-0.07619754232660414,0.0,0.0,0.0,0.5755405658562953,0.6523265972994081,1.8748007123649992,0.5457138385799561,0.6521829374236249,1.861982311070739,-0.018707577977303616,-0.020478989137635815,-0.009055674374542268,1.5897344606518278,2.4511958241769074,1.4804444249222128,-0.8916353275743949,-1.2197998255652331,0.7699393633393689,0.0016506840275584285,0.005385353196621979,-0.03510860991013857,0.09563077155754082,-0.026473385640080702,-0.03774336298934963,0.010173229318586505,-0.2131041567314463,0.1892148076282153,-0.43209746376378344,0.14836350262808984,0.7759530899626912,1.575065838549261,2.392126637804941,1.5180860496706106,-1.1614162295949166,-0.9236391599815941,1.0392371573601007,0.0,0.0,0.0,0.0,0.0,0.0,0.0,0.0,0.0,0.0,0.0,0.0,9.0,9.0,9.0,9.0,9.0,9.0,6.0,6.0,6.0,6.0,6.0,6.0,-0.03149802004994551,43.326419808047895,10.160067111341265,0.021101780716298653,-0.0038474687750291725,8.155908874560303e-05,0.3445936113738627
17.733333333333373,-0.12717252617057165,-0.5390553596160397,0.19873357046207965,0.0028222919799408466,-0.0026433100399415425,-0.011928300611592625,-0.004794206864044108,-0.005347222158518115,-0.0339951771794065,0.0,0.0,0.0,-0.12597106250415682,-0.5384595713960447,0.19991338037546436,0.0036086730693457966,-0.0033524069682299776,-0.006910696449578246,-0.020406249474288707,-0.004606021814794303,-0.06447433993612828,0.0,0.0,0.0,0.5745574211388152,0.6532794834935409,1.8735289659529737,0.5444443627094032,0.6512343449214341,1.858685242354811,-0.0184727446182956,-0.021538627113602375,-0.011520154699007901,1.589792778047645,2.451121442025186,1.4794820847115617,-0.8890081832062006,-1.2205555435090678,0.769693086833243,0.0017165759255319429,0.00030747469777756345,-0.03094967418307052,0.08441981121640096,-0.023938820756717882,-0.017506651118967202,0.0019767569392054323,-0.15233635496533246,0.12476807181204144,-0.336328810234196,0.0760369465008846,0.6071013561114729,1.575065838549261,2.392126637804941,1.5180860496706106,-1.1614162295949166,-0.9236391599815941,1.0392371573601007,0.0,0.0,0.0,0.0,0.0,0.0,0.0,0.0,0.0,0.0,0.0,0.0,9.0,9.0,9.0,9.0,9.0,9.0,6.0,6.0,6.0,6.0,6.0,6.0,-0.03257045513277079,43.442866535716135,10.173102016689441,0.018091000108235777,-0.003924987636557464,6.34731905699848e-05,0.371343267813495
17.76666666666671,-0.12708475161279117,-0.5391543995477751,0.19830852498635437,0.0026967357986841796,-0.0028592731018838515,-0.012488467092973222,-0.003710916908484433,-0.005858940277901133,-0.016909795200541762,0.0,0.0,0.0,-0.12586566882514658,-0.5385757976698413,0.19964255284011936,0.0031674472695083994,-0.0035081089698682268,-0.008108222647916677,-0.017732384488257313,-0.005091601917444066,-0.048192514410803966,0.0,0.0,0.0,0.5740367454035104,0.6544123428502989,1.872260762385146,0.5437191630321017,0.650647821371439,1.8557133928526983,-0.018191156120195295,-0.02246519899077136,-0.0136365616996644,1.5898436683224888,2.4509707746189475,1.478589197821762,-0.8866432483064853,-1.2213130711004037,0.7698843011018653,0.0015899974720524556,-0.002910856558838711,-0.028174295857018555,0.07543863506643839,-0.023130158745623138,-0.0020112650005438253,-0.00379735360438462,-0.09654993769848823,0.08326134978155894,-0.2694352844988774,0.024259860332842352,0.4648615835527013,1.575065838549261,2.392126637804941,1.5180860496706106,-1.1614162295949166,-0.9236391599815941,1.0392371573601007,0.0,0.0,0.0,0.0,0.0,0.0,0.0,0.0,0.0,0.0,0.0,0.0,9.0,9.0,9.0,9.0,9.0,9.0,6.0,6.0,6.0,6.0,6.0,6.0,-0.031280599997134395,43.558767468927556,10.196079628894214,0.01614799353965391,-0.00398623203644366,4.8381588845874957e-05,0.38752852729099807
17.800000000000043,-0.12699962374665508,-0.5392575625486254,0.1978929120408695,0.0026019315362409545,-0.0030130186823100584,-0.012484839989841455,-0.002668452779608264,-0.0040536077989005,2.880027300350917e-05,0.0,0.0,0.0,-0.1257728676135995,-0.5386959791766179,0.19934597597839046,0.0027784002384719977,-0.0036321265206323487,-0.008946327463658917,-0.01510487695372209,-0.00357036552359169,-0.03069506425857682,0.0,0.0,0.0,0.5738283876215883,0.6555582274838685,1.870978783306191,0.5434539857815576,0.6503320938662275,1.85302854630083,-0.01788497962559303,-0.023173624791818274,-0.015403640701810573,1.5898832736821569,2.450786421967019,1.4777519885675767,-0.8845186073004081,-1.2221133411229608,0.7703099896299561,0.001322106350713165,-0.004657338558190397,-0.026135617036045455,0.0676390318103583,-0.023715453366349948,0.007843348894968134,-0.008036733640178716,-0.0523944599805506,0.06116036462919306,-0.23398809768240292,-0.01755883862180434,0.2956384168653588,1.575065838549261,2.392126637804941,1.5180860496706106,-1.1614162295949166,-0.9236391599815941,1.0392371573601007,0.0,0.0,0.0,0.0,0.0,0.0,0.0,0.0,0.0,0.0,0.0,0.0,9.0,9.0,9.0,9.0,9.0,9.0,6.0,6.0,6.0,6.0,6.0,6.0,-0.03036792248375275,43.656765956374166,10.222108629014464,0.014787265613760918,-0.004044983638226141,2.863601589503384e-05,0.3654481364564657
17.83333333333338,-0.12691667589849237,-0.539360703082876,0.19749788743317082,0.002526723094802723,-0.0030637263614892406,-0.012070432803387349,-0.002020856205062725,-0.001034951430439873,0.012372254973733484,0.0,0.0,0.0,-0.12569123324013232,-0.5388180799642487,0.1990333601430137,0.002434012824219295,-0.0036988176072489092,-0.009479975164931057,-0.012869320090183933,-0.0008473210090542693,-0.0160289959449762,0.0,0.0,0.0,0.5738090834274631,0.6566184463892974,1.8696993606590357,0.5435669953999259,0.6502111481818917,1.850609987846073,-0.017560977077924037,-0.023621793916258536,-0.016851079665214028,1.5899127607676689,2.450592436836312,1.4769688771456704,-0.8826117053644045,-1.2229553139291909,0.7708261988713123,0.0010304438271444621,-0.005432148800205634,-0.024374100783474656,0.06068438265685879,-0.024744607246715393,0.012938634458778913,-0.008749875707061086,-0.023244307260457103,0.05284548757712394,-0.20863947460498508,-0.03087461641096341,0.15285856691432337,1.575065838549261,2.392126637804941,1.5180860496706106,-1.1614162295949166,-0.9236391599815941,1.0392371573601007,0.0,0.0,0.0,0.0,0.0,0.0,0.0,0.0,0.0,0.0,0.0,0.0,9.0,9.0,9.0,9.0,9.0,9.0,6.0,6.0,6.0,6.0,6.0,6.0,-0.02588320081470208,43.726694692624235,10.24614356626633,0.013917204519083431,-0.004045558485149314,1.189337686646752e-05,0.36248840844080893
17.866666666666713,-0.12683441089095793,-0.5394631615340224,0.19714191114361063,0.002488026021973303,-0.003067522704121962,-0.011150095603681529,-0.000927127734309482,0.00028573252262776173,0.027563005914385316,0.0,0.0,0.0,-0.12561901477653967,-0.5389412087675995,0.19871753126903852,0.002141560476121885,-0.0037339814047141046,-0.009636896778249741,-0.010316370751637383,0.0006158202859705142,0.001898039031229093,0.0,0.0,0.0,0.5738568653043282,0.6574382137616627,1.8684012656088624,0.5439727357178231,0.6501833744250691,1.8484255603109336,-0.017236423967541832,-0.02375682593601914,-0.017973818170248654,1.5899283207569332,2.450431483064563,1.476221453298946,-0.8809106296316978,-1.2238849188917,0.7712570357709917,0.0006546810610063996,-0.0050297917017121255,-0.02307317719564978,0.05424964220641953,-0.026840301665756322,0.012929616146513558,-0.011272882984141874,0.012070712954805246,0.039027707634746216,-0.193042213513178,-0.06287083257122783,-0.00027054936796064993,1.575065838549261,2.392126637804941,1.5180860496706106,-1.1614162295949166,-0.9236391599815941,1.0392371573601007,0.0,0.0,0.0,0.0,0.0,0.0,0.0,0.0,0.0,0.0,0.0,0.0,9.0,9.0,9.0,9.0,9.0,9.0,6.0,6.0,6.0,6.0,6.0,6.0,-0.0234272990687876,43.807093797634316,10.270157536024872,0.01293496446058457,-0.0040946632673184435,-6.661959596199196e-06,0.28806916367072805
17.90000000000005,-0.12675123005912747,-0.5395635841986987,0.1968384806078755,0.0024934940482196355,-0.0030290266228787895,-0.009791408710833022,0.0003277257536519695,0.0014666850177665457,0.04071348899714606,0.0,0.0,0.0,-0.12555437947099804,-0.5390643608333422,0.19841034769491633,0.0019042200308000451,-0.0037385243665419613,-0.009431494880081142,-0.007644247384340552,0.002019191519305963,0.01892667392138181,0.0,0.0,0.0,0.5737477966031409,0.6578535242166291,1.867133935982667,0.5445373887093478,0.6501319419759367,1.846471499135287,-0.016913267594027177,-0.023490987849834225,-0.018811211535986888,1.5899358164655844,2.4503440491642565,1.4754894963323957,-0.8793560386456234,-1.224882436543115,0.7713505472887386,0.0003681411933535979,-0.003425275240035022,-0.02233019839622122,0.04917503379029214,-0.02889712025021691,0.006180102403776218,-0.008596196029584053,0.048135493850313106,0.022289363982856795,-0.15223825248382164,-0.06170455753381768,-0.2024854122821202,1.575065838549261,2.392126637804941,1.5180860496706106,-1.1614162295949166,-0.9236391599815941,1.0392371573601007,0.0,0.0,0.0,0.0,0.0,0.0,0.0,0.0,0.0,0.0,0.0,0.0,9.0,9.0,9.0,9.0,9.0,9.0,6.0,6.0,6.0,6.0,6.0,6.0,-0.009548233955399388,43.88934590179684,10.293150424792644,0.012346471657775922,-0.0040702883531860135,-3.06182442672831e-05,0.26022540533235694
17.933333333333383,-0.12666531997198643,-0.5396592088642173,0.19659761024061234,0.0025499668529756748,-0.0029213356993665596,-0.008086402331039699,0.001762408436022229,0.0034645258214773367,0.05109352402324093,0.0,0.0,0.0,-0.1254953940433766,-0.5391858925054264,0.19812243543900454,0.001725042847383963,-0.0036960757041748556,-0.008897874006317103,-0.004859688710431964,0.004185968265810303,0.034134395921987526,0.0,0.0,0.0,0.573353660976692,0.6577768773914447,1.8659299980189674,0.5451503197867328,0.6499641516428818,1.8447454186930752,-0.016590379913470156,-0.02281335925275105,-0.019398367715494004,1.589940816127275,2.4503532015686047,1.4747699797866598,-0.8779219692103286,-1.2259333028504227,0.7709660977552522,0.00022270696493063602,-0.0009587103263777371,-0.021833730380122204,0.045073066635994204,-0.03064969956289485,-0.005628956535136912,-0.004363026852688856,0.07399694740971854,0.014894040482970543,-0.12305901462893795,-0.05257737938033814,-0.3542717681673939,1.575065838549261,2.392126637804941,1.5180860496706106,-1.1614162295949166,-0.9236391599815941,1.0392371573601007,0.0,0.0,0.0,0.0,0.0,0.0,0.0,0.0,0.0,0.0,0.0,0.0,9.0,9.0,9.0,9.0,9.0,9.0,6.0,6.0,6.0,6.0,6.0,6.0,0.005031381237433852,43.95402852887796,10.313715815137833,0.011902709729702324,-0.004032577162838891,-4.847259182910735e-05,0.22274370107543817
17.96666666666672,-0.12657708687880634,-0.5397490513746243,0.19641411362770275,0.0026153003393461207,-0.002770671376511989,-0.0063698593844892775,0.0019532503486361366,0.004699228996637915,0.05142061559588191,0.0,0.0,0.0,-0.12544103103380172,-0.5393047036477852,0.19785782188397477,0.0015810492821048887,-0.003618267647331493,-0.00821175707913081,-0.003202038085046155,0.005774885720221334,0.040808025026463746,0.0,0.0,0.0,0.5726291187242716,0.6572418377600422,1.8648098293419304,0.5457350761259537,0.6496416863446675,1.8432436164855175,-0.016247052357196076,-0.021780319865599796,-0.01977960572391666,1.5899471049746325,2.450456938834468,1.4740579457793064,-0.8765636944065727,-1.227006225629834,0.7700905752793445,0.000200012602124835,0.0017551752084714878,-0.021518590273777675,0.04218985162044992,-0.0316750221091915,-0.01938676836319809,-0.0006808308841740308,0.08141656604547674,0.009454203190335863,-0.08649645046632844,-0.030759676388899475,-0.41273435484183524,1.575065838549261,2.392126637804941,1.5180860496706106,-1.1614162295949166,-0.9236391599815941,1.0392371573601007,0.0,0.0,0.0,0.0,0.0,0.0,0.0,0.0,0.0,0.0,0.0,0.0,9.0,9.0,9.0,9.0,9.0,9.0,6.0,6.0,6.0,6.0,6.0,6.0,0.014516994281203788,43.976704484961964,10.32303567510988,0.011353467685465135,-0.003947857154286805,-5.442739928004925e-05,0.19766036864876949
18.000000000000053,-0.1264840889875241,-0.5398311322457945,0.19629896583583328,0.002732523609386076,-0.0025665801823511257,-0.004431483795995802,0.0034579659709280714,0.0062896699551332645,0.058002686467175435,0.0,0.0,0.0,-0.12538925585205016,-0.5394193061245205,0.19762574275045336,0.0014948486980974108,-0.0034968079567200975,-0.007264647482850746,-0.0004878977160114317,0.007741399543215621,0.05257690648945035,0.0,0.0,0.0,0.5711072382466785,0.6561485767174517,1.8635501562308805,0.5460425814944424,0.6490819116898549,1.8418579455040591,-0.015745619700705513,-0.02023700470985647,-0.019862521194878583,1.5899380942917702,2.4507895288021593,1.4731936968774366,-0.8748706209405617,-1.2282481469250668,0.7683236987015759,-0.00011354278987117615,0.007236857756649853,-0.024457841461985614,0.04792475319370302,-0.035396766607719225,-0.041799787676439285,-0.009406661759880334,0.16445047644535096,-0.0881775356462382,0.17204704719759287,-0.11165233495583177,-0.672390579397236,1.575065838549261,2.392126637804941,1.5180860496706106,-1.1614162295949166,-0.9236391599815941,1.0392371573601007,0.0,0.0,0.0,0.0,0.0,0.0,0.0,0.0,0.0,0.0,0.0,0.0,9.0,9.0,9.0,9.0,9.0,9.0,6.0,6.0,6.0,6.0,6.0,6.0,0.017401831136542922,44.12810873187477,10.336730208815425,0.011460296614666035,-0.004118571359865486,-7.797467598411045e-05,0.10522284397748671
18.03333333333339,-0.12638716718432735,-0.5399057008852101,0.19624339988418738,0.002850395982410409,-0.0023500160393908937,-0.002595367965344569,0.0035112246352087565,0.006669056314131389,0.05485670125818176,0.0,0.0,0.0,-0.12533922117072385,-0.5395290357555518,0.19742789133416447,0.001439091593001512,-0.0033517751062022076,-0.006235465157393663,0.0008933040480232357,0.008731361646088232,0.05570529585555217,0.0,0.0,0.0,0.5689648757324505,0.6546056630793601,1.8619507780067863,0.5460490586687518,0.6482859306485385,1.8404634352193254,-0.01509211284522752,-0.018377488221008882,-0.019600318313286205,1.5898905622712134,2.4513449186647898,1.472154987505134,-0.872826549427178,-1.2298088889969063,0.7658482910339611,-0.000988488007758409,0.013520083171487701,-0.028926801266713324,0.056856347998910116,-0.043013763639365855,-0.06344141591110994,-0.026248356536616984,0.18849676244513544,-0.13406879414183132,0.26794784415621287,-0.22850991094939882,-0.6492488470401199,1.575065838549261,2.392126637804941,1.5180860496706106,-1.1614162295949166,-0.9236391599815941,1.0392371573601007,0.0,0.0,0.0,0.0,0.0,0.0,0.0,0.0,0.0,0.0,0.0,0.0,9.0,9.0,9.0,9.0,9.0,9.0,6.0,6.0,6.0,6.0,6.0,6.0,-0.011647832885139486,44.16924526921932,10.335042101028558,0.009869493277640674,-0.004335420148989799,-7.190745691149081e-05,0.05295926212942789
18.066666666666723,-0.12628221730143885,-0.5399759161249178,0.19625594222950063,0.0030505826859317164,-0.002191871409607738,-0.0006218143759932866,0.006089948606844172,0.004922836406898825,0.05892432470057766,0.0,0.0,0.0,-0.1252881861208422,-0.5396346880515245,0.19727143902388852,0.001458652875122405,-0.003223885248417772,-0.005009189184120457,0.004394805987569583,0.007774772938446972,0.06428545991251733,0.0,0.0,0.0,0.5662860833342038,0.6524272286600312,1.8602536626055635,0.545741373026206,0.6471479586068322,1.8391105577480604,-0.014448829804053983,-0.016222741455207926,-0.019131089623673943,1.5898293564798835,2.4520663396984794,1.4710405978140726,-0.8707044399846966,-1.231568058140743,0.7626298787369356,-0.0015536118291838029,0.018935115064280576,-0.03193006091013426,0.061394304849265044,-0.04952130408985659,-0.0855153845775491,-0.016953714642761818,0.1624509567837863,-0.09009778930262811,0.1361387055106479,-0.19522621351472202,-0.6622190599931749,1.575065838549261,2.392126637804941,1.5180860496706106,-1.1614162295949166,-0.9236391599815941,1.0392371573601007,0.0,0.0,0.0,0.0,0.0,0.0,0.0,0.0,0.0,0.0,0.0,0.0,9.0,9.0,9.0,9.0,9.0,9.0,6.0,6.0,6.0,6.0,6.0,6.0,0.0012022281531032242,44.1514995209018,10.340040042295536,0.0070910658272579155,-0.004190316902577429,-7.86875991470315e-05,0.15270032016603394
18.10000000000006,-0.1261682478750641,-0.5400465293259638,0.1963350125270246,0.0032983413087327084,-0.002148896458556095,0.0013648591128445947,0.007725437384517337,0.0014763470383122295,0.05921945705747892,0.0,0.0,0.0,-0.12523428023457042,-0.5397381960026357,0.19716022407779374,0.0015376741665398047,-0.003148576759794378,-0.003654946066058871,0.007101754932495874,0.005146090811734894,0.06949048909074707,0.0,0.0,0.0,0.5630401902520867,0.6497152563649315,1.8581467275168564,0.5450699526863569,0.6456627773622721,1.8376566161190548,-0.013701055561431915,-0.013843741724819229,-0.018338283821564674,1.5897249048648716,2.4530252705862554,1.4697313176776226,-0.8682795843958266,-1.2337416061658717,0.7586950386530058,-0.002606902909966606,0.0254903227769479,-0.03682895636571113,0.06896188006048756,-0.05997806186585784,-0.10720192987111231,-0.031598732423484086,0.19665623138001978,-0.1469668636673061,0.22702725633667553,-0.3137027332800376,-0.650596358806896,1.575065838549261,2.392126637804941,1.5180860496706106,-1.1614162295949166,-0.9236391599815941,1.0392371573601007,0.0,0.0,0.0,0.0,0.0,0.0,0.0,0.0,0.0,0.0,0.0,0.0,9.0,9.0,9.0,9.0,9.0,9.0,6.0,6.0,6.0,6.0,6.0,6.0,-0.02004636019856565,44.2193246502644,10.335550559133313,0.004203342734656189,-0.004379725151526959,-7.442984493469251e-05,0.022163190504762204
18.133333333333393,-0.1260438583481392,-0.540118613645146,0.19647572684773063,0.0035903006047397303,-0.0021665775969186463,0.003257226508967907,0.009343170960692622,-0.0003271205678041949,0.05626495025930664,0.0,0.0,0.0,-0.12517555099259106,-0.5398403917643327,0.1970958098507174,0.0016759048681554446,-0.0031026375223644933,-0.0022418255073471437,0.009767090420808255,0.0036557501205258802,0.0713639832837707,0.0,0.0,0.0,0.5591490647568021,0.6464119218208835,1.8555468057626865,0.5439613602151633,0.6437782214897809,1.8360130858538113,-0.01285202518944428,-0.011233712236240546,-0.01722597372889262,1.5895687218378054,2.45423709035343,1.4681905835781592,-0.8654726536126475,-1.2364051825994955,0.7539556219890283,-0.00399262817798241,0.032733169602472474,-0.043091000777835044,0.07912590901708033,-0.07326421596109205,-0.13052230990325384,-0.04157175804047411,0.21728540476573727,-0.18786133236371735,0.30492086869778323,-0.39858462285702595,-0.699611400964246,1.575065838549261,2.392126637804941,1.5180860496706106,-1.1614162295949166,-0.9236391599815941,1.0392371573601007,0.0,0.0,0.0,0.0,0.0,0.0,0.0,0.0,0.0,0.0,0.0,0.0,9.0,9.0,9.0,9.0,9.0,9.0,6.0,6.0,6.0,6.0,6.0,6.0,-0.03526708669053935,44.27060655057951,10.33013465523379,0.0011474356082887271,-0.0044776850617596065,-7.868621156353894e-05,0.05002039223256649
18.16666666666673,-0.12591155077660204,-0.5401909551353097,0.19666286502281552,0.0038469765485039907,-0.0021802130256717432,0.004813946669046973,0.00857515933630103,-0.00018610770161182037,0.046098003572606745,0.0,0.0,0.0,-0.12511170423114162,-0.539941029532761,0.19707432847378975,0.0018304264187775305,-0.0030547470821961275,-0.0009204728125916499,0.010361576936213535,0.0036753684082384552,0.0660656464472984,0.0,0.0,0.0,0.554854307202479,0.642774371666434,1.8525457547594595,0.542470654015739,0.6415719544878828,1.834171796494668,-0.011922190066064339,-0.00860770467389083,-0.015931512460075754,1.589372576318841,2.4556344629531313,1.4664838714359656,-0.8623956326415415,-1.239444467087043,0.7487357223805272,-0.0052537864386134215,0.038858508528184205,-0.04849790976981895,0.08791572242781152,-0.08520709507131768,-0.14790542880443913,-0.037834747818930335,0.18376016777135185,-0.16220726975951724,0.2636944023219358,-0.35828637330676916,-0.5214935670355586,1.575065838549261,2.392126637804941,1.5180860496706106,-1.1614162295949166,-0.9236391599815941,1.0392371573601007,0.0,0.0,0.0,0.0,0.0,0.0,0.0,0.0,0.0,0.0,0.0,0.0,9.0,9.0,9.0,9.0,9.0,9.0,6.0,6.0,6.0,6.0,6.0,6.0,-0.03594988546489031,44.238965031361225,10.322010267554461,-0.0022579047600952695,-0.00424738645302658,-5.7524775726375266e-05,0.06484145949196579
18.200000000000063,-0.12576703972304917,-0.5402661317211971,0.196893498257272,0.004177898152109921,-0.0022451111113440557,0.00619874638884281,0.011147117423225012,-0.0017110659053470654,0.04078710213861932,0.0,0.0,0.0,-0.12504005342848554,-0.54004120915578,0.19709529709053908,0.002056702226982374,-0.003035036882811372,0.0003742882005269971,0.013591856348045717,0.002262449181746007,0.0639505269200975,0.0,0.0,0.0,0.5499233757874747,0.6386646196768104,1.8490587271166152,0.5404892263152467,0.6389859847810998,1.8320686357455631,-0.010891550569716121,-0.0058404114687562545,-0.01441974143076898,1.5891318633044016,2.4572605839227393,1.4645409669105804,-0.8588848037268554,-1.2429446396573312,0.7427922497816164,-0.006565522434995528,0.045475255568228,-0.0550240604309732,0.09952181910299457,-0.09840581642953357,-0.1681712615796968,-0.03935207989146319,0.19850241120131393,-0.1957845198346274,0.34818290025549153,-0.3959616407464765,-0.6079749832577304,1.575065838549261,2.392126637804941,1.5180860496706106,-1.1614162295949166,-0.9236391599815941,1.0392371573601007,0.0,0.0,0.0,0.0,0.0,0.0,0.0,0.0,0.0,0.0,0.0,0.0,9.0,9.0,9.0,9.0,9.0,9.0,6.0,6.0,6.0,6.0,6.0,6.0,-0.03478702849639781,44.29297091462188,10.315517027818176,-0.005978161869565797,-0.004208540396103411,-6.642768721627779e-05,0.1383664741144447
18.2333333333334,-0.1256082990763841,-0.5403448607539028,0.19716023162103066,0.004574056636967311,-0.0023413306240263982,0.007378907261362244,0.01345134617812839,-0.0026115696390327505,0.03450397797905516,0.0,0.0,0.0,-0.12495832763354853,-0.5401415912488946,0.19715641617082097,0.0023522054052595273,-0.0030366168216770543,0.0016052011926886497,0.016667237039909688,0.0011956415549718713,0.06010494094715879,0.0,0.0,0.0,0.5445003755035244,0.6341423579203544,1.8452128710831057,0.5380325551358428,0.6360227164332067,1.8297219267754177,-0.009827905946828903,-0.003045491289666721,-0.01279863510192007,1.5888635872917003,2.4590577932363598,1.462428620660557,-0.8550855845157966,-1.2468128527104079,0.7362693115201708,-0.007554027732356851,0.051102604795157956,-0.060588278477460275,0.10915832392217237,-0.11016619987137927,-0.18651585242214458,-0.02965515892083968,0.1688204768078987,-0.16692654139461216,0.28909514457533414,-0.35281150325537103,-0.5503377252734336,1.575065838549261,2.392126637804941,1.5180860496706106,-1.1614162295949166,-0.9236391599815941,1.0392371573601007,0.0,0.0,0.0,0.0,0.0,0.0,0.0,0.0,0.0,0.0,0.0,0.0,9.0,9.0,9.0,9.0,9.0,9.0,6.0,6.0,6.0,6.0,6.0,6.0,-0.021645579325443087,44.28371907936566,10.309186307459289,-0.010516204029913698,-0.003959921834740365,-6.165698604577996e-05,0.09019964089047736
18.266666666666733,-0.12543679097377855,-0.540426726131133,0.19745303510946097,0.004962802008340707,-0.0024400661377301665,0.008291247940411457,0.013543855521281456,-0.002629524966666113,0.026339071286177237,0.0,0.0,0.0,-0.12486578454727824,-0.5402423040988943,0.19725354208256937,0.0026770299827689895,-0.0030446964835066,0.0027191041357004916,0.017811598894700298,0.0008463945557313224,0.05379173172535534,0.0,0.0,0.0,0.5387624132201623,0.6292219532459737,1.8410158941147483,0.5351587649405698,0.6326774169290655,1.827120079191525,-0.008785680998117622,-0.00031326242782399663,-0.011082161872049742,1.58856324949945,2.460971704003474,1.4601963615581948,-0.8511269889593857,-1.251060256383794,0.7293058996128029,-0.008524765089126645,0.055312416940669074,-0.06484127487306743,0.11555801910227596,-0.12167014009151748,-0.20144018895474125,-0.029122120703093838,0.1262943643653335,-0.1275898918682145,0.19199085540310776,-0.3451182066041466,-0.4477300959779001,1.575065838549261,2.392126637804941,1.5180860496706106,-1.1614162295949166,-0.9236391599815941,1.0392371573601007,0.0,0.0,0.0,0.0,0.0,0.0,0.0,0.0,0.0,0.0,0.0,0.0,9.0,9.0,9.0,9.0,9.0,9.0,6.0,6.0,6.0,6.0,6.0,6.0,-0.03158954844967621,44.25153408111279,10.299426750882837,-0.015659533141865314,-0.0037700177964512527,-5.2690243749153876e-05,0.08608310247232331
18.300000000000068,-0.12525851470706245,-0.5405089929200166,0.1977598185872088,0.005228897963245704,-0.0024848681278650934,0.00887302542578788,0.010078343198313505,-0.000961491207112056,0.01632780506015684,0.0,0.0,0.0,-0.12476409250028314,-0.5403423477397526,0.19738075142953782,0.0029629366129443812,-0.0030279141627623544,0.003662152562576899,0.01570031289429985,0.0019944374503619855,0.04500649359328657,0.0,0.0,0.0,0.5328573104650531,0.6241243014814243,1.8365156076301272,0.5319328730476548,0.6290358407400224,1.8242667595067776,-0.007741554114808094,0.0022324166578222048,-0.009348871654535565,1.588232423796316,2.4629617702527065,1.4578803360297066,-0.847044629289401,-1.2555986358181455,0.7221362217430818,-0.009458102425722582,0.05823879729820996,-0.06793426886078839,0.1201665331004506,-0.13132430205086898,-0.21054028704600367,-0.02800012009787809,0.08779141072622663,-0.092789819631629,0.138255419945239,-0.2896248587805449,-0.2730029427378728,1.575065838549261,2.392126637804941,1.5180860496706106,-1.1614162295949166,-0.9236391599815941,1.0392371573601007,0.0,0.0,0.0,0.0,0.0,0.0,0.0,0.0,0.0,0.0,0.0,0.0,9.0,9.0,9.0,9.0,9.0,9.0,6.0,6.0,6.0,6.0,6.0,6.0,-0.03974641321763284,44.22996977022753,10.291433936708296,-0.020411773117168422,-0.0034409086514426424,-3.229375040976479e-05,0.08739280320541692
18.333333333333403,-0.1250722443166749,-0.5405908772488832,0.1980732134494613,0.005478316966513674,-0.0024955972400328764,0.009196460763572441,0.009757791753035403,0.00010436561586981167,0.00845371178789606,0.0,0.0,0.0,-0.12465270195557412,-0.5404412310690729,0.19753322086537345,0.0032571384684353193,-0.002994774086967636,0.0044548535725773865,0.0158659871009752,0.0027248771381405135,0.0373147566267793,0.0,0.0,0.0,0.526551589830087,0.6187821910247967,1.8318325192127112,0.5282691384619693,0.6250855500496948,1.8212018593284907,-0.006684647272278206,0.004723216615320923,-0.007666463231488526,1.587887983021435,2.465032620523154,1.4554686998999558,-0.8427400095316692,-1.2603268400023917,0.7145607438631336,-0.010041516306191232,0.06082993784168548,-0.07087747888194655,0.12614790618812144,-0.13833885103521554,-0.22168965328096454,-0.017502416414059505,0.07773421630426552,-0.08829630063474489,0.17944119263012495,-0.21043646953039677,-0.3344809870488262,1.575065838549261,2.392126637804941,1.5180860496706106,-1.1614162295949166,-0.9236391599815941,1.0392371573601007,0.0,0.0,0.0,0.0,0.0,0.0,0.0,0.0,0.0,0.0,0.0,0.0,9.0,9.0,9.0,9.0,9.0,9.0,6.0,6.0,6.0,6.0,6.0,6.0,-0.01996962610314279,44.26372405269751,10.287251908560838,-0.024861936541970615,-0.003075382286931605,-3.9117625662041244e-05,0.25842577047505466
18.366666666666738,-0.12487949755037848,-0.5406701686489837,0.1983833794093258,0.00569196446406644,-0.002452083382605783,0.009235313431005091,0.008804279168165598,0.001744208885410518,-0.00021811787653183397,0.0,0.0,0.0,-0.12453190717290265,-0.5405378527418008,0.19770484297698793,0.0035448363803255887,-0.0029307697909197595,0.0050671199413547694,0.0153301235417036,0.004137889800906791,0.028293637573405306,0.0,0.0,0.0,0.519845281178273,0.6133034352890647,1.8268513032127336,0.5241442543107283,0.6208720427773913,1.817877842234249,-0.005565377013343784,0.007109331676955332,-0.005992411810000209,1.5875179343084265,2.4671923311687842,1.4529299014674435,-0.8381096294056543,-1.2653075888205707,0.7066415085057522,-0.010748146362231342,0.06347085885983245,-0.07440179494422877,0.13465690458300536,-0.14572792670865184,-0.23228125824128149,-0.021198901681203305,0.07922763054440918,-0.10572948186846647,0.255269951846518,-0.22167227020308877,-0.31774814880950847,1.575065838549261,2.392126637804941,1.5180860496706106,-1.1614162295949166,-0.9236391599815941,1.0392371573601007,0.0,0.0,0.0,0.0,0.0,0.0,0.0,0.0,0.0,0.0,0.0,0.0,9.0,9.0,9.0,9.0,9.0,9.0,6.0,6.0,6.0,6.0,6.0,6.0,-0.027683354095965784,44.311450515600924,10.280374533005272,-0.02968334339998068,-0.0029167034098900313,-3.4794161644119415e-05,0.21479716497344808
18.400000000000073,-0.12468551289370405,-0.5407460274746168,0.19868466050824843,0.005788025173606576,-0.002370859014759209,0.009068510145906705,0.005265612940616676,0.002901079398140822,-0.006417555966364762,0.0,0.0,0.0,-0.12440384079790355,-0.5406315939449897,0.19789060177713008,0.0037763210075605477,-0.0028462289223878997,0.005522762109838094,0.012439823723837673,0.005043802196171399,0.020521552837354573,0.0,0.0,0.0,0.5129945673333806,0.6079123131799783,1.8218690532733275,0.5196515632419721,0.6165070327558861,1.8144053667369353,-0.0044627229633289215,0.009225821616642411,-0.004518361928281127,1.5871524278571956,2.469355732229019,1.4503814401106334,-0.833382390490631,-1.2702668722458779,0.6986925095151668,-0.010892844478694997,0.06442497415797314,-0.07576982545094302,0.13943041316146665,-0.1477616440756912,-0.23640706589213573,-0.004340943493909658,0.028623458944221088,-0.04104091520142749,0.14320525735383827,-0.061011521011180445,-0.1237742295256268,1.575065838549261,2.392126637804941,1.5180860496706106,-1.1614162295949166,-0.9236391599815941,1.0392371573601007,0.0,0.0,0.0,0.0,0.0,0.0,0.0,0.0,0.0,0.0,0.0,0.0,9.0,9.0,9.0,9.0,9.0,9.0,6.0,6.0,6.0,6.0,6.0,6.0,-0.005058929334809559,44.287136884966586,10.27745713194674,-0.03518203653511223,-0.0023221624902671767,-1.3296625849534838e-05,0.11447059436326393
18.433333333333408,-0.12449184055749346,-0.5408187150939714,0.19897194214207328,0.005813600300230104,-0.00228196373336432,0.00872964256971484,0.003098125466284149,0.0031005318941638702,-0.011632633162511317,0.0,0.0,0.0,-0.12426976001611896,-0.5407222910379698,0.19808582362134625,0.003966863028250873,-0.0027544553886973003,0.005834220568275501,0.010314884705972638,0.005307334498938943,0.013440274687213538,0.0,0.0,0.0,0.5058333738506723,0.6026468890463629,1.8168792474554842,0.5147418737846305,0.6120425397653833,1.8108045908642512,-0.003317609699962383,0.011158508825039834,-0.003225361659938377,1.5867921706435053,2.4715536395708484,1.4477744531534882,-0.8284021448338863,-1.275180262013369,0.6906179017505059,-0.010836092433371362,0.06543313822258662,-0.07739634762655183,0.1460817175220509,-0.14752167670838623,-0.2402945105905971,0.0017025613597090672,0.03024492193840399,-0.04879566526826415,0.19953913081752783,0.007199021019149231,-0.11662334095384103,1.575065838549261,2.392126637804941,1.5180860496706106,-1.1614162295949166,-0.9236391599815941,1.0392371573601007,0.0,0.0,0.0,0.0,0.0,0.0,0.0,0.0,0.0,0.0,0.0,0.0,9.0,9.0,9.0,9.0,9.0,9.0,6.0,6.0,6.0,6.0,6.0,6.0,0.008395220228916811,44.344822357915646,10.274213071287585,-0.040506671514102685,-0.0019562027493067458,-1.0533678290902682e-05,0.23207418883015718
18.466666666666743,-0.12430201887496624,-0.5408884867809519,0.19924336642402538,0.005744567199746309,-0.0021949971336264803,0.008295403446518681,0.00016494775140859065,0.0029715647076786434,-0.01452148356656413,0.0,0.0,0.0,-0.12413174333612399,-0.5408099324495276,0.19828711550939018,0.0040975166863419,-0.0026613559328966144,0.0060364949973884,0.007317256031896369,0.005288299717095768,0.008113057512256105,0.0,0.0,0.0,0.4983512200575538,0.5976596713811496,1.8119264412130307,0.5094017052731172,0.607572900453651,1.8071049904790977,-0.0021012906043965484,0.012874584664396869,-0.00214542748774545,1.5864424267672348,2.4737965588410114,1.4450964053975228,-0.8231075189734225,-1.2799671137045023,0.6824971948167161,-0.01060690833653368,0.06666943147745635,-0.07935973766148782,0.154586423049958,-0.14491092605879416,-0.2425123088726618,0.0068755229051304925,0.03708879764609225,-0.058901701048079624,0.25514116583721297,0.0783225194877623,-0.06653394846194198,1.575065838549261,2.392126637804941,1.5180860496706106,-1.1614162295949166,-0.9236391599815941,1.0392371573601007,0.0,0.0,0.0,0.0,0.0,0.0,0.0,0.0,0.0,0.0,0.0,0.0,9.0,9.0,9.0,9.0,9.0,9.0,6.0,6.0,6.0,6.0,6.0,6.0,0.021158046341949177,44.414295592423,10.272907308144061,-0.04616009150646167,-0.0015741135867535228,-2.0858315977895225e-06,0.19388694208014084
18.500000000000078,-0.12411947491328021,-0.54095441620659,0.19949750831025145,0.00557508072972962,-0.002088512164122495,0.007803052552802327,-0.0029841434080099885,0.003495082479790334,-0.016216945942417342,0.0,0.0,0.0,-0.12399213081351039,-0.5408940933506207,0.19849148552030393,0.0041587307930379645,-0.002557124594908822,0.006145186553200438,0.00390375988724867,0.005737766655613541,0.003594191870650132,0.0,0.0,0.0,0.4906937061714488,0.5929005122061789,1.807170415287708,0.5036886921827483,0.6031183335489952,1.8033884186266702,-0.0009268233502382688,0.014350724668949934,-0.001316849838713116,1.5861120364641892,2.4760237435041894,1.442429721791998,-0.8176971316995365,-1.2845244228810706,0.6744055270157201,-0.010143442173089143,0.0667668370893789,-0.07978691799766097,0.15973655316103905,-0.13944982555096436,-0.24267079231080615,0.013903984903336088,0.00292216835767631,-0.012815410085194512,0.15450390333243116,0.1638330152348945,-0.004754503144330208,1.575065838549261,2.392126637804941,1.5180860496706106,-1.1614162295949166,-0.9236391599815941,1.0392371573601007,0.0,0.0,0.0,0.0,0.0,0.0,0.0,0.0,0.0,0.0,0.0,0.0,9.0,9.0,9.0,9.0,9.0,9.0,6.0,6.0,6.0,6.0,6.0,6.0,0.027282047211712124,44.417995891309396,10.270479862585072,-0.05277593125249292,-0.001154605323964386,2.515965714496027e-06,0.14171422579036003
18.533333333333413,-0.12394653794477029,-0.5410156135304697,0.1997343216492896,0.00532564411810161,-0.0019597238714784988,0.007285835645789881,-0.0055029907623110365,0.00401867253030834,-0.016989576872033833,0.0,0.0,0.0,-0.12385302061338618,-0.5409741815922976,0.19869683010516992,0.0041553641348661425,-0.002435982757682328,0.006185605550579412,0.0007642466718624785,0.006458490369201542,0.0003347392495332002,0.0,0.0,0.0,0.48250631372789304,0.5885113840655621,1.8024595721080872,0.49746773967097796,0.5987626461235349,1.7996173352904874,0.0003911627514284579,0.015703112759320934,-0.0006752604109305066,1.5857901448639204,2.4783454730615975,1.439632138079701,-0.8117693807569908,-1.2888978134318294,0.6661723881085408,-0.009818979396406314,0.06869020351128594,-0.08254731357848923,0.17180053657126088,-0.13395108619882923,-0.2455530422471862,0.009733883300484858,0.057700992657211195,-0.08281186742484786,0.3619195023066547,0.16496218056405387,-0.08646749809140086,1.575065838549261,2.392126637804941,1.5180860496706106,-1.1614162295949166,-0.9236391599815941,1.0392371573601007,0.0,0.0,0.0,0.0,0.0,0.0,0.0,0.0,0.0,0.0,0.0,0.0,9.0,9.0,9.0,9.0,9.0,9.0,6.0,6.0,6.0,6.0,6.0,6.0,0.031877206665509084,44.567511304283435,10.272780133217317,-0.05838305683577155,-0.0009433220108332474,-1.214923057643591e-06,0.35512726174924103
18.566666666666748,-0.1237835098397809,-0.5410718101627392,0.19995303075481885,0.005043422854140583,-0.0018183614506725653,0.006744281633262744,-0.006594185364459367,0.004272936556149708,-0.01771473508069792,0.0,0.0,0.0,-0.1237156501825927,-0.5410498995239029,0.19890084388807142,0.004110407960174455,-0.0023046885661349983,0.00615631525984878,-0.001242583264750241,0.006850767538219671,-0.0029541260873537922,0.0,0.0,0.0,0.47369626222463407,0.5843216015785351,1.7979203638107375,0.4906662716692989,0.5944720384968722,1.7958482014980035,0.0017571788041043199,0.01701735943773135,-0.00024233786138368142,1.5854855277420734,2.480742175402957,1.4367329695979938,-0.805383156586388,-1.293024427356193,0.6576367253941166,-0.009365335569075942,0.07083078133094711,-0.08549914082697244,0.1849913289358083,-0.12718264055354742,-0.2525642683708823,0.013609314819911157,0.0642173345898352,-0.08855481745449643,0.39572377093642314,0.20305336935845433,-0.2103367837108837,1.575065838549261,2.392126637804941,1.5180860496706106,-1.1614162295949166,-0.9236391599815941,1.0392371573601007,0.0,0.0,0.0,0.0,0.0,0.0,0.0,0.0,0.0,0.0,0.0,0.0,9.0,9.0,9.0,9.0,9.0,9.0,6.0,6.0,6.0,6.0,6.0,6.0,0.04169473944413449,44.6406711027819,10.272507634643253,-0.06530761888204664,-0.0006439380548610707,-1.6568560035977453e-05,0.2635694682446992
18.600000000000083,-0.12363202797396432,-0.5411248536558887,0.200151552976354,0.004717277435626786,-0.0017083031458502672,0.006155609054293679,-0.008051254033913843,0.003252374079367857,-0.019054077389076014,0.0,0.0,0.0,-0.12358163661811222,-0.5411219027799617,0.1991006796495123,0.004017476557957517,-0.002188887418459284,0.006043118894474756,-0.0035288607599124333,0.006019900911526932,-0.006880024287932773,0.0,0.0,0.0,0.4644774228425905,0.5803522587987999,1.7937089735900211,0.48334635339145315,0.5902673875350899,1.792170147035119,0.003072610554463278,0.01818969229427156,-6.478995799215738e-05,1.5852113352556745,2.4831517372008007,1.4338114383061118,-0.7987458475471481,-1.2967945807015009,0.6489588561642625,-0.008605628251004568,0.07180149640053177,-0.0869303394466283,0.19440995709673578,-0.11779728042400679,-0.2577454740540413,0.022791219542141215,0.029121452087539527,-0.0429359585896758,0.28255884482782445,0.28156080388621885,-0.1554361704947705,1.575065838549261,2.392126637804941,1.5180860496706106,-1.1614162295949166,-0.9236391599815941,1.0392371573601007,0.0,0.0,0.0,0.0,0.0,0.0,0.0,0.0,0.0,0.0,0.0,0.0,9.0,9.0,9.0,9.0,9.0,9.0,6.0,6.0,6.0,6.0,6.0,6.0,0.05297520609050532,44.64479043787553,10.267602939812111,-0.07352228351428389,-0.0002331168143896445,-1.3265149710083024e-05,0.09734891203010007
18.633333333333418,-0.12349193922693437,-0.5411750686285792,0.20032944691791066,0.0043796709459307,-0.0016141715131661517,0.005545965500262788,-0.008563859172836303,0.0027350979262343324,-0.01956539177188848,0.0,0.0,0.0,-0.12345194118591721,-0.5411904229179787,0.1992941469870131,0.0038925892861177702,-0.002081418615890158,0.0058609119360130005,-0.005025626573864406,0.005541543827062512,-0.010051825547995108,0.0,0.0,0.0,0.4551325959148862,0.5765709937121323,1.7898255426357268,0.4756378392262263,0.5861522966847725,1.788619552550612,0.004250505881949364,0.019132160372097067,-8.13754340205251e-05,1.5849625783650494,2.485515560470881,1.4309376954793382,-0.7920791486763901,-1.300245131060974,0.6403165314620715,-0.007843680562840774,0.07121029753511975,-0.08645163635101573,0.19813729644740524,-0.10827676733079604,-0.2587616520618344,0.022858430644913826,-0.017735965962360437,0.014361092868377275,0.11182018052008409,0.2856153927963227,-0.030485340233791743,1.575065838549261,2.392126637804941,1.5180860496706106,-1.1614162295949166,-0.9236391599815941,1.0392371573601007,0.0,0.0,0.0,0.0,0.0,0.0,0.0,0.0,0.0,0.0,0.0,0.0,9.0,9.0,9.0,9.0,9.0,9.0,6.0,6.0,6.0,6.0,6.0,6.0,0.04161481553566637,44.624887601487444,10.25970289383649,-0.08250729815501842,-6.921088033573497e-06,-2.5736109693259845e-06,0.06529597080139432
18.666666666666753,-0.12336556484673596,-0.5412259303207128,0.20048283757683988,0.003991722008631151,-0.0015944146809868296,0.004852250196099592,-0.01027072955351895,0.00046310639332388173,-0.02198720223781881,0.0,0.0,0.0,-0.12332843429876388,-0.5412569786971128,0.1994778459913838,0.003714634888391316,-0.0020144862672968017,0.005580662964546703,-0.007509655314266839,0.003538115614780679,-0.01456964728031318,0.0,0.0,0.0,0.4456326653245218,0.5730740754905171,1.786346126810737,0.4675659271102579,0.5821807340849061,1.7852540711928946,0.005338014605014911,0.019859103730404937,-0.00032688523799044664,1.584748713115798,2.48784118968652,1.4280942030689698,-0.7853269001764597,-1.3032828134564387,0.6317392616132823,-0.006891865172640121,0.0702493501578118,-0.08568706032437269,0.20109073548107723,-0.09684590368622752,-0.2577992809963934,0.028554461706019614,-0.02882842131923864,0.022937280799290936,0.08860317101015967,0.34292590933705563,0.028871131963230552,1.575065838549261,2.392126637804941,1.5180860496706106,-1.1614162295949166,-0.9236391599815941,1.0392371573601007,0.0,0.0,0.0,0.0,0.0,0.0,0.0,0.0,0.0,0.0,0.0,0.0,9.0,9.0,9.0,9.0,9.0,9.0,6.0,6.0,6.0,6.0,6.0,6.0,0.05217825603337434,44.663259426758025,10.252603950894052,-0.09091619963796761,0.0003554880768383839,4.4584258298181745e-06,0.11392522907611824
18.700000000000088,-0.12325266891059938,-0.5412800326538297,0.2006088027690624,0.0035918634525963326,-0.0016511477635374203,0.0040733599385194665,-0.01084960384598671,-0.0018418420106502409,-0.02442935627526806,0.0,0.0,0.0,-0.12321211216659543,-0.5413231032113328,0.19964845939669645,0.003503091722077985,-0.001993227705719424,0.005200226893869538,-0.0090381303269087,0.0013155492921796963,-0.019138839578514144,0.0,0.0,0.0,0.4361369625800846,0.5698817447753507,1.7832415021513965,0.45921884583679196,0.5783856825567895,1.782091843491133,0.006306885871972175,0.02032638136644732,-0.0007445910724762249,1.584565417248295,2.490104943557363,1.4252982091789266,-0.7785701301345826,-1.3059404692514294,0.623346896534956,-0.005963205740939039,0.06869152746946958,-0.0844822312423252,0.20216564599789866,-0.08543508379521972,-0.25378039523199064,0.027859782951032433,-0.046734680650266314,0.03614487246142433,0.03224731550464253,0.34232459673023413,0.12056657293208271,1.575065838549261,2.392126637804941,1.5180860496706106,-1.1614162295949166,-0.9236391599815941,1.0392371573601007,0.0,0.0,0.0,0.0,0.0,0.0,0.0,0.0,0.0,0.0,0.0,0.0,9.0,9.0,9.0,9.0,9.0,9.0,6.0,6.0,6.0,6.0,6.0,6.0,0.04726531389981936,44.684939553933546,10.242757075313136,-0.09976181673855611,0.0005683996450625006,1.459607904477113e-05,0.0751138862040571
18.733333333333423,-0.12315254135114588,-0.5413369023414412,0.20070789743650966,0.00320247186822593,-0.0017231711820854963,0.0032797215291379823,-0.010768622520259744,-0.0022699570966189814,-0.0247335746125079,0.0,0.0,0.0,-0.12310357679875358,-0.5413891468899109,0.19980411256097821,0.0032710505478404416,-0.001987820590509945,0.004756602806454914,-0.009926939111096988,0.0005394730270804615,-0.02189716549810017,0.0,0.0,0.0,0.42692220793602526,0.5669835176793173,1.7804507717921843,0.45075126241327224,0.5747837483118469,1.7791279059030627,0.007096040166038731,0.020463181543473624,-0.0012588367845777996,1.5844028831938766,2.4922606272009173,1.4226036378508975,-0.7719916667785737,-1.3082944725439911,0.6153248676114441,-0.0052384163353471555,0.0660108486942404,-0.08205217030802439,0.19895781578614613,-0.07555842711630806,-0.24503404354756633,0.02174368216775652,-0.08042036325687514,0.07290182802902445,-0.09623490635257595,0.29629970036734976,0.26239055053272914,1.575065838549261,2.392126637804941,1.5180860496706106,-1.1614162295949166,-0.9236391599815941,1.0392371573601007,0.0,0.0,0.0,0.0,0.0,0.0,0.0,0.0,0.0,0.0,0.0,0.0,9.0,9.0,9.0,9.0,9.0,9.0,6.0,6.0,6.0,6.0,6.0,6.0,0.026054038291588144,44.679388102493064,10.233778113337484,-0.1088100412660839,0.0006569783899432746,2.9202541169889157e-05,0.043025884895703526
18.766666666666758,-0.12306558778711503,-0.5414027776056168,0.2007711341903664,0.002808566824109673,-0.0019245934900868377,0.002302377212997448,-0.011169711476366462,-0.006088889710786241,-0.0301245025337741,0.0,0.0,0.0,-0.12300373343392196,-0.5414580741527308,0.1999392680954677,0.003012622131940863,-0.0020613978601104984,0.004160625493511549,-0.011087175602666255,-0.0032310850373455935,-0.028870623427291076,0.0,0.0,0.0,0.4181602060505011,0.5644739166635075,1.777929374516627,0.4422975132804704,0.5714315473056459,1.7763539868925635,0.007720270364186703,0.02022281307503676,-0.0018403878552519888,1.5842568734513822,2.4942885156373684,1.4200043956677326,-0.7656236929180582,-1.310367970328488,0.607844230215426,-0.004666333628336873,0.06256138496042929,-0.07933556709930886,0.19367874913902514,-0.06665609806204213,-0.2312907624362181,0.017162481210308483,-0.10348391201433307,0.0814980962614658,-0.15837199941362962,0.26706987162797785,0.41229843334044725,1.575065838549261,2.392126637804941,1.5180860496706106,-1.1614162295949166,-0.9236391599815941,1.0392371573601007,0.0,0.0,0.0,0.0,0.0,0.0,0.0,0.0,0.0,0.0,0.0,0.0,9.0,9.0,9.0,9.0,9.0,9.0,6.0,6.0,6.0,6.0,6.0,6.0,0.012021079448765404,44.680125277796535,10.21822949131035,-0.11770952639085608,0.0007903114845349002,4.66443538911386e-05,0.04411176392918051
18.800000000000093,-0.12299320336975988,-0.5414804850378603,0.2007878741202666,0.002385282814915825,-0.002225584025498996,0.0010509052318762168,-0.012356583964435923,-0.00898652606860022,-0.038240893475670855,0.0,0.0,0.0,-0.12291394618996873,-0.5415320772376297,0.20004673761251154,0.0027150778327001703,-0.002203347708947641,0.003356426106356461,-0.012841242112775708,-0.006451630675423203,-0.03842529347557555,0.0,0.0,0.0,0.40999455742385854,0.5625697393996324,1.775688709019702,0.43398361358648957,0.5684486860785063,1.7737809161066878,0.008228616314225053,0.019540906530845052,-0.002513661243893275,1.5841334331657677,2.496172703891148,1.4174971032598525,-0.7594447819551368,-1.3121024122167857,0.6011239526511453,-0.004024250255072828,0.058537560062400636,-0.0765910371907072,0.18813780230477062,-0.05690753711996902,-0.21150247209768724,0.019262501197921347,-0.12071474694085955,0.08233589725804992,-0.16622840502763594,0.29245682826219327,0.5936487101559261,1.575065838549261,2.392126637804941,1.5180860496706106,-1.1614162295949166,-0.9236391599815941,1.0392371573601007,0.0,0.0,0.0,0.0,0.0,0.0,0.0,0.0,0.0,0.0,0.0,0.0,9.0,9.0,9.0,9.0,9.0,9.0,6.0,6.0,6.0,6.0,6.0,6.0,0.014142678469914571,44.68922594541477,10.204524803798595,-0.12569743639232223,0.001044977132370839,7.005326456127094e-05,0.06809468793553594
18.833333333333428,-0.1229385756169041,-0.5415676280955909,0.20074214896197753,0.001888451022161064,-0.002511117826214228,-0.0006101805557025342,-0.014911399877219208,-0.008390191982590774,-0.05039765878709013,0.0,0.0,0.0,-0.12283647631351409,-0.5416111218071809,0.20011625796220978,0.0023533496449645915,-0.002354520824279502,0.0022562946316108555,-0.01576948362210162,-0.0068199825263430824,-0.052047210651036124,0.0,0.0,0.0,0.40261114311002016,0.5614242162977371,1.7739130538086931,0.4259561589473007,0.5659491131353882,1.7714973237436449,0.0085929450238371,0.018370516359506796,-0.0033708059400054747,1.5840537398280354,2.4978393386630873,1.4151556602253548,-0.7535626921344892,-1.3133149399866642,0.5953716322009844,-0.0029352835063348546,0.05284521545958283,-0.07235920642018866,0.1803543971812071,-0.04321973443755848,-0.1855472330357794,0.03266900246213921,-0.17077033808453415,0.12695492311555637,-0.23350215370690564,0.4106340804723163,0.7786571718572354,1.575065838549261,2.392126637804941,1.5180860496706106,-1.1614162295949166,-0.9236391599815941,1.0392371573601007,0.0,0.0,0.0,0.0,0.0,0.0,0.0,0.0,0.0,0.0,0.0,0.0,9.0,9.0,9.0,9.0,9.0,9.0,6.0,6.0,6.0,6.0,6.0,6.0,0.03277443738170294,44.64368978270783,10.192128457343857,-0.132814218743986,0.0015089260907565905,9.229980562782542e-05,0.09772465806567358
18.866666666666763,-0.12290141942588058,-0.5416588470813603,0.20063782506162312,0.0013729941328926734,-0.002683409060270304,-0.0023281573474608908,-0.015759246026484014,-0.004864252774527995,-0.05195767799505551,0.0,0.0,0.0,-0.122772382958518,-0.541693308790279,0.2001449268786852,0.0019548057724339003,-0.0024579342754572145,0.0010375595245302612,-0.017363176143491366,-0.0044738844908707165,-0.05707848444824304,0.0,0.0,0.0,0.39613189284427985,0.560997251210084,1.7728313694423585,0.41834421363894453,0.5639686058196931,1.7696339003686337,0.008738492860140295,0.01675825731911307,-0.0044778501456130115,1.5840436279543348,2.4992248857857984,1.4130844794613582,-0.7481834112396635,-1.3138351389064924,0.5906388654995204,-0.001180665309458182,0.04532601427409163,-0.06554335075332798,0.16770375029025084,-0.0248105565424158,-0.1565044117078756,0.05263854590630018,-0.22557603556473602,0.20447567000582037,-0.37951940672868795,0.5522753368542803,0.8712846398371147,1.575065838549261,2.392126637804941,1.5180860496706106,-1.1614162295949166,-0.9236391599815941,1.0392371573601007,0.0,0.0,0.0,0.0,0.0,0.0,0.0,0.0,0.0,0.0,0.0,0.0,9.0,9.0,9.0,9.0,9.0,9.0,6.0,6.0,6.0,6.0,6.0,6.0,0.06378973056826553,44.603423826458894,10.192672571518454,-0.13939617212945518,0.001994513939401532,0.00010068587317276292,0.10258071972665635
18.900000000000098,-0.12289268736209684,-0.5417448114826163,0.20043858423046101,0.000632780019349549,-0.0026297641641694082,-0.0047855236928294,-0.022747298573934354,0.0020419373357556344,-0.07392031863128914,0.0,0.0,0.0,-0.12272724329068065,-0.5417743717186286,0.20011415130679863,0.0014067374557583088,-0.0024439524713789802,-0.0006789982372614367,-0.02430431884318307,0.0011564148481202352,-0.08010730625520557,0.0,0.0,0.0,0.39132921067174753,0.561599545948843,1.7730850572304175,0.41155578019231986,0.5626781613260062,1.7685168265276805,0.008461615711199664,0.014384584415306838,-0.006125069112894591,1.5841661075143194,2.5000463472628294,1.4116070384213573,-0.7439292444559399,-1.313099445299566,0.5876146639567645,0.0020560360965372953,0.03153790096531899,-0.051396604384458956,0.14098458577122125,0.006443686624391407,-0.11265216809107503,0.09710104217986433,-0.41364339926317917,0.4244023910660708,-0.8015749355708878,0.9376272950042163,1.315567308504017,1.575065838549261,2.392126637804941,1.5180860496706106,-1.1614162295949166,-0.9236391599815941,1.0392371573601007,0.0,0.0,0.0,0.0,0.0,0.0,0.0,0.0,0.0,0.0,0.0,0.0,9.0,9.0,9.0,9.0,9.0,9.0,6.0,6.0,6.0,6.0,6.0,6.0,0.11735687999724931,44.31981155798263,10.174842645684512,-0.1451872034888273,0.0030802202807302947,0.00014653126397731406,0.7300967325929097
18.933333333333433,-0.12292245523554945,-0.5418106290376191,0.20011549262089784,-0.0003826022536475137,-0.0022063816204935336,-0.00806733545721448,-0.030959689174039483,0.013221105963053625,-0.09849537575883487,0.0,0.0,0.0,-0.12270748767309916,-0.5418466386875528,0.20000454580882132,0.0006704028237288135,-0.0022142521664586974,-0.0029700132077404434,-0.0330100069951762,0.011397567269090914,-0.10652243501068659,0.0,0.0,0.0,0.3887403776816803,0.5634899590437958,1.7748846893598536,0.4059816560262912,0.5622558389855635,1.768350120754226,0.007734331267877698,0.011106520870308959,-0.008323055526207214,1.5844349318256667,2.5001242221232984,1.4109205911229195,-0.7411349512271954,-1.3108892976157651,0.5868084015760637,0.006061831592460722,0.012070130864486717,-0.030861147430243145,0.102880726498629,0.046350849217481574,-0.05367597031104078,0.12017386487770282,-0.5840331030249682,0.6160637086264743,-1.1431157781777672,1.197214877792705,1.7692859334010276,1.575065838549261,2.392126637804941,1.5180860496706106,-1.1614162295949166,-0.9236391599815941,1.0392371573601007,0.0,0.0,0.0,0.0,0.0,0.0,0.0,0.0,0.0,0.0,0.0,0.0,9.0,9.0,9.0,9.0,9.0,9.0,6.0,6.0,6.0,6.0,6.0,6.0,0.1269636108111265,44.04523392672757,10.15896463249139,-0.1488764932581615,0.003834021575473967,0.0001960089340866042,0.5809808603254702
18.966666666666768,-0.12298764377121958,-0.54185632196852,0.1996888521232809,-0.0014269157792456758,-0.0016659104800223275,-0.011222697105787396,-0.031389069371923525,0.016777984110184167,-0.09469769552682146,0.0,0.0,0.0,-0.12271431298364828,-0.5419075669027344,0.19981636710811734,-0.00012461924571143662,-0.001886881509622824,-0.005338985798844205,-0.03545141982024402,0.015900236332514694,-0.10901662727921746,0.0,0.0,0.0,0.38799133236806327,0.5664406501851151,1.7780171677941219,0.40164125116701804,0.562680715591934,1.7691458958311994,0.006706435107897491,0.007302465302130852,-0.010846925776345936,1.58482553187162,2.4995664991452244,1.4109184402152626,-0.7395882054458146,-1.3074078657905377,0.5878377071675033,0.00983261144988433,-0.007131082606653443,-0.010330067296554966,0.06522849112715931,0.08507891957704232,0.0026941217251114785,0.11312339572270824,-0.5760364041342048,0.6159324040106454,-1.1295670611440907,1.1618421107868224,1.6911027610845677,1.575065838549261,2.392126637804941,1.5180860496706106,-1.1614162295949166,-0.9236391599815941,1.0392371573601007,0.0,0.0,0.0,0.0,0.0,0.0,0.0,0.0,0.0,0.0,0.0,0.0,9.0,9.0,9.0,9.0,9.0,9.0,6.0,6.0,6.0,6.0,6.0,6.0,0.11245083526090305,44.06954529228176,10.16867199824836,-0.15120254566250355,0.0038169957701696955,0.00018645017441120543,0.046343423534456724
19.000000000000103,-0.1231081082593568,-0.541868872861313,0.19911741833614854,-0.0028760325038172134,-0.000831151216265744,-0.015163666338559789,-0.04243824596802393,0.025470369091775715,-0.1184982244291663,0.0,0.0,0.0,-0.12275741976339377,-0.5419500059702197,0.19952800452491792,-0.0011788796080432389,-0.0013602991324408629,-0.008277424865094788,-0.04741403829593582,0.02518412252073432,-0.13489398733912417,0.0,0.0,0.0,0.3899622720403184,0.5704110119322842,1.7829294504158846,0.3990012765601253,0.5639668443584288,1.7711477791633465,0.005068463529423257,0.00272751273680186,-0.013827635209506126,1.5853472350470827,2.4980335779976843,1.4119709801154638,-0.740110654810336,-1.302340602298681,0.591288059984698,0.013711600659213907,-0.03303545048635424,0.01760744223850816,0.011293843085293596,0.12970490969614965,0.06990509691893035,0.11636967627988731,-0.7771310363910241,0.8381252860518937,-1.6180394412559715,1.3387797035732196,2.0163292558145662,1.575065838549261,2.392126637804941,1.5180860496706106,-1.1614162295949166,-0.9236391599815941,1.0392371573601007,0.0,0.0,0.0,0.0,0.0,0.0,0.0,0.0,0.0,0.0,0.0,0.0,9.0,9.0,9.0,9.0,9.0,9.0,6.0,6.0,6.0,6.0,6.0,6.0,0.0688809475174137,43.70093060470976,10.148818367052048,-0.15257970081688074,0.004341247529904724,0.0002128581981194616,0.8676664254000737
19.033333333333438,-0.12329846960672874,-0.541843201220951,0.1983895142839593,-0.004750642909665348,0.00019694475682080406,-0.019609822541636436,-0.05331088782083025,0.031001680773273473,-0.13426234743449583,0.0,0.0,0.0,-0.12284613375139589,-0.5419690833169833,0.1991255066529751,-0.0025123888868890318,-0.0006783670721315547,-0.01166016610079458,-0.06019424692135367,0.032274488583041716,-0.1545326734779282,0.0,0.0,0.0,0.3947961517166887,0.5753606617871732,1.789524867959665,0.39831404064015447,0.5661235353148518,1.7744198469994827,0.0029001964720500803,-0.0025132561467203123,-0.01712112295471709,1.5859598204632168,2.495471316849739,1.4141208773808243,-0.7428142842439837,-1.2957723017957026,0.597256939587135,0.01682224187575163,-0.06225703978768511,0.04886709272004483,-0.05030797431118869,0.1746009799582827,0.14267929102171678,0.09331923649613164,-0.876647679039926,0.9377895144461001,-1.8480545218944686,1.3468821078639912,2.1832258230835935,1.575065838549261,2.392126637804941,1.5180860496706106,-1.1614162295949166,-0.9236391599815941,1.0392371573601007,0.0,0.0,0.0,0.0,0.0,0.0,0.0,0.0,0.0,0.0,0.0,0.0,9.0,9.0,9.0,9.0,9.0,9.0,6.0,6.0,6.0,6.0,6.0,6.0,-0.010187993809972928,43.47997925921517,10.14116505248417,-0.1510853955661021,0.004422221206095811,0.00022542692875780063,0.5108814538083235
19.066666666666773,-0.12357267394211874,-0.541783694867196,0.1975064512164469,-0.007043085677632229,0.0011919989965132336,-0.024213105666786288,-0.063159069752619,0.029484011392053013,-0.14011897387552344,0.0,0.0,0.0,-0.12298979399669628,-0.5419642406932462,0.19860107503685795,-0.004128381047220973,4.0841666841827536e-05,-0.015309469631740937,-0.07298674888255352,0.033668269648785554,-0.165510777641245,0.0,0.0,0.0,0.40260185527071785,0.5811109382550762,1.7979851049694608,0.3997851135900662,0.5690978964110022,1.7791105213733729,0.00016983827838960158,-0.008279738532423378,-0.020744944186312175,1.5866506648375498,2.49181071545348,1.4174534261320857,-0.7479750448929928,-1.2876045638025175,0.6057446816893144,0.019424301445243968,-0.09396437452107129,0.08294000593191128,-0.11998453775057913,0.22155508651646139,0.21731460571749228,0.0780617870847702,-0.951220042001585,1.0221873963559933,-2.0902969031817134,1.4086231967453613,2.2390594408732656,1.575065838549261,2.392126637804941,1.5180860496706106,-1.1614162295949166,-0.9236391599815941,1.0392371573601007,0.0,0.0,0.0,0.0,0.0,0.0,0.0,0.0,0.0,0.0,0.0,0.0,9.0,9.0,9.0,9.0,9.0,9.0,6.0,6.0,6.0,6.0,6.0,6.0,-0.06689257362699075,43.28841869269022,10.142911191824894,-0.1476013577735214,0.0045861505625168775,0.0002218413195068554,0.7278294091883718
19.100000000000108,-0.12391801833717125,-0.5416979341619779,0.19651794649656767,-0.009221092786952092,0.002025359874132754,-0.027885212009467763,-0.05705989848780884,0.024256914365823314,-0.11340764784431406,0.0,0.0,0.0,-0.12318639997282363,-0.5419377798392981,0.19796907233921424,-0.00573415265151846,0.0007058671780946201,-0.01862607363738099,-0.07171224767509199,0.03070111775720541,-0.14787744353579946,0.0,0.0,0.0,0.41259279143307637,0.5873342386203403,1.8076345100051403,0.4032103903154805,0.572755042358377,1.7850191288052124,-0.002788059731859341,-0.014072505949212333,-0.024276399244776845,1.5873522825341964,2.4873529967508996,1.4216533106953058,-0.7550128050717051,-1.2784485984335747,0.616067542893155,0.02050712108134256,-0.12047583222530846,0.11164435990836907,-0.18075004949110493,0.2569710028843455,0.27889542598264533,0.032484589082957774,-0.795343731127115,0.8611306192937336,-1.8229653522157743,1.0624774910365224,1.8474246079545908,1.575065838549261,2.392126637804941,1.5180860496706106,-1.1614162295949166,-0.9236391599815941,1.0392371573601007,0.0,0.0,0.0,0.0,0.0,0.0,0.0,0.0,0.0,0.0,0.0,0.0,9.0,9.0,9.0,9.0,9.0,9.0,6.0,6.0,6.0,6.0,6.0,6.0,-0.13563929931856977,43.4828154119223,10.18190542204007,-0.14066658150140585,0.0035934129150996252,0.00017577049860297012,0.2705519018364928
19.133333333333443,-0.12435549416038977,-0.5415918168913881,0.1954235479242842,-0.011779772625326422,0.0026858958784740884,-0.03126730756939797,-0.06565080135137036,0.018735931743947352,-0.10631548779141745,0.0,0.0,0.0,-0.1234459503915153,-0.5418921574579258,0.19722916694065332,-0.0075964192763818255,0.0012991497783032852,-0.021900963627162286,-0.0831603792226745,0.02694154000401383,-0.1443365683283795,0.0,0.0,0.0,0.4247203772185939,0.5940108966116062,1.818384055271047,0.4085879152170614,0.5770602848105513,1.7920981625504773,-0.005923061538981544,-0.01986523571878271,-0.027696857096867887,1.5880152091438553,2.482124169492411,1.4266735467559855,-0.7638996279504955,-1.2683675143771278,0.6282187773738638,0.02009423922029506,-0.14473515591154884,0.13761950784971674,-0.23798647407284185,0.2872786820903852,0.33598983160839024,-0.012386455831425006,-0.7277797105872116,0.77925443824043,-1.7170927374521072,0.9092303761811915,1.7128321687723467,1.575065838549261,2.392126637804941,1.5180860496706106,-1.1614162295949166,-0.9236391599815941,1.0392371573601007,0.0,0.0,0.0,0.0,0.0,0.0,0.0,0.0,0.0,0.0,0.0,0.0,9.0,9.0,9.0,9.0,9.0,9.0,6.0,6.0,6.0,6.0,6.0,6.0,-0.22398165187543806,43.48790273149668,10.203682100673095,-0.13137833418837153,0.003104038631795758,0.00015722443747044276,0.7311652194260607
19.166666666666778,-0.12489007048896261,-0.5414792729680931,0.19424828554711837,-0.014562797995499562,0.0029993589094170943,-0.03408506503335303,-0.06947719417170563,0.007522765986384512,-0.09172449341276008,0.0,0.0,0.0,-0.123774239458518,-0.5418334837739524,0.19639027965070838,-0.009646033098186136,0.001723676138914254,-0.02493822811865017,-0.09119743952470061,0.01861732110038794,-0.13154696203315508,0.0,0.0,0.0,0.4395195774965031,0.6006523191149982,1.8304782186028028,0.4161882893863851,0.5817939659311943,1.800451335203186,-0.009571549939741974,-0.025688714154331535,-0.031045238560408618,1.5886278169397496,2.475981629577552,1.4327259546536995,-0.7754368701832344,-1.2573653603805206,0.6423525344384154,0.01895023565798126,-0.1710958502676928,0.16692132723751876,-0.31007366934572467,0.3158026406289394,0.39467175182716385,-0.034320106869414016,-0.7908208306843189,0.8790545816340604,-2.1626158581864843,0.855718756156626,1.7604576065632083,1.575065838549261,2.392126637804941,1.5180860496706106,-1.1614162295949166,-0.9236391599815941,1.0392371573601007,0.0,0.0,0.0,0.0,0.0,0.0,0.0,0.0,0.0,0.0,0.0,0.0,9.0,9.0,9.0,9.0,9.0,9.0,6.0,6.0,6.0,6.0,6.0,6.0,-0.2928419629153072,43.26639740623955,10.221107942582858,-0.12257928421669462,0.0027536698704764273,0.00014271601142374843,1.888931307038483
19.200000000000113,-0.12550165166439373,-0.5413655037393814,0.19303850827712293,-0.01702167507418572,0.0030992544725571437,-0.03579945314060721,-0.05755668469320188,0.0006112904031346979,-0.06054073301765235,0.0,0.0,0.0,-0.1241657973847533,-0.541766081253302,0.19547241915471514,-0.011581532851023054,0.002011312648606455,-0.027422286370366502,-0.0848119038782229,0.011914331271922762,-0.10392264946213281,0.0,0.0,0.0,0.4563338395996977,0.6071229227335749,1.843280483982341,0.4258322259230946,0.5868388221667981,1.809851978343177,-0.01336879128101693,-0.031214497961907457,-0.03399325598689028,1.589144612743436,2.4692174485925187,1.4395163608384762,-0.7890525236969418,-1.2460016590888379,0.6579846732796559,0.016652661293058098,-0.1923155697898973,0.19144856610804034,-0.37567096005605705,0.3325415727099648,0.44420002743386433,-0.0689272309476948,-0.6365915856661352,0.735817166115647,-1.9679187213099707,0.5021679624307622,1.485848268201015,1.575065838549261,2.392126637804941,1.5180860496706106,-1.1614162295949166,-0.9236391599815941,1.0392371573601007,0.0,0.0,0.0,0.0,0.0,0.0,0.0,0.0,0.0,0.0,0.0,0.0,9.0,9.0,9.0,9.0,9.0,9.0,6.0,6.0,6.0,6.0,6.0,6.0,-0.33528396116359294,43.405692669965525,10.271295390949454,-0.10791539221432632,0.0014363801018681954,0.00010838669975008278,0.7368173447898578
19.233333333333448,-0.12620788205522954,-0.5412635886762276,0.191809326416184,-0.01972456763712125,0.0028580043411648437,-0.03687321245555764,-0.06299744593985034,-0.010156196604977595,-0.04369176244636695,0.0,0.0,0.0,-0.12462883658246454,-0.5416970915133733,0.19448723995233486,-0.013711871592685785,0.0020939691127635986,-0.029522425590179098,-0.09322297903576282,0.0020547988639787462,-0.08470841551251018,0.0,0.0,0.0,0.4753423954921692,0.6133318546202534,1.8569583452367902,0.4376016029862205,0.59210208989666,1.8203266833062055,-0.01740016016462894,-0.036511281765541345,-0.036671984095059465,1.5895433554638756,2.46181038488063,1.4470994588369268,-0.8050465173585083,-1.234194183807754,0.6752461644549007,0.01352574150647478,-0.21224646416774973,0.21547814867169102,-0.4451035265833496,0.34699669652500104,0.49329649931618313,-0.09380759359749953,-0.5979268313355729,0.7208874769095207,-2.082976995818778,0.43365371445108714,1.4728941564695632,1.575065838549261,2.392126637804941,1.5180860496706106,-1.1614162295949166,-0.9236391599815941,1.0392371573601007,0.0,0.0,0.0,0.0,0.0,0.0,0.0,0.0,0.0,0.0,0.0,0.0,9.0,9.0,9.0,9.0,9.0,9.0,6.0,6.0,6.0,6.0,6.0,6.0,-0.38400193688749074,43.32247722681991,10.306732382262158,-0.0914812210748534,0.0008352582733921476,9.680382462552706e-05,1.6895659415023903
19.266666666666783,-0.12701605719348477,-0.5411805674096886,0.19058127325266455,-0.02265539984683847,0.0023523012817008356,-0.03737081564171177,-0.06822635583058698,-0.0187203593305331,-0.02934322995238993,0.0,0.0,0.0,-0.1251700471935283,-0.5416320911369867,0.19344808763499974,-0.016043524418924062,0.002002057395842575,-0.031220210057061847,-0.10185964193908115,-0.006238288688134475,-0.0648644345159255,0.0,0.0,0.0,0.49695938790417704,0.6189762129272105,1.8715253805524525,0.45171856960419965,0.5974077952767359,1.8318791673950832,-0.021834197229241202,-0.041647049015333296,-0.039046991700688996,1.5897873221249526,2.4536931774161763,1.4556045262982735,-0.8239637932821003,-1.2220946354614857,0.6943334873509509,0.009387913723695337,-0.23309297067831777,0.24192739878416528,-0.5267133606662906,0.3576565324336972,0.5461786243597316,-0.12413483348338326,-0.6253951953170411,0.793477503374228,-2.4482950224882307,0.31979507726088463,1.5864637513064541,1.575065838549261,2.392126637804941,1.5180860496706106,-1.1614162295949166,-0.9236391599815941,1.0392371573601007,0.0,0.0,0.0,0.0,0.0,0.0,0.0,0.0,0.0,0.0,0.0,0.0,9.0,9.0,9.0,9.0,9.0,9.0,6.0,6.0,6.0,6.0,6.0,6.0,-0.460870973450932,43.109477677710984,10.341001156664879,-0.07292265010118357,-1.2896775384296788e-05,9.113263702688335e-05,2.2742859599607543
19.300000000000118,-0.12793432852562384,-0.5411152555360534,0.1893725059965056,-0.025828676938259066,0.0017852024520840625,-0.037344015259705834,-0.0741931935033541,-0.020764953471119504,-0.0166113084462238,0.0,0.0,0.0,-0.12579676556787,-0.5415734496322777,0.19236751042409783,-0.018594107996012535,0.0018230450546551603,-0.03253365601333971,-0.11125104955215459,-0.010271000974952926,-0.04612772170350121,0.0,0.0,0.0,0.5211467746427783,0.6241161548019117,1.8866226838858615,0.4682512727873417,0.6027121228609738,1.8443612373840577,-0.026480563356383373,-0.046613328657923114,-0.04097642351643969,1.5898154441299128,2.4449755636769934,1.46494029142639,-0.8456904775526767,-1.2100180781302743,0.7153154152608268,0.003691744673770217,-0.2520499316764376,0.26735776882371676,-0.6101048056336231,0.360749990768793,0.6016980996507589,-0.17088507149775362,-0.5687088299435946,0.7629111011865449,-2.5017433490199745,0.09280375005287395,1.6655842587308185,1.575065838549261,2.392126637804941,1.5180860496706106,-1.1614162295949166,-0.9236391599815941,1.0392371573601007,0.0,0.0,0.0,0.0,0.0,0.0,0.0,0.0,0.0,0.0,0.0,0.0,9.0,9.0,9.0,9.0,9.0,9.0,6.0,6.0,6.0,6.0,6.0,6.0,-0.5511414675590385,43.0161027249075,10.386770821529455,-0.04878804184978707,-0.0013051757588353752,9.228912891764973e-05,1.678866045647295
19.333333333333453,-0.12892992885288698,-0.5410630471633312,0.1882090825053979,-0.02843296792394497,0.0013093857542047938,-0.03660626440408724,-0.05666731235409854,-0.017675198220502574,0.00279820113389017,0.0,0.0,0.0,-0.12649915775563894,-0.5415211903239687,0.19126129684062979,-0.020922369833093313,0.001630588284814211,-0.03338181599353938,-0.09955488694597969,-0.010753166320798258,-0.023770918678847508,0.0,0.0,0.0,0.5470294722669979,0.6287339692428721,1.9018191855481557,0.48687625195153267,0.6079645129519572,1.8575543798272462,-0.030974247905525318,-0.051066495096009634,-0.04232230513770534,1.589637867020538,2.435942621943439,1.474820458694431,-0.8694612240859388,-1.1983195599485401,0.737580692716412,-0.002320960629574728,-0.2646754785632417,0.2867226016353879,-0.6787831992097861,0.3542203605576153,0.6458715823286246,-0.18038115910034835,-0.378766406604123,0.5809449843501344,-2.0603518072848894,-0.19588890633533032,1.32520448033597,1.575065838549261,2.392126637804941,1.5180860496706106,-1.1614162295949166,-0.9236391599815941,1.0392371573601007,0.0,0.0,0.0,0.0,0.0,0.0,0.0,0.0,0.0,0.0,0.0,0.0,9.0,9.0,9.0,9.0,9.0,9.0,6.0,6.0,6.0,6.0,6.0,6.0,-0.5221448227740368,43.14661117945205,10.449039029728405,-0.018439772316921912,-0.003104945711984719,6.044007938521556e-05,0.7977760095722986
19.366666666666788,-0.130021839523338,-0.5410230121056637,0.1870937020836076,-0.03123145378603478,0.0008901728283729395,-0.03559697618885557,-0.06232982820034501,-0.015691709521042152,0.008437657766136988,0.0,0.0,0.0,-0.12728543198173342,-0.5414754741846617,0.19013833553192475,-0.02342924250200691,0.0014320662548773315,-0.03393117356994689,-0.1070985172450305,-0.01088166109501465,-0.009606221501761603,0.0,0.0,0.0,0.5748155297220212,0.6325854164310254,1.9169830148080855,0.507628833970463,0.6130201468216286,1.8713200980716589,-0.03545712295385335,-0.05508832707622721,-0.04304809069916607,1.589189615934948,2.4265787569999557,1.4852814746939915,-0.8955115238306275,-1.1872123553875025,0.7611802350378533,-0.009738675254995378,-0.27550245839074194,0.3047945205363451,-0.7472670612970348,0.3402175447399608,0.6872813738716993,-0.22253143876261947,-0.32480939482500715,0.5421575670287171,-2.05451586261746,-0.4200844745296346,1.2422937462922392,1.575065838549261,2.392126637804941,1.5180860496706106,-1.1614162295949166,-0.9236391599815941,1.0392371573601007,0.0,0.0,0.0,0.0,0.0,0.0,0.0,0.0,0.0,0.0,0.0,0.0,9.0,9.0,9.0,9.0,9.0,9.0,6.0,6.0,6.0,6.0,6.0,6.0,-0.5964692274730621,43.00935584609322,10.489122058774752,0.012154047718521695,-0.00470488915534828,4.424503494399046e-05,1.5868752477283476
19.400000000000123,-0.13121329498050074,-0.5409894697906723,0.1860335674243626,-0.034162109335796,0.0006114931299855547,-0.03436624586091325,-0.06628362923346953,-0.010976593147741472,0.012372016551185847,0.0,0.0,0.0,-0.12816060017978623,-0.5414343622410691,0.18900753589175012,-0.02609159425028474,0.0012828527301637165,-0.03420600575234204,-0.11347114827621008,-0.008376943084430266,0.003236020048778876,0.0,0.0,0.0,0.6044625924754311,0.635711176328499,1.9320411725449056,0.5304985854783866,0.6178256124766451,1.8855589993728075,-0.03985980059164367,-0.05871890311725526,-0.04321211320198271,1.5884530811097937,2.416935942693138,1.4963063555842313,-0.9238032297435533,-1.1767867437701072,0.786134276773096,-0.0179769215880847,-0.2846904389332732,0.3220957913169105,-0.8149231386908629,0.3219180805945578,0.7281746259954197,-0.24714738999267968,-0.2756394162759381,0.5190381234169631,-2.0296823218148408,-0.5489839243620901,1.2267975637116133,1.575065838549261,2.392126637804941,1.5180860496706106,-1.1614162295949166,-0.9236391599815941,1.0392371573601007,0.0,0.0,0.0,0.0,0.0,0.0,0.0,0.0,0.0,0.0,0.0,0.0,9.0,9.0,9.0,9.0,9.0,9.0,6.0,6.0,6.0,6.0,6.0,6.0,-0.6324976193805494,42.86012398629069,10.534219877696076,0.04630188798002428,-0.006244625657173097,3.9220725998434514e-05,1.5938243119991373
19.433333333333458,-0.13246630454446093,-0.5409589422910077,0.18504511905711937,-0.03637979755247694,0.00047289359947903266,-0.032678007149407245,-0.045570385400734784,-0.005780504540876939,0.024915882735151246,0.0,0.0,0.0,-0.12911172385292122,-0.5413962717362506,0.18788062765264948,-0.02844197851701511,0.0011819426602996312,-0.034137101864773194,-0.09754564312114233,-0.005953025984204885,0.01922347175073469,0.0,0.0,0.0,0.6349824804499645,0.6382857987575552,1.9467113161958,0.5550598498827466,0.6224001162953374,1.900096295222725,-0.043782513667157116,-0.06166818837162364,-0.042789801456866505,1.587480126696423,2.4073088951181902,1.5075720052484807,-0.9533786718361387,-1.1671845965309757,0.8117950791555522,-0.0254513954634454,-0.28743776447670466,0.3326782570572899,-0.8631498880819941,0.2993489716474824,0.7559409229809292,-0.22423421626082096,-0.08241976630294263,0.3174739722113803,-1.4468024817339384,-0.6770732684122603,0.8329889095652839,1.575065838549261,2.392126637804941,1.5180860496706106,-1.1614162295949166,-0.9236391599815941,1.0392371573601007,0.0,0.0,0.0,0.0,0.0,0.0,0.0,0.0,0.0,0.0,0.0,0.0,9.0,9.0,9.0,9.0,9.0,9.0,6.0,6.0,6.0,6.0,6.0,6.0,-0.5249144601339497,42.9550433644929,10.586012032779683,0.08567411591684715,-0.008105022914392634,1.227165948530784e-05,0.6688397877889405
19.466666666666793,-0.13379818018887835,-0.5409247712888898,0.18412630577666506,-0.03870759479191195,0.0005286709413367292,-0.03084861218493746,-0.04968472420975139,0.0012589711963698728,0.027601234262409402,0.0,0.0,0.0,-0.13014489438959215,-0.5413575603165952,0.18676431141326053,-0.03090299745300166,0.0011824051221742537,-0.03384428324489329,-0.10194059021713953,-0.0010351935023873438,0.029326772475794183,0.0,0.0,0.0,0.6663077854216526,0.6405023471180772,1.9608135820084291,0.5811699979447043,0.6267956591185784,1.9147664099650583,-0.04717287209856148,-0.06407050228653978,-0.04179683362268671,1.5862288963594484,2.3977714773505894,1.5189889530080156,-0.9840038910146659,-1.1584868739847287,0.8382030745330212,-0.03350840522730734,-0.28656094351091127,0.33923170754313137,-0.9002210129312089,0.273737441474101,0.7801402152096913,-0.24171029291585816,0.02630462897380177,0.19660351457524416,-1.1121337454764448,-0.7683459052014417,0.7259787668628657,1.575065838549261,2.392126637804941,1.5180860496706106,-1.1614162295949166,-0.9236391599815941,1.0392371573601007,0.0,0.0,0.0,0.0,0.0,0.0,0.0,0.0,0.0,0.0,0.0,0.0,9.0,9.0,9.0,9.0,9.0,9.0,6.0,6.0,6.0,6.0,6.0,6.0,-0.5242395028066325,42.87859717357879,10.620600128623385,0.12508217015978307,-0.00978627954847,1.2347727998407443e-05,1.0218726635540871
19.500000000000128,-0.13520759036299076,-0.540885793851839,0.1832787509690617,-0.041045038888358115,0.0006785179840233073,-0.028928851112868532,-0.05095858115622963,0.005357415219929041,0.028581353357885725,0.0,0.0,0.0,-0.13126177061009273,-0.5413160668527804,0.18566563053153012,-0.033422801818563413,0.0012537981452501856,-0.033336542286788735,-0.10383371014251219,0.002373724088128526,0.038893283346977725,0.0,0.0,0.0,0.6982573182873542,0.6422615929874194,1.9744658797048618,0.6086785176515563,0.630952748963892,1.9295255749914677,-0.050095391979990606,-0.0658932990422687,-0.04035435767867695,1.5847129944618366,2.3883535625528545,1.530543907459299,-1.0156186440857498,-1.150624696016689,0.8651696323005854,-0.04148750636134031,-0.28387861045834095,0.3441763248733772,-0.9323687323987476,0.24848937318549394,0.7993778937545126,-0.23937303402098914,0.08046999157710988,0.14833851990737515,-0.9644315840261621,-0.7574420486582123,0.5771303563446393,1.575065838549261,2.392126637804941,1.5180860496706106,-1.1614162295949166,-0.9236391599815941,1.0392371573601007,0.0,0.0,0.0,0.0,0.0,0.0,0.0,0.0,0.0,0.0,0.0,0.0,9.0,9.0,9.0,9.0,9.0,9.0,6.0,6.0,6.0,6.0,6.0,6.0,-0.4955841496196498,42.71372044495779,10.650294542814864,0.16455042266280975,-0.01130322777409054,-4.9907467547516404e-08,1.0790967150813997
19.533333333333463,-0.1366918210431533,-0.5408414489138195,0.18250748903003275,-0.04333149982065476,0.0008822098580015319,-0.02682953594707498,-0.0507330130546963,0.008485127509645377,0.03290036852243525,0.0,0.0,0.0,-0.13246286740895422,-0.5412702567199462,0.18459221783426605,-0.03596412317632507,0.0013753846651954902,-0.03260003494364369,-0.10394925569000923,0.004754684482485061,0.04901824978982772,0.0,0.0,0.0,0.7303182389599661,0.6436969236430397,1.9874930699669071,0.6372865016499539,0.6348893089593484,1.9442373116654263,-0.05237223908861269,-0.06705553892429639,-0.038454336164206834,1.582934100218622,2.379221200535407,1.5420237742669152,-1.047634279653604,-1.1436319577688419,0.8923473306069057,-0.04940705365140479,-0.27727344383505503,0.34432277777677917,-0.9511022888233316,0.2226845560187737,0.8100132640445773,-0.23758641870193428,0.19815499869857797,0.004393587102058778,-0.5620066927375201,-0.7741445150016069,0.31906110870194027,1.575065838549261,2.392126637804941,1.5180860496706106,-1.1614162295949166,-0.9236391599815941,1.0392371573601007,0.0,0.0,0.0,0.0,0.0,0.0,0.0,0.0,0.0,0.0,0.0,0.0,9.0,9.0,9.0,9.0,9.0,9.0,6.0,6.0,6.0,6.0,6.0,6.0,-0.44818207449478686,42.64656287598027,10.672532623797984,0.20560401403222048,-0.012950216177986196,-1.423346507228862e-05,0.5883436177639806
19.566666666666798,-0.1382079021025099,-0.5407962905206367,0.18181630041176047,-0.04474061232983097,0.001018245358544701,-0.024536816844020787,-0.026122806439537537,0.007805098198974951,0.03884647639974624,0.0,0.0,0.0,-0.1337309999935174,-0.5412207605716924,0.18355182285065297,-0.03806393848505212,0.0014881018944091673,-0.03162974932794145,-0.08204913604613173,0.0042970301975753245,0.05927679420089227,0.0,0.0,0.0,0.7618682653806529,0.6448254153466028,1.9998853516174373,0.66660365939569,0.6385872464167895,1.9588137128352883,-0.05390956735718967,-0.06741873679609264,-0.03615711898269335,1.5809792775770484,2.370510871776014,1.5532507473734802,-1.0794862755785124,-1.1374642269955377,0.9192299244271144,-0.05556547071527409,-0.26663105646621416,0.33931372139022786,-0.9540740147726129,0.19758280080567475,0.8076562977523664,-0.1847525119160789,0.3192716210652264,-0.15027169159653958,-0.08915177847843861,-0.7530526563929685,-0.07070898876632924,1.575065838549261,2.392126637804941,1.5180860496706106,-1.1614162295949166,-0.9236391599815941,1.0392371573601007,0.0,0.0,0.0,0.0,0.0,0.0,0.0,0.0,0.0,0.0,0.0,0.0,9.0,9.0,9.0,9.0,9.0,9.0,6.0,6.0,6.0,6.0,6.0,6.0,-0.29336775859029607,42.598315349094285,10.68573553172839,0.24671109228995697,-0.014695465702314836,-3.943117114157957e-05,0.4219677713499449
19.600000000000133,-0.1397634497462485,-0.5407532539163609,0.1812028490715932,-0.046008465613518276,0.0010716379123795203,-0.022204509851855684,-0.02375186889468547,0.006553096950336259,0.04028208784916937,0.0,0.0,0.0,-0.13506557335563107,-0.5411683075071262,0.1825510579128922,-0.04008247361742403,0.001580639785821802,-0.030454395196404024,-0.07756849222330464,0.003307353991806039,0.06806482901308364,0.0,0.0,0.0,0.7927458256378808,0.6455312456163792,2.0117199909434533,0.6963974486124882,0.6419693031267848,1.9732071038597774,-0.05481399694664338,-0.0670164956522649,-0.03352981068886547,1.5788480702264611,2.362242481560101,1.5641847812597656,-1.1110726805741191,-1.1320306978394037,0.9456140097680126,-0.06114597058350162,-0.25424482314033053,0.3317852515224521,-0.9497527715030063,0.17453151672457234,0.79690047273542,-0.16741499604682605,0.37158699977650866,-0.225854096033274,0.1296372980881985,-0.6915385224330727,-0.3226747505083916,1.575065838549261,2.392126637804941,1.5180860496706106,-1.1614162295949166,-0.9236391599815941,1.0392371573601007,0.0,0.0,0.0,0.0,0.0,0.0,0.0,0.0,0.0,0.0,0.0,0.0,9.0,9.0,9.0,9.0,9.0,9.0,6.0,6.0,6.0,6.0,6.0,6.0,-0.23321108739775154,42.42924000045397,10.690499352269052,0.2857164373640286,-0.016168600342040707,-5.9552991297950886e-05,0.5450269932129741
19.633333333333468,-0.14134745252824568,-0.5407182796459954,0.18066652355551982,-0.047008344483635375,0.0009744396573249485,-0.01985462773880792,-0.01764802777749256,0.003062742929182259,0.04144259081638815,0.0,0.0,0.0,-0.1364608271151073,-0.5411152613704956,0.18159644371489342,-0.0419397343643552,0.0016090715095005807,-0.029080652210180618,-0.06934703737051073,0.00023980182744409717,0.07645023496495718,0.0,0.0,0.0,0.8228315031641895,0.6457554833463477,2.0230202468776177,0.726475412212799,0.6449671585192356,1.987362781326968,-0.055148799148370724,-0.06590565671571774,-0.03061660290853766,1.576566375467521,2.3544420477267183,1.574775942343705,-1.1422722340541351,-1.127298524969401,0.9713434571781282,-0.06601588537330069,-0.24075695104776426,0.32241830551960476,-0.9405753267679878,0.15282062964157633,0.7802224391141191,-0.146097443693972,0.4046361627769882,-0.2810083800854204,0.27532334205055553,-0.6513266124898802,-0.5003410086390232,1.575065838549261,2.392126637804941,1.5180860496706106,-1.1614162295949166,-0.9236391599815941,1.0392371573601007,0.0,0.0,0.0,0.0,0.0,0.0,0.0,0.0,0.0,0.0,0.0,0.0,9.0,9.0,9.0,9.0,9.0,9.0,6.0,6.0,6.0,6.0,6.0,6.0,-0.17116484227968543,42.235436524174816,10.688652392655962,0.32316587388837287,-0.01768931270232099,-7.336917097100493e-05,0.4719115435312536
19.666666666666803,-0.14292328705405874,-0.5406926300299328,0.1802022839926711,-0.04718509649139254,0.0007976558651832137,-0.017566073284172836,0.005156303062144006,0.0013856794524333,0.04115339303220619,0.0,0.0,0.0,-0.1378988677064162,-0.5410627697930939,0.18069205052258605,-0.04331028909535677,0.0015983329131137097,-0.02757289527499665,-0.04574889124344139,-0.0016043901480742306,0.08169411824315054,0.0,0.0,0.0,0.8518367757824075,0.6456016436149007,2.033768905460119,0.756582125603077,0.6475797432320265,2.00121519209326,-0.054865077246693636,-0.06410815003590835,-0.027471167925548934,1.5742091888367906,2.3471568956725957,1.584935315603868,-1.1727396960052412,-1.1232225253954267,0.9961998254127088,-0.06914902773904347,-0.22595535809836925,0.31066023370978957,-0.9228743479447844,0.13246020136001432,0.7572015110629847,-0.09399427097228327,0.44404778848185045,-0.35274215429445543,0.5310293646961033,-0.61081284844686,-0.6906278415340319,1.575065838549261,2.392126637804941,1.5180860496706106,-1.1614162295949166,-0.9236391599815941,1.0392371573601007,0.0,0.0,0.0,0.0,0.0,0.0,0.0,0.0,0.0,0.0,0.0,0.0,9.0,9.0,9.0,9.0,9.0,9.0,6.0,6.0,6.0,6.0,6.0,6.0,-0.04694041845694308,42.06839185537934,10.681571155808006,0.36041286673939066,-0.019305106086027424,-8.166859344360677e-05,0.25836708937470765
19.700000000000138,-0.14449021866804254,-0.5406777643593849,0.17980358935135066,-0.04707263719588657,0.0005579763309868898,-0.015412288418096803,0.012106171798500985,-0.0001882562730479813,0.03870907224009433,0.0,0.0,0.0,-0.1393732059873799,-0.541012126780457,0.17984113847394936,-0.04444076731525132,0.00154835503064103,-0.025961644655493984,-0.03417580393448638,-0.0034303466154081974,0.08544635383859633,0.0,0.0,0.0,0.8798392722980841,0.645012197745538,2.0438178582121336,0.7866044922271976,0.6497622783406142,2.0146393936046714,-0.05405413451789412,-0.06175682359144265,-0.024046372032270173,1.5717643290181587,2.340385724862909,1.5946187893832768,-1.2023949900508453,-1.1199073548259268,1.0201401377143133,-0.07194687228565344,-0.21074186889318747,0.2972228868247755,-0.9007306635603438,0.11045681184333549,0.731206749719753,-0.08393533639829899,0.4564046761554534,-0.4031204065504219,0.6643105315332174,-0.660101685500365,-0.7798428402969515,1.575065838549261,2.392126637804941,1.5180860496706106,-1.1614162295949166,-0.9236391599815941,1.0392371573601007,0.0,0.0,0.0,0.0,0.0,0.0,0.0,0.0,0.0,0.0,0.0,0.0,9.0,9.0,9.0,9.0,9.0,9.0,6.0,6.0,6.0,6.0,6.0,6.0,-0.016018942393582147,41.85082246786545,10.665909432230364,0.39506475355414367,-0.020959919082198297,-8.516207639119866e-05,0.3537615933960637
19.733333333333473,-0.1460354809135628,-0.5406754409544478,0.17946067036418664,-0.04660738072969521,0.0002541968912978237,-0.01352405211705001,0.021252336992154095,-0.0020898278935267377,0.031990451609281365,0.0,0.0,0.0,-0.14087391617538075,-0.5409650405425713,0.17904506306595275,-0.045279036250535934,0.0014484332492935461,-0.02430067452444347,-0.020262565679911138,-0.0057448117578164926,0.08661894166076234,0.0,0.0,0.0,0.907157197104788,0.6438330593834214,2.0533768253412723,0.8165681983927396,0.6514159835228199,2.027652915365641,-0.05295398571241648,-0.059022073746694895,-0.020478616434011644,1.5692643763559646,2.334011029170816,1.6039777590610882,-1.231628907413547,-1.1172935633824659,1.0433161350169042,-0.07398134400576505,-0.19774120347293547,0.28625368916448574,-0.8849219017741466,0.0890947661503314,0.7072555292917373,-0.06103415160334803,0.3900199626075601,-0.32907592980869255,0.4742628535859143,-0.6408613707901225,-0.7185366128404704,1.575065838549261,2.392126637804941,1.5180860496706106,-1.1614162295949166,-0.9236391599815941,1.0392371573601007,0.0,0.0,0.0,0.0,0.0,0.0,0.0,0.0,0.0,0.0,0.0,0.0,9.0,9.0,9.0,9.0,9.0,9.0,6.0,6.0,6.0,6.0,6.0,6.0,0.013356215113097036,41.52818551807691,10.658113627604312,0.4271466555039262,-0.022398424103694303,-8.390905679611649e-05,0.45944428788517205
19.766666666666808,-0.14754722264727557,-0.5406842613930819,0.17916874116435597,-0.045786732441637695,-4.936414876416254e-05,-0.011798777829063403,0.030677005183439018,-0.0023227568173660364,0.028806019725253068,0.0,0.0,0.0,-0.14239047572217553,-0.5409221581768816,0.17830487266002537,-0.04580202540171385,0.0013244208116141261,-0.022605901596059803,-0.0054170511896205475,-0.006802817313205978,0.08704438714030349,0.0,0.0,0.0,0.9337136000509668,0.6422243132253823,2.062232484247453,0.846373575314077,0.6525662488119552,2.0401334715710226,-0.051466881756040195,-0.05598180473452184,-0.016729977456135157,1.5667198992558695,2.3280776495252034,1.6129061155312858,-1.2601203577698878,-1.1154690285871272,1.065665826293731,-0.07554999000382305,-0.1845813274032275,0.2739850257921133,-0.8648029743848692,0.06618895129021828,0.6827456686337815,-0.04705937994174002,0.3947962820912393,-0.3680599011711732,0.6035678216783228,-0.6871744458033939,-0.7352958197386747,1.575065838549261,2.392126637804941,1.5180860496706106,-1.1614162295949166,-0.9236391599815941,1.0392371573601007,0.0,0.0,0.0,0.0,0.0,0.0,0.0,0.0,0.0,0.0,0.0,0.0,9.0,9.0,9.0,9.0,9.0,9.0,6.0,6.0,6.0,6.0,6.0,6.0,0.046865113086157706,41.32424874752624,10.641793472758925,0.45971800003375957,-0.02394790251175105,-7.762896414698073e-05,0.3103266291910042
19.800000000000143,-0.14900069716410314,-0.5407021253765716,0.17892073283176316,-0.04435069298890269,-0.00031616184194017244,-0.010257524759533954,0.0480592265050882,-0.001673084279439338,0.02532809843997287,0.0,0.0,0.0,-0.14390624615743083,-0.5408836696412365,0.17762057528395359,-0.045848324962664895,0.0011919783744894327,-0.020906568608181214,0.016935814768519464,-0.007104835662806508,0.08609725020807213,0.0,0.0,0.0,0.9592827226699815,0.6401029188367784,2.070503898533093,0.8758407350218708,0.6531602849940306,2.0520730255297193,-0.04964655137666462,-0.0525807540204027,-0.012882081180160015,1.5641936272884605,2.3225685821304602,1.6214067645700838,-1.2877391387171941,-1.1143127936127915,1.086944838638541,-0.07570876934945321,-0.17170845702926868,0.2613413227066606,-0.8406432770744153,0.045187683250120556,0.6531621364407918,-0.004763380368904741,0.38618611121876445,-0.3793110925635814,0.7247909193136175,-0.6300380412029316,-0.8875059657896907,1.575065838549261,2.392126637804941,1.5180860496706106,-1.1614162295949166,-0.9236391599815941,1.0392371573601007,0.0,0.0,0.0,0.0,0.0,0.0,0.0,0.0,0.0,0.0,0.0,0.0,9.0,9.0,9.0,9.0,9.0,9.0,6.0,6.0,6.0,6.0,6.0,6.0,0.12877587338792607,41.124363484038554,10.63036413717432,0.49165135328905846,-0.02524374339496771,-8.718366839888247e-05,0.4031701775498571
19.833333333333478,-0.1503938249319621,-0.540728800976455,0.1787109113697113,-0.04266681049674748,-0.0005709771772336782,-0.00890452875778515,0.054579557521865746,-0.0019092809901809903,0.021541796015389858,0.0,0.0,0.0,-0.14541223517984575,-0.5408504076161058,0.1769924846917113,-0.045591756180619634,0.0010368189317542845,-0.019199094870475775,0.03075853822021246,-0.008085112736130995,0.08535534432219283,0.0,0.0,0.0,0.9840088043819956,0.637305939788361,2.0782813274335483,0.9049262834393761,0.6531002897155457,2.063476252118389,-0.04764848987117604,-0.04891866292402562,-0.008977841192397924,1.5616931922109465,2.3174190296542942,1.6295563273472329,-1.3146774137803716,-1.113798969767574,1.1071588990645156,-0.07524495800009345,-0.16022720186640518,0.2501050297785353,-0.8189799269550221,0.025339037987724487,0.6220019206664266,0.013914340480792889,0.3444376548859051,-0.3370887878437586,0.6499005035817977,-0.5954593578718821,-0.9348064732309567,1.575065838549261,2.392126637804941,1.5180860496706106,-1.1614162295949166,-0.9236391599815941,1.0392371573601007,0.0,0.0,0.0,0.0,0.0,0.0,0.0,0.0,0.0,0.0,0.0,0.0,9.0,9.0,9.0,9.0,9.0,9.0,6.0,6.0,6.0,6.0,6.0,6.0,0.15248053157913177,40.8777775819907,10.621859659463464,0.5210123552937276,-0.026428629454408936,-9.4353869562247e-05,0.4918777874234744
19.866666666666813,-0.15172033054549766,-0.5407633904947998,0.1785342520920829,-0.0407738713070049,-0.0008085515490381782,-0.007725179969677445,0.06010011704668043,-0.0021226277578674808,0.01813126050366587,0.0,0.0,0.0,-0.14689901710567077,-0.54082299304771,0.17642027860307025,-0.04504701117418339,0.0008622996952489682,-0.017499370767827642,0.04372981232248874,-0.008896029596341393,0.08388900389642506,0.0,0.0,0.0,1.0080269618267275,0.6337262213505384,2.0855751608583284,0.9336158389074756,0.6522984593236121,2.0743275805149395,-0.0455606077210302,-0.045091888973351604,-0.005030840047602212,1.5592267647340305,2.3125831227442495,1.6374025227175257,-1.3410490493034275,-1.1139535134709266,1.12631785405396,-0.07441020220501664,-0.15012720548969835,0.24029225066537055,-0.8004260194461272,0.005355471928857578,0.5905130733443654,0.025042673852304524,0.302999891301205,-0.29438337339494297,0.5566172252668451,-0.5995069817660073,-0.9446654196618348,1.575065838549261,2.392126637804941,1.5180860496706106,-1.1614162295949166,-0.9236391599815941,1.0392371573601007,0.0,0.0,0.0,0.0,0.0,0.0,0.0,0.0,0.0,0.0,0.0,0.0,9.0,9.0,9.0,9.0,9.0,9.0,6.0,6.0,6.0,6.0,6.0,6.0,0.1610586259374549,40.639243928808625,10.612689200255863,0.548991654164094,-0.02762149618610077,-9.822227562039654e-05,0.575823859599946
19.900000000000148,-0.15297035422622401,-0.5408039662932225,0.17838498447392592,-0.03861286700081647,-0.001006111375610565,-0.006694836622621495,0.06751661896296199,-0.0017069907724520921,0.015825540908528113,0.0,0.0,0.0,-0.14835569466510878,-0.5408015451443942,0.17590209270089144,-0.044178313469482436,0.0006818922065798554,-0.01584959122779153,0.058264363084199466,-0.009058508798633014,0.08045450849349756,0.0,0.0,0.0,1.03106490810349,0.6295979489929195,2.0922653998096092,0.9617382628876426,0.6508115915333985,2.0845570178869135,-0.0432246104470376,-0.041095423522160876,-0.0010600879688229432,1.5568208132017656,2.3081102671570015,1.6448269295769502,-1.3664209437431405,-1.1147152404815064,1.1442795599115474,-0.07292243138030458,-0.13949951357485554,0.2285855540769483,-0.7742465619429681,-0.013449382901977638,0.556071808266536,0.04463312474136173,0.31883075744528444,-0.3512008976526672,0.7853837250947733,-0.5641456449250565,-1.033237952334883,1.575065838549261,2.392126637804941,1.5180860496706106,-1.1614162295949166,-0.9236391599815941,1.0392371573601007,0.0,0.0,0.0,0.0,0.0,0.0,0.0,0.0,0.0,0.0,0.0,0.0,9.0,9.0,9.0,9.0,9.0,9.0,6.0,6.0,6.0,6.0,6.0,6.0,0.20443573877241583,40.4994512403002,10.59317140563213,0.577610689761742,-0.028662025513741307,-9.577357541201703e-05,0.7381520460531117
19.933333333333483,-0.15415099219579925,-0.5408498147038779,0.1782582706328709,-0.03650368346281295,-0.0011740893822259958,-0.005848626259023312,0.06546515658233518,-0.0014198615818496758,0.011783356237095505,0.0,0.0,0.0,-0.1497782512646669,-0.5407865474637789,0.17543701992316402,-0.04315829098681014,0.0004881786446350166,-0.014231242220421521,0.06442962239759975,-0.009574415342331832,0.07796324660806864,0.0,0.0,0.0,1.0533975702236993,0.6246556706446746,2.09874377399864,0.9893217683457292,0.6485180877780745,2.0943016170932838,-0.04093429042175241,-0.03702164483599137,0.002771539165699253,1.5544870910079478,2.303866603909184,1.6520545567272291,-1.3913831216808026,-1.1159006608932902,1.1611993806022054,-0.07098192100312273,-0.1313731028146299,0.22074772769789242,-0.7573257460675618,-0.028191535869666863,0.5237536832353373,0.058215311315455265,0.24379232280676877,-0.23513479137167712,0.5076244762621908,-0.4422645890306768,-0.9695437509359595,1.575065838549261,2.392126637804941,1.5180860496706106,-1.1614162295949166,-0.9236391599815941,1.0392371573601007,0.0,0.0,0.0,0.0,0.0,0.0,0.0,0.0,0.0,0.0,0.0,0.0,9.0,9.0,9.0,9.0,9.0,9.0,6.0,6.0,6.0,6.0,6.0,6.0,0.2030814641788139,40.23738877589794,10.597026178683167,0.6029344332280341,-0.029339330611512837,-9.838613730606127e-05,0.6584408472076124
19.966666666666818,-0.15526653647465152,-0.5408945097354863,0.17815364297406505,-0.03449670226185028,-0.001197651968811816,-0.005080776297769544,0.06197335095178581,0.002633901803117734,0.011041495205513285,0.0,0.0,0.0,-0.15116331036819777,-0.5407758540421723,0.17502448142933077,-0.04202914758383343,0.0003480274274740017,-0.012633062678245247,0.06853434812915138,-0.006904669736616853,0.07605761899274821,0.0,0.0,0.0,1.0747571160845024,0.6190722704829159,2.1052829710211043,1.0162066661216795,0.6454470269863379,2.103706093039316,-0.03862638253336205,-0.032820145090495016,0.006309766733055069,1.5522623624745673,2.2998400156632117,1.6591246375928694,-1.4158772003058375,-1.1171786374398744,1.1770534017702272,-0.06815521100198305,-0.1243227991909937,0.2149841932121045,-0.7423234878565542,-0.034956709554906096,0.4916649844388811,0.08480130003419026,0.2115091087090864,-0.17290603457363746,0.4500677463302249,-0.20295521055717697,-0.9626609638936856,1.575065838549261,2.392126637804941,1.5180860496706106,-1.1614162295949166,-0.9236391599815941,1.0392371573601007,0.0,0.0,0.0,0.0,0.0,0.0,0.0,0.0,0.0,0.0,0.0,0.0,9.0,9.0,9.0,9.0,9.0,9.0,6.0,6.0,6.0,6.0,6.0,6.0,0.23817477920708297,40.06033293423131,10.603799906897391,0.6296141200345907,-0.0296927378096965,-9.587128928867372e-05,0.7630374444129134
20.000000000000153,-0.15632591526742207,-0.5409310953262076,0.17807498544549408,-0.03270188263546353,-0.0010313661814727064,-0.0042570558114120565,0.055217583252735354,0.008230981481007933,0.014253459749012126,0.0,0.0,0.0,-0.15251028846123152,-0.5407659765379715,0.1746656661611056,-0.040869358225342,0.00030604449039716157,-0.011007663317483235,0.06887814656183178,-0.002146554745035445,0.07644879855666975,0.0,0.0,0.0,1.0950093833471979,0.6130233417208889,2.1119015284002525,1.0422539457408169,0.6416679276435663,2.1128221082625624,-0.036237578820460054,-0.02852305081897157,0.009542743215671896,1.5501467347513274,2.296046295167624,1.6660201516275495,-1.4397726568344547,-1.1184239109278542,1.1918548529457496,-0.06503095813212492,-0.11731534297541613,0.20957167843096822,-0.7253502931911964,-0.03655770627789589,0.4599173516567404,0.09372758609574387,0.2102236864673275,-0.1623754434340885,0.5091958399607351,-0.04802990168969373,-0.9524289834642208,1.575065838549261,2.392126637804941,1.5180860496706106,-1.1614162295949166,-0.9236391599815941,1.0392371573601007,0.0,0.0,0.0,0.0,0.0,0.0,0.0,0.0,0.0,0.0,0.0,0.0,9.0,9.0,9.0,9.0,9.0,9.0,6.0,6.0,6.0,6.0,6.0,6.0,0.25060387294367814,39.93086756524624,10.603818514488731,0.655806390493862,-0.03018448614670244,-8.904034488255164e-05,0.9027419745675636
20.033333333333488,-0.15732413849390817,-0.5409600097095971,0.17801713199834024,-0.030877849539658532,-0.0008103255770498785,-0.0035168889230248485,0.05577430054550083,0.0098111869923193,0.013167195975595278,0.0,0.0,0.0,-0.15381386614022333,-0.5407558620835997,0.17435832703257456,-0.03956815063876511,0.00030586717909740426,-0.009436814570273361,0.07451148118244033,-0.0001287313156321801,0.07296264796217633,0.0,0.0,0.0,1.1141195662972139,0.6066198335490046,2.1186501632314556,1.0673658245901774,0.6372442777448671,2.1216997053626705,-0.03377555768986014,-0.02417793915142028,0.01244875898899442,1.5481605892172219,2.292470155243255,1.6727462628763725,-1.4630372917675136,-1.1195519507358522,1.2056525216511351,-0.06139989672615395,-0.11062791281251941,0.20437945112011346,-0.7070761297249133,-0.03474669825259322,0.42925915799329156,0.10893184217912914,0.20062290488690143,-0.15576681932564246,0.5482249039884909,0.05433024075908019,-0.9197458099034658,1.575065838549261,2.392126637804941,1.5180860496706106,-1.1614162295949166,-0.9236391599815941,1.0392371573601007,0.0,0.0,0.0,0.0,0.0,0.0,0.0,0.0,0.0,0.0,0.0,0.0,9.0,9.0,9.0,9.0,9.0,9.0,6.0,6.0,6.0,6.0,6.0,6.0,0.2735169330332734,39.7865692059552,10.593030483677973,0.6798386336001413,-0.03078097593056428,-8.1064239348283e-05,0.9317594656256909
20.066666666666823,-0.1582765037847168,-0.5409738950343581,0.17798779435241563,-0.029349768877769432,-0.000420863391283366,-0.002635393727822727,0.046583043282112706,0.015068053531948946,0.018851814381493165,0.0,0.0,0.0,-0.15507667417622947,-0.5407416177295773,0.17410461498331148,-0.03831459948243373,0.00041252349303542144,-0.007818943053578503,0.0711030633536942,0.004958855904815707,0.0743692840409933,0.0,0.0,0.0,1.1316057636381167,0.6001604949604648,2.1256849232229924,1.0912620395653556,0.6323279352418633,2.1304335899285087,-0.031116035615654774,-0.0196633943021574,0.014938578609593653,1.5463231234890553,2.289162379085869,1.6792435696745638,-1.4853460387980224,-1.1202105857565776,1.218332064705439,-0.05721594680538395,-0.10303149408522656,0.19807261967052697,-0.6818669838518127,-0.024754933165374707,0.3966772470838398,0.1255184976231,0.22789256181878553,-0.1892049434875944,0.7562743761930177,0.2997529526165553,-0.9774573272835527,1.575065838549261,2.392126637804941,1.5180860496706106,-1.1614162295949166,-0.9236391599815941,1.0392371573601007,0.0,0.0,0.0,0.0,0.0,0.0,0.0,0.0,0.0,0.0,0.0,0.0,9.0,9.0,9.0,9.0,9.0,9.0,6.0,6.0,6.0,6.0,6.0,6.0,0.3089507561594833,39.71723553501866,10.587000963076521,0.7050203929207253,-0.030965164202327977,-7.556495274219088e-05,1.2473406209316042
20.100000000000158,-0.15919154677938618,-0.5409703091069257,0.17799137176407875,-0.028090719317088866,7.227810532790084e-05,-0.001593324711470311,0.03822271113933762,0.018510043750096673,0.02526327180756798,0.0,0.0,0.0,-0.15630075197319893,-0.5407204350892909,0.17390625172289143,-0.03712145439015949,0.0006075997368862157,-0.006150062941292825,0.06715158267914134,0.009109695728954037,0.07596570469564412,0.0,0.0,0.0,1.1468312650612376,0.5939230668030372,2.1330956136452484,1.1135465134247389,0.627095421776487,2.139101573494789,-0.02812589957844927,-0.0148189561175794,0.016992684319810804,1.5446652078898393,2.2861962416966684,1.6853857942259456,-1.506192508268573,-1.1200542259129083,1.229632257336232,-0.05223029425278227,-0.0936665791457531,0.18886869758447764,-0.6442183840282866,-0.005124447515072062,0.35822960164380546,0.14956957657805045,0.2809474481842039,-0.2761176625814801,1.1294579947057812,0.5889145695090794,-1.1534293632010286,1.575065838549261,2.392126637804941,1.5180860496706106,-1.1614162295949166,-0.9236391599815941,1.0392371573601007,0.0,0.0,0.0,0.0,0.0,0.0,0.0,0.0,0.0,0.0,0.0,0.0,9.0,9.0,9.0,9.0,9.0,9.0,6.0,6.0,6.0,6.0,6.0,6.0,0.36745896202320805,39.693796447207106,10.569607915670622,0.7294691854436066,-0.03102265597087739,-7.771995857497327e-05,1.654082482432391
20.133333333333493,-0.16006298562185006,-0.5409525576286264,0.1780183977816446,-0.026795903019408405,0.0005235771143618832,-0.0006796614901371428,0.0391058436462955,0.017324187197561694,0.022752176380263146,0.0,0.0,0.0,-0.15748241924355888,-0.5406919243864653,0.17375967128880648,-0.03584272695532736,0.0008258185095743034,-0.004566258862017008,0.07021566669245871,0.010106163533565748,0.07108447596408007,0.0,0.0,0.0,1.160036180992085,0.5879131056126025,2.140572141833335,1.1341580873749337,0.621627228085513,2.147608346619066,-0.024878007001435515,-0.009851673373082305,0.018789454583667084,1.5431632098167174,2.283556815068402,1.6911184194383218,-1.525497032357414,-1.1193396467028347,1.2396269199219956,-0.047450059546698155,-0.08401072561390771,0.17760873677568284,-0.6008299431195829,0.01258343502977827,0.3193031189298728,0.14340704118252343,0.2896756059553618,-0.3377988242638441,1.3016532272611088,0.53123647634551,-1.16779448141798,1.575065838549261,2.392126637804941,1.5180860496706106,-1.1614162295949166,-0.9236391599815941,1.0392371573601007,0.0,0.0,0.0,0.0,0.0,0.0,0.0,0.0,0.0,0.0,0.0,0.0,9.0,9.0,9.0,9.0,9.0,9.0,6.0,6.0,6.0,6.0,6.0,6.0,0.3601815013420382,39.57761020931113,10.531445721353613,0.7483352948764391,-0.031890722638697744,-7.380083756824973e-05,1.2290407227430267
20.166666666666828,-0.16090420282613604,-0.5409172723304839,0.17807335399782734,-0.025756636853974856,0.001022215512974705,0.00028751562962898633,0.0313283237735863,0.018781108311572058,0.025608038670281205,0.0,0.0,0.0,-0.15862524976022846,-0.5406538935342411,0.17366561401752786,-0.03464425381363436,0.0011040685412842081,-0.002976383496424443,0.06537252353956102,0.01284824210685187,0.07061533027523259,0.0,0.0,0.0,1.1709129056870091,0.5821741916024815,2.1481016099626524,1.152874109528247,0.6160018887073542,2.155944193650136,-0.021365550986993782,-0.004677715214939519,0.02035792947418541,1.5418114293499752,2.2812742783616704,1.6963774955044142,-1.5430097570159411,-1.1179239066203106,1.2481297803816052,-0.04285229585041205,-0.07365430933926866,0.16438443358040913,-0.5505311408770722,0.032509279993741785,0.27649158216881364,0.13793291088858312,0.31069248823917167,-0.3967290958582111,1.5089640672753224,0.5977753489189055,-1.2843461028317735,1.575065838549261,2.392126637804941,1.5180860496706106,-1.1614162295949166,-0.9236391599815941,1.0392371573601007,0.0,0.0,0.0,0.0,0.0,0.0,0.0,0.0,0.0,0.0,0.0,0.0,9.0,9.0,9.0,9.0,9.0,9.0,6.0,6.0,6.0,6.0,6.0,6.0,0.35634627793969154,39.502536758798364,10.502989213671967,0.7668716008327662,-0.03240082599912575,-8.01381146869895e-05,1.5150007920463413
20.200000000000163,-0.16171557454047755,-0.5408669627956072,0.17815677438664088,-0.02480920906965052,0.0014807706194610937,0.0012840783461552582,0.02855972503172924,0.01766371465750978,0.02770925652606207,0.0,0.0,0.0,-0.15972916855082123,-0.5406062953097552,0.17362398575812518,-0.03345629929790838,0.0013923691153893175,-0.0013884620997355191,0.06392602667273017,0.013181748217583333,0.06978524369094918,0.0,0.0,0.0,1.1791570680369226,0.5770816159960112,2.1558280373580176,1.1694448005028644,0.6104383382947666,2.164176559197608,-0.017527806741719047,0.0007262098495037694,0.021567158854642006,1.5406478768971537,2.2793691615456124,1.7011146925960827,-1.5584839735763247,-1.11551890872902,1.2551822345272292,-0.03755514767323171,-0.06265377276758731,0.14953875302684072,-0.4929947115000296,0.05893638449039357,0.23321294363541872,0.1589144453154103,0.33001609715044045,-0.4453704166070525,1.7260928813112784,0.7928131348995535,-1.298359156001848,1.575065838549261,2.392126637804941,1.5180860496706106,-1.1614162295949166,-0.9236391599815941,1.0392371573601007,0.0,0.0,0.0,0.0,0.0,0.0,0.0,0.0,0.0,0.0,0.0,0.0,9.0,9.0,9.0,9.0,9.0,9.0,6.0,6.0,6.0,6.0,6.0,6.0,0.39938000293794296,39.447407427336934,10.477035287757422,0.7838848541143365,-0.03262120955671011,-6.966323429757892e-05,1.5349585545517366
20.233333333333498,-0.16248698988004429,-0.5408071626952032,0.17825855309613087,-0.023690582446227768,0.0018085894584889866,0.0020742617553480575,0.03373441547342066,0.013673778945087967,0.02246086553605652,0.0,0.0,0.0,-0.16078916751133,-0.5405508576083851,0.17363019788629308,-0.032140978002087255,0.001637416016461804,8.015536028924543e-05,0.06907709119640693,0.010977772032967792,0.06339592466788169,0.0,0.0,0.0,1.1852952133440464,0.5726183708841194,2.1635035961038143,1.183967488407932,0.6050257207032929,2.1722290154732726,-0.013515091534294879,0.006071629024794529,0.022538249720573316,1.5396469688055126,2.277784705853695,1.705356908331117,-1.5721086824259547,-1.1124477468948069,1.2610549416191665,-0.03253654439056459,-0.05257370476087263,0.13469056570963275,-0.4368257474926059,0.08106869818106403,0.19519178971721685,0.1505580984800136,0.30240204020144057,-0.4454456195162389,1.6850689202227112,0.6639694107201141,-1.1406346175460567,1.575065838549261,2.392126637804941,1.5180860496706106,-1.1614162295949166,-0.9236391599815941,1.0392371573601007,0.0,0.0,0.0,0.0,0.0,0.0,0.0,0.0,0.0,0.0,0.0,0.0,9.0,9.0,9.0,9.0,9.0,9.0,6.0,6.0,6.0,6.0,6.0,6.0,0.3764897457784071,39.30512322983957,10.441489646165792,0.7952615744548062,-0.03360510572284814,-5.345771385090181e-05,1.0821622395441284
20.266666666666833,-0.16321674273007067,-0.5407430516804592,0.178386808233065,-0.022481058901099103,0.0019855791687796547,0.002945854563146133,0.03653073796939656,0.00900123715945465,0.025748274140773873,0.0,0.0,0.0,-0.16180253766963398,-0.5404900439270328,0.17368578655081499,-0.030737270479414432,0.0018122981762518579,0.0015704102880127854,0.07233050419797804,0.007522393602465982,0.06380359093699672,0.0,0.0,0.0,1.1893890421094524,0.5686742956999435,2.171067375139548,1.196430141365481,0.5997895348341582,2.1800746307095915,-0.009416259168035835,0.011346910500271335,0.023339674477035856,1.5388032658728337,2.276524893502021,1.7090994295226722,-1.5839222151300936,-1.108771913548013,1.2657007810764451,-0.027719573450432376,-0.042720815287109255,0.11974727906764905,-0.38187923658031603,0.10053956632956695,0.15798071905131064,0.1445091282039664,0.2955866842129012,-0.44829859925951115,1.6483953273686955,0.5841260444550878,-1.1163321199771863,1.575065838549261,2.392126637804941,1.5180860496706106,-1.1614162295949166,-0.9236391599815941,1.0392371573601007,0.0,0.0,0.0,0.0,0.0,0.0,0.0,0.0,0.0,0.0,0.0,0.0,9.0,9.0,9.0,9.0,9.0,9.0,6.0,6.0,6.0,6.0,6.0,6.0,0.36329375743595893,39.21853695541831,10.415773514452175,0.8057920931203284,-0.03446468742568387,-5.29501792749798e-05,1.4210056507185842
20.300000000000168,-0.1638955159807659,-0.5406823660067641,0.17854543377644527,-0.021054572563822274,0.001955913810306639,0.003907150690428948,0.04315677782540279,0.0026094194120991794,0.029215021385645547,0.0,0.0,0.0,-0.1627636609046892,-0.5404278813824416,0.17379179453749477,-0.02917577982743467,0.0018726287209847954,0.0030904800879038028,0.07886676654945912,0.0019983174225099987,0.06460813288285783,0.0,0.0,0.0,1.1914354298969272,0.5651576699864249,2.1786346292978034,1.2067885537428096,0.5947405359335304,2.1877669931827475,-0.0053345230489908755,0.01656777889963034,0.023952177047148943,1.5381424367169494,2.275574764908131,1.7123782092556423,-1.594040807622749,-1.1044268916542817,1.2690924620677908,-0.02245644093449656,-0.03324284364017135,0.10549135434862018,-0.3296649287132107,0.12041362665115128,0.12049385951068534,0.15789397547807446,0.2843391494081372,-0.4276777415708662,1.5664292360131598,0.5962218096475298,-1.124605786218759,1.575065838549261,2.392126637804941,1.5180860496706106,-1.1614162295949166,-0.9236391599815941,1.0392371573601007,0.0,0.0,0.0,0.0,0.0,0.0,0.0,0.0,0.0,0.0,0.0,0.0,9.0,9.0,9.0,9.0,9.0,9.0,6.0,6.0,6.0,6.0,6.0,6.0,0.38241305446968665,39.147206795391774,10.397565011866204,0.8148170129697582,-0.035120384943559624,-5.64326218824851e-05,1.5787065970822254
20.333333333333503,-0.16451985318597112,-0.5406304427209556,0.17873572826459505,-0.019486587529930724,0.001749784664557896,0.004911476784063633,0.04756330036078834,-0.002946384419870055,0.031202922148104294,0.0,0.0,0.0,-0.1636686499890382,-0.5403680170333017,0.17394822235007637,-0.027490975920954095,0.0018216797094922936,0.004614639703563607,0.08370481309450462,-0.0033029276488125703,0.0641914466968534,0.0,0.0,0.0,1.191528986055616,0.5618639462856663,2.1861871154350774,1.215038503077151,0.5898277575573485,2.195324115100609,-0.001374637540641467,0.021702112157589024,0.02445049934922571,1.5376614229010817,2.274917163490761,1.7152162907313189,-1.6025807156848273,-1.099480127346036,1.2711678718644204,-0.01710575662885162,-0.0242329762274551,0.09192541429640427,-0.28068647081263687,0.13907316171529677,0.08167281576948753,0.16052052916934823,0.2702960223814874,-0.40697820156647746,1.4693537370172147,0.5597860519243643,-1.1646313122359344,1.575065838549261,2.392126637804941,1.5180860496706106,-1.1614162295949166,-0.9236391599815941,1.0392371573601007,0.0,0.0,0.0,0.0,0.0,0.0,0.0,0.0,0.0,0.0,0.0,0.0,9.0,9.0,9.0,9.0,9.0,9.0,6.0,6.0,6.0,6.0,6.0,6.0,0.38167473095986393,39.07598846315973,10.378198795164195,0.8219095161212184,-0.03585497238049873,-6.586801888752714e-05,1.6618670777759597
20.366666666666838,-0.16509059229343218,-0.5405879698149246,0.17894610737499445,-0.0178892617612155,0.0014731752672740611,0.0056871235595087255,0.04859914162219664,-0.0053850910905114,0.024821563939111616,0.0,0.0,0.0,-0.16451568890755994,-0.5403123490579618,0.17414926581758192,-0.025741533881078554,0.0017051779273564108,0.005989041091985369,0.08571420719224454,-0.006365165143110474,0.05647132477026906,0.0,0.0,0.0,1.1901304466918938,0.5586751903600912,2.1935657453607442,1.2213509516609538,0.5850097562898936,2.202697331943637,0.002367503072919712,0.02654750218252026,0.024902713669813937,1.5373229314023074,2.27449132399693,1.7176671620245525,-1.6097808236316902,-1.094194034035684,1.2721279218012864,-0.012471748851769129,-0.01659444861909492,0.07965923063013972,-0.23756431587479993,0.15207958677880354,0.04642527066048346,0.13902023331247473,0.22915582825080547,-0.3679855099879366,1.293664648135108,0.39019275190520286,-1.057426353270122,1.575065838549261,2.392126637804941,1.5180860496706106,-1.1614162295949166,-0.9236391599815941,1.0392371573601007,0.0,0.0,0.0,0.0,0.0,0.0,0.0,0.0,0.0,0.0,0.0,0.0,9.0,9.0,9.0,9.0,9.0,9.0,6.0,6.0,6.0,6.0,6.0,6.0,0.33028055274186074,38.95373823339953,10.353455941634436,0.826087883646795,-0.03683350122304063,-6.292560637599642e-05,1.3660052676915586
20.400000000000173,-0.1656107030585452,-0.5405617566715027,0.1791827182734758,-0.016341011888836778,0.001037207623633703,0.006500623450098447,0.047342831197900476,-0.010502831533655747,0.026356247970201762,0.0,0.0,0.0,-0.165304551494562,-0.5402650323635542,0.17439492951411878,-0.023977260669880648,0.0014716008415622257,0.007341045862681628,0.08535129356958704,-0.011843838491463643,0.054915418182805986,0.0,0.0,0.0,1.187131246948022,0.5555191765982144,2.200892118996953,1.2257057158642948,0.5802616534324567,2.2099391749386426,0.005868222131967735,0.031191129848173564,0.02527739502651965,1.5371369184756445,2.274307507498426,1.7197366416742286,-1.6156769402196882,-1.08845354916988,1.271896449167301,-0.007877508150514918,-0.00920781284310927,0.06794266987023778,-0.19711043705155884,0.16550289290901707,0.010845637540452945,0.1378272210376263,0.22159907327956951,-0.35149682279705824,1.2136163646972322,0.40269918390640586,-1.0673889936009153,1.575065838549261,2.392126637804941,1.5180860496706106,-1.1614162295949166,-0.9236391599815941,1.0392371573601007,0.0,0.0,0.0,0.0,0.0,0.0,0.0,0.0,0.0,0.0,0.0,0.0,9.0,9.0,9.0,9.0,9.0,9.0,6.0,6.0,6.0,6.0,6.0,6.0,0.32474741291198983,38.91157457919544,10.337322415460665,0.8308605923685158,-0.03737686882326485,-6.741974137847162e-05,1.7887904060461213
20.433333333333508,-0.1660832590801365,-0.540552207014938,0.1794446397232643,-0.014869353553599508,0.0005396908395674032,0.007299725583426815,0.045329496694580015,-0.012654888365559176,0.026239634505108623,0.0,0.0,0.0,-0.16603566548480994,-0.5402280288891155,0.1746834035357464,-0.022222438141802317,0.0011700187653472013,0.008642679033396508,0.08385890927203699,-0.014924288915631578,0.0520567608726461,0.0,0.0,0.0,1.182495204788101,0.5524149836088303,2.2083020406332223,1.2280818316660067,0.5755964688691653,2.2171291187062745,0.009109359023566563,0.03565323598554136,0.02551724305193595,1.5371123481728466,2.2743492724442262,1.7214624838406458,-1.620343147078687,-1.0821449737162163,1.2705084996671296,-0.003117242106130177,-0.0022339720316965133,0.05716439995175866,-0.1590276161971682,0.1813391400429445,-0.024143777489946956,0.14280798133154224,0.20921522434238268,-0.3233480975543736,1.1424846256317185,0.4750874140178225,-1.049682450911997,1.575065838549261,2.392126637804941,1.5180860496706106,-1.1614162295949166,-0.9236391599815941,1.0392371573601007,0.0,0.0,0.0,0.0,0.0,0.0,0.0,0.0,0.0,0.0,0.0,0.0,9.0,9.0,9.0,9.0,9.0,9.0,6.0,6.0,6.0,6.0,6.0,6.0,0.3278086316606249,38.87498265448863,10.326360651688198,0.8350332351502033,-0.03777042914173623,-6.682349906556029e-05,1.8082774597397906
20.466666666666843,-0.1665133635107682,-0.5405545913754396,0.17971965635967363,-0.013525895851306195,0.00011908743310349527,0.007843336195406305,0.04172296337978135,-0.010604243200629214,0.018748268030794914,0.0,0.0,0.0,-0.16671070479289699,-0.5402007053527443,0.17500772587964997,-0.02051286027084851,0.0008748172274885551,0.009756641099032421,0.08070215289137739,-0.014431687896930612,0.04270811116088513,0.0,0.0,0.0,1.1766342819117783,0.5493200039674948,2.215692407083152,1.228649830672702,0.5710020234839793,2.22425631002396,0.012032928475762202,0.039754482785188026,0.025663232651785876,1.5372121607790106,2.274554362423464,1.7229120285519417,-1.624010908485656,-1.0754690485343956,1.2681994809141437,0.0009571714212358029,0.0033571422408493427,0.04804569420983589,-0.12636443353843174,0.1939648836507282,-0.05422830088969917,0.12223240582097938,0.16773342817637568,-0.2735611722576831,0.979895479762094,0.37877230823351143,-0.9025357019925664,1.575065838549261,2.392126637804941,1.5180860496706106,-1.1614162295949166,-0.9236391599815941,1.0392371573601007,0.0,0.0,0.0,0.0,0.0,0.0,0.0,0.0,0.0,0.0,0.0,0.0,9.0,9.0,9.0,9.0,9.0,9.0,6.0,6.0,6.0,6.0,6.0,6.0,0.27718173366514287,38.78182248218798,10.31054025362276,0.8365672523596395,-0.03851833520798831,-5.734895440234755e-05,1.3523385911355286
20.500000000000178,-0.16690921417154425,-0.5405697472964339,0.18001374161005357,-0.012388083390108402,-0.0002922146249699515,0.00841477789429712,0.03585249505499521,-0.01054538791235054,0.01970640507712367,0.0,0.0,0.0,-0.1673333513637097,-0.5401839340007439,0.17536720382566554,-0.01890571157956648,0.0005581198645254064,0.010824663569248693,0.07488215885314009,-0.01527525217600001,0.04022325713334096,0.0,0.0,0.0,1.1694902596350891,0.5461338307198343,2.2232132885692257,1.2274297543202606,0.5664396488256332,2.231398656951074,0.014602073611581282,0.04357635982051036,0.02569149077202513,1.5374356852035704,2.274919183274158,1.724129225367547,-1.6268052639002928,-1.0683133277986467,1.2649384090049893,0.0047895456316083135,0.008415464427506486,0.04035916771538471,-0.09800858613888046,0.20776937593188663,-0.08329753847965395,0.11497122631117533,0.1517496655997143,-0.23059579483353532,0.8506754219865384,0.4141347684347526,-0.8720771276986434,1.575065838549261,2.392126637804941,1.5180860496706106,-1.1614162295949166,-0.9236391599815941,1.0392371573601007,0.0,0.0,0.0,0.0,0.0,0.0,0.0,0.0,0.0,0.0,0.0,0.0,9.0,9.0,9.0,9.0,9.0,9.0,6.0,6.0,6.0,6.0,6.0,6.0,0.2568720963715293,38.75170262517345,10.305201127401789,0.8386453998492115,-0.038965222038890746,-5.915400878009347e-05,1.6140184388131993
20.533333333333513,-0.16728014279415082,-0.540596788884073,0.18032721558079223,-0.011503551254002148,-0.0006846448940739181,0.00899680226910114,0.028637101209551624,-0.010170670350203116,0.020179128050655432,0.0,0.0,0.0,-0.16790859579924458,-0.5401779600850147,0.17576007727434842,-0.01744325765185756,0.00023199805533704373,0.011840219965567545,0.06713931445588717,-0.015538014904301178,0.037463430235361805,0.0,0.0,0.0,1.1608837755980268,0.5427212133976071,2.2310076236007395,1.2243648480701546,0.5618455239770932,2.2386510306960195,0.016800133506793442,0.04722878506410245,0.02560862447888529,1.537784149525383,2.27544064140091,1.725136235262417,-1.628749614181243,-1.060532107133161,1.2605861745080755,0.008565801646786678,0.01323431734420175,0.03359325380252878,-0.07155653433196789,0.22488087195367365,-0.11481053609816026,0.11328768045535094,0.14456558750085788,-0.20297741738567796,0.7935615542073772,0.513344880653611,-0.9453899285551894,1.575065838549261,2.392126637804941,1.5180860496706106,-1.1614162295949166,-0.9236391599815941,1.0392371573601007,0.0,0.0,0.0,0.0,0.0,0.0,0.0,0.0,0.0,0.0,0.0,0.0,9.0,9.0,9.0,9.0,9.0,9.0,6.0,6.0,6.0,6.0,6.0,6.0,0.249394044699642,38.7432971882658,10.29909885241595,0.84059548975706,-0.03925699879437661,-7.020978816274503e-05,1.7884666088394447
20.566666666666848,-0.16763676686818713,-0.5406339656819693,0.1806598628437259,-0.010914750048464341,-0.0010402255785786152,0.009579087186459934,0.020215991068626538,-0.009313472515353012,0.020421119418685456,0.0,0.0,0.0,-0.1684426829336918,-0.5401824536097283,0.17618436850724248,-0.016164130258991972,-8.688740592525056e-05,0.012796738137791265,0.05766759400277355,-0.01500862308246198,0.034429003885884324,0.0,0.0,0.0,1.150565734074539,0.5392053408117571,2.2388792373592685,1.2193469094440899,0.5572508349977389,2.245968714152928,0.018802299005773383,0.05076220748838094,0.025499959027470428,1.5382368208906072,2.2761741054553752,1.7257969111487106,-1.6294093740690094,-1.052125715593249,1.254942256202173,0.01190869452007965,0.019080720204039392,0.024411268993380086,-0.037047375865985985,0.2430881214494663,-0.1511485448174389,0.1002867861987892,0.17539208579512933,-0.2754595442744609,1.0352747539794571,0.5462174848737789,-1.0901402615783593,1.575065838549261,2.392126637804941,1.5180860496706106,-1.1614162295949166,-0.9236391599815941,1.0392371573601007,0.0,0.0,0.0,0.0,0.0,0.0,0.0,0.0,0.0,0.0,0.0,0.0,9.0,9.0,9.0,9.0,9.0,9.0,6.0,6.0,6.0,6.0,6.0,6.0,0.23806264260318566,38.78500119545821,10.271207612411404,0.8426597257626334,-0.03970110410241823,-7.634353529401006e-05,1.9934576274214306
20.600000000000183,-0.1679821773910604,-0.5406773560208515,0.18100072745863519,-0.01048792207216344,-0.0013011510351877914,0.009940362451233795,0.015687563591764812,-0.006625761231637306,0.013958345436645219,0.0,0.0,0.0,-0.1689393161983567,-0.5401961201574295,0.17663364300481993,-0.015008302013173701,-0.000371140395878105,0.013578066660986024,0.051179969011004633,-0.013185642996946356,0.025908198781790404,0.0,0.0,0.0,1.1390892911918635,0.5356514303324309,2.2467003866405992,1.2125930239960605,0.5526784969044394,2.2533025403868603,0.020552953094078695,0.05391531932977564,0.025351245763379004,1.5387531839248947,2.2770561306081905,1.726186466609561,-1.6290697610744647,-1.043350224909063,1.2483885428405477,0.01429682552577633,0.02400074312432406,0.01592819888146444,-0.005556865397768923,0.25653918750021376,-0.18145711550498922,0.07164393017090037,0.14760068760854006,-0.25449210335746936,0.9447153140465118,0.40353198152242453,-0.9092571206265097,1.575065838549261,2.392126637804941,1.5180860496706106,-1.1614162295949166,-0.9236391599815941,1.0392371573601007,0.0,0.0,0.0,0.0,0.0,0.0,0.0,0.0,0.0,0.0,0.0,0.0,9.0,9.0,9.0,9.0,9.0,9.0,6.0,6.0,6.0,6.0,6.0,6.0,0.17915884248911262,38.731790179916466,10.251094158097658,0.8408209350416898,-0.04054835932326273,-5.9497685029885616e-05,1.0110040763145607
20.633333333333518,-0.16833112012075807,-0.5407266238421596,0.181357789609335,-0.010405512424169252,-0.0015352074449392628,0.010382626577497145,0.00587535951244796,-0.0061723937391703464,0.01660030888853498,0.0,0.0,0.0,-0.16940711713208728,-0.5402184669169808,0.1771083628344871,-0.014093932140263528,-0.0006374277119248298,0.014345283020144066,0.03915947527909669,-0.012180954314104042,0.025157178634992672,0.0,0.0,0.0,1.1256534734653552,0.5324851528499199,2.254574911484323,1.2038187530794844,0.5483247749225191,2.2606866370548535,0.022327330697221204,0.057013455172944295,0.025061898243729227,1.5393610217534406,2.2781941519333127,1.7261250877485403,-1.6270218483548347,-1.0337763082381737,1.2406017868070593,0.016922365079511663,0.030760674210553007,0.004081822406743249,0.03910596592667633,0.2769913959178591,-0.21622082583809624,0.07876618661206003,0.20279793258686846,-0.35539129424163574,1.3398849397333576,0.6135662525293604,-1.0429113099932104,1.575065838549261,2.392126637804941,1.5180860496706106,-1.1614162295949166,-0.9236391599815941,1.0392371573601007,0.0,0.0,0.0,0.0,0.0,0.0,0.0,0.0,0.0,0.0,0.0,0.0,9.0,9.0,9.0,9.0,9.0,9.0,6.0,6.0,6.0,6.0,6.0,6.0,0.21079156825727685,38.838284400101884,10.227101743115206,0.8428315155334334,-0.04056998485770047,-5.179365175594919e-05,2.26967747964063
20.666666666666853,-0.16869656579093104,-0.540778093764763,0.18172925919755836,-0.010694515677482506,-0.0016909180186178638,0.01080838651548552,-0.004720254579398386,-0.004070742511710887,0.016471773176483566,0.0,0.0,0.0,-0.1698551988936178,-0.5402479601564886,0.1776065159706293,-0.01345118300757633,-0.0008613268100364956,0.01505835808704303,0.025857331235505043,-0.010029107632908207,0.0225119304870538,0.0,0.0,0.0,1.1103726905558033,0.5296970895227263,2.262623045881331,1.193014775936794,0.5442422294684708,2.268188343760824,0.0240216555044439,0.059993262963834594,0.024592593717036967,1.540040798827667,2.279558741533925,1.7256839512139657,-1.6234573763743776,-1.023355025383789,1.2317112139758943,0.01923632984436576,0.037545350082434495,-0.007462123222580488,0.08432476158470037,0.30075612239364474,-0.24988506523599638,0.06941894294562297,0.20354027615644465,-0.3463183688797121,1.3565638697407212,0.7129417942735689,-1.0099271819370044,1.575065838549261,2.392126637804941,1.5180860496706106,-1.1614162295949166,-0.9236391599815941,1.0392371573601007,0.0,0.0,0.0,0.0,0.0,0.0,0.0,0.0,0.0,0.0,0.0,0.0,9.0,9.0,9.0,9.0,9.0,9.0,6.0,6.0,6.0,6.0,6.0,6.0,0.19292679509260013,38.866314521040486,10.220795118053479,0.8411028513876299,-0.04081569993690026,-4.393418759768286e-05,1.2845504162310724
20.700000000000188,-0.16907665899085084,-0.5408280770980496,0.18210336951246842,-0.011072859483252206,-0.0017395067118427046,0.010993155700387613,-0.007070731629547555,-0.000909867807262643,0.009685866978653328,0.0,0.0,0.0,-0.1702869278512442,-0.5402827931482861,0.17812140995641668,-0.012935895532497865,-0.001032171542245038,0.015590388304829004,0.019580646358495102,-0.007398023015889876,0.013860879773586632,0.0,0.0,0.0,1.0939061679401423,0.5270999787767381,2.2706876368977196,1.1804528176009026,0.5403718598733964,2.275769799980889,0.025493458772411506,0.06258752783514415,0.024043049084847924,1.5407470902849412,2.2810679097572306,1.724972114718075,-1.6188014893451574,-1.012449285409264,1.2220186348273538,0.020537939093607693,0.04269848116025119,-0.01672410432534087,0.12122599444597273,0.3183668402883856,-0.27714660471614366,0.03904827747725798,0.15459393233450086,-0.27785943308281147,1.107036985838171,0.5283215368422246,-0.8178461844044187,1.575065838549261,2.392126637804941,1.5180860496706106,-1.1614162295949166,-0.9236391599815941,1.0392371573601007,0.0,0.0,0.0,0.0,0.0,0.0,0.0,0.0,0.0,0.0,0.0,0.0,9.0,9.0,9.0,9.0,9.0,9.0,6.0,6.0,6.0,6.0,6.0,6.0,0.12294711692289373,38.80400148902263,10.210711656037192,0.8347398475436547,-0.04173389915688097,-3.393826219949547e-05,0.6530633428708817
20.733333333333523,-0.16949145168510044,-0.5408730817973046,0.18247711449953963,-0.011882287119916582,-0.0016810448710700542,0.011036206158048052,-0.019707099759719744,0.002242517248739133,0.006031748375100774,0.0,0.0,0.0,-0.17071409133818646,-0.5403207396513577,0.17864882615261102,-0.012744285689989508,-0.0011375539121187353,0.015986534707745,0.004046009879890011,-0.004209937289463284,0.00746233425870102,0.0,0.0,0.0,1.0762288836960243,0.5245531187552653,2.278729196310656,1.1661954870805047,0.5366474541213583,2.283414283989538,0.02674914756954669,0.0648685410263545,0.023480304587420595,1.5414393435020293,2.2827224226658918,1.7239768468598051,-1.6130275336980322,-1.001076560011889,1.2114158295680395,0.020691044039632157,0.047323085226640985,-0.025480058607179105,0.15588777775783186,0.3335767880436301,-0.3044383067583333,0.004593148380733967,0.1387381219916939,-0.26267862845514706,1.0398534993557733,0.4562984326573358,-0.8187510612656879,1.575065838549261,2.392126637804941,1.5180860496706106,-1.1614162295949166,-0.9236391599815941,1.0392371573601007,0.0,0.0,0.0,0.0,0.0,0.0,0.0,0.0,0.0,0.0,0.0,0.0,9.0,9.0,9.0,9.0,9.0,9.0,6.0,6.0,6.0,6.0,6.0,6.0,0.05647132181941139,38.800625718161164,10.197429984561978,0.8289778463537494,-0.04230868046953118,-3.901954627116844e-05,0.9742787272641578
20.766666666666858,-0.1699478253769448,-0.5409111054458042,0.18284143412449283,-0.012972450171191478,-0.0015464027257347506,0.010850184563470207,-0.027945826881390218,0.004534018361609346,-9.364315083136955e-05,0.0,0.0,0.0,-0.17114497884689653,-0.5403599710822515,0.1791823823935555,-0.01281496638975573,-0.0011859328588691264,0.01619762241757413,-0.008380253069100174,-0.001463734281326623,-0.0012014961037363214,0.0,0.0,0.0,1.0575099902100673,0.5220830431308687,2.2868373644212725,1.1503594573325326,0.5330650303453137,2.2911568269318106,0.027766365148283893,0.06679829237176776,0.02284064448081935,1.542104510724352,2.284480255513373,1.7227641488921468,-1.6063210751656303,-0.9892279160760509,1.200076527613692,0.020200359126332116,0.050931018691839955,-0.032747312222227494,0.18609176323398482,0.3481651413979714,-0.32826547467306433,-0.014720547399001275,0.10823800395596914,-0.21801760845145166,0.9061195642845887,0.43765060063023753,-0.7148150374419314,1.575065838549261,2.392126637804941,1.5180860496706106,-1.1614162295949166,-0.9236391599815941,1.0392371573601007,0.0,0.0,0.0,0.0,0.0,0.0,0.0,0.0,0.0,0.0,0.0,0.0,9.0,9.0,9.0,9.0,9.0,9.0,6.0,6.0,6.0,6.0,6.0,6.0,0.011162058422101384,38.78561436246348,10.189346704534142,0.822001264658973,-0.042754429308714204,-3.284198723613185e-05,0.8023142774590482
20.800000000000193,-0.1704471542758567,-0.5409424985770507,0.18319044604221554,-0.014187165565650028,-0.0013859945541580421,0.01047278450151722,-0.03172383959815526,0.005410225002427618,-0.005075167023159945,0.0,0.0,0.0,-0.17158519549772716,-0.5403997300171268,0.17971644680897683,-0.013069354360526628,-0.0012062705510459777,0.016235801333520608,-0.016920607331609716,-0.0001289998130236114,-0.009187097637481045,0.0,0.0,0.0,1.0381605176934083,0.5198605716245298,2.2947703316656005,1.1331802748940834,0.5296854220988318,2.2988997210757707,0.028625418157512725,0.06820196455434202,0.022172484479148564,1.5427043854932316,2.2863279477849834,1.721313719132451,-1.5987180733403978,-0.9771762222601533,1.1882756580358884,0.01873094841970581,0.05393085166281572,-0.0399243659346598,0.21409062424931063,0.3570889234506083,-0.3454392164470948,-0.04408232119878923,0.08999498912927292,-0.21531161137296903,0.8399658304597746,0.26771346157910725,-0.5152122532209146,1.575065838549261,2.392126637804941,1.5180860496706106,-1.1614162295949166,-0.9236391599815941,1.0392371573601007,0.0,0.0,0.0,0.0,0.0,0.0,0.0,0.0,0.0,0.0,0.0,0.0,9.0,9.0,9.0,9.0,9.0,9.0,6.0,6.0,6.0,6.0,6.0,6.0,-0.04547171168853026,38.78073688448947,10.167472381309306,0.813432309914298,-0.04355095865272485,-1.2314442798366798e-05,0.6382440280680368
20.833333333333528,-0.17097366275209616,-0.5409675218549833,0.1835175782709735,-0.015132225031928388,-0.0012112029069281695,0.009907692511193288,-0.02389946085786218,0.00604996747092354,-0.010131866629754181,0.0,0.0,0.0,-0.172032395177731,-0.5404394370673686,0.18024498170856926,-0.01329020410480713,-0.0012074778742035138,0.01609243723374938,-0.015026037152152227,0.0007658446823981535,-0.017493559611793774,0.0,0.0,0.0,1.0188227168614865,0.5178302085153761,2.302555836984353,1.1150312433692862,0.5264969653395175,2.306626666952411,0.029203983166454926,0.06890175184270159,0.021440800169437117,1.5432381656982967,2.288175066596623,1.719787982762509,-1.5907881101119417,-0.9651544293395038,1.1764644093015129,0.01691925357454123,0.05491932678706388,-0.043822849377055786,0.22996280598555968,0.35946549956319257,-0.3513713801698759,-0.05435084535493738,0.029654253727444593,-0.11695450327187973,0.47616545208747174,0.07129728337752946,-0.17796491168343356,1.575065838549261,2.392126637804941,1.5180860496706106,-1.1614162295949166,-0.9236391599815941,1.0392371573601007,0.0,0.0,0.0,0.0,0.0,0.0,0.0,0.0,0.0,0.0,0.0,0.0,9.0,9.0,9.0,9.0,9.0,9.0,6.0,6.0,6.0,6.0,6.0,6.0,-0.08421548131385614,38.725414955710804,10.162481380723763,0.8026760886038897,-0.0444480278798588,9.486064509900416e-06,0.32672461083151627
20.866666666666863,-0.1715264460262179,-0.5409876878090055,0.18382017258023886,-0.015970912759243873,-0.0010574037318839963,0.009230684910166403,-0.021068128513105275,0.005624498576183867,-0.0131186174288368,0.0,0.0,0.0,-0.17248834087933732,-0.5404789293769264,0.18076339605908542,-0.013551489567448859,-0.0012016502082790078,0.01580369387493149,-0.016680044317846754,0.0010748160715259303,-0.02398720520710329,0.0,0.0,0.0,0.999691163895355,0.5161150694633508,2.310222962945619,1.0961470724089695,0.5235543660988105,2.3143292503174884,0.02955006955916705,0.06891204132628945,0.020605407174175385,1.543703712809153,2.2899986900273714,1.718227156622141,-1.5826811052269685,-0.9531930131525053,1.1648700885737908,0.014950693408639198,0.05477891087732382,-0.04582413926638073,0.23879436636131512,0.35905015692770054,-0.34901020794439613,-0.05905680497706093,-0.00421247729220177,-0.06003869667974827,0.2649468112726635,-0.012460279064760778,0.07083516676439293,1.575065838549261,2.392126637804941,1.5180860496706106,-1.1614162295949166,-0.9236391599815941,1.0392371573601007,0.0,0.0,0.0,0.0,0.0,0.0,0.0,0.0,0.0,0.0,0.0,0.0,9.0,9.0,9.0,9.0,9.0,9.0,6.0,6.0,6.0,6.0,6.0,6.0,-0.10440069412047104,38.71683288918712,10.155263460224385,0.7929606185860909,-0.045020320983689466,2.8979624253411274e-05,0.413428183170452
20.900000000000198,-0.17209670658209184,-0.5410037404154469,0.18409549917155132,-0.01660063676939031,-0.0009201869987262527,0.008465239580643227,-0.01524851403685038,0.005350477296578778,-0.015612307366528515,0.0,0.0,0.0,-0.17295171625070524,-0.5405179294755182,0.18126733869744865,-0.01378459087608606,-0.001187622601873886,0.015381179811872455,-0.01505462939101232,0.0014360716970553966,-0.029859887944818198,0.0,0.0,0.0,0.9809976851214909,0.5147427114689918,2.3177267585933636,1.0767610296410854,0.5208849464975925,2.321972105802261,0.029682978855303823,0.06822859675687551,0.019692046099293155,1.5441030857567088,2.291772547594994,1.7166668560623615,-1.5745425345805042,-0.9414073675335355,1.1536569691498268,0.012971023420659495,0.053736788311567835,-0.0464807242843838,0.242369535049725,0.3553962980219632,-0.34059912446074725,-0.0593900996393911,-0.03126367697267952,-0.019697550540092243,0.10725506065229606,-0.10961576717211959,0.2523325045094662,1.575065838549261,2.392126637804941,1.5180860496706106,-1.1614162295949166,-0.9236391599815941,1.0392371573601007,0.0,0.0,0.0,0.0,0.0,0.0,0.0,0.0,0.0,0.0,0.0,0.0,9.0,9.0,9.0,9.0,9.0,9.0,6.0,6.0,6.0,6.0,6.0,6.0,-0.1138640440294777,38.718367363536046,10.14479434979883,0.7832708818324515,-0.04561405585743317,4.2456101091326026e-05,0.33810177790715146
20.933333333333533,-0.17266869897897968,-0.5410161668151425,0.18434293794291035,-0.016848508563777512,-0.0007928865638692374,0.007661120006363653,-0.004284283042077794,0.005256014831646597,-0.016881294739856324,0.0,0.0,0.0,-0.17341720287057552,-0.5405560931403611,0.18175342618949536,-0.013875889433297145,-0.0011634988060001085,0.014851666521909775,-0.008047812980027658,0.001883852423283372,-0.03439885765415829,0.0,0.0,0.0,0.9629677132417088,0.5136828056176428,2.3250356464674033,1.0571048790041948,0.5184886775989598,2.3295193502008216,0.029599279740599824,0.06686006494409517,0.01873001550138528,1.5444508049431966,2.2934672642535947,1.7151564517830882,-1.5665503402525918,-0.9299190900728785,1.142956876720827,0.01127805820330634,0.05180659594253112,-0.04570166034692455,0.2406337315748224,0.34823098188712664,-0.3275348900669153,-0.05078895652059469,-0.05790577107110139,0.02337191812377758,-0.05207410424707755,-0.21495948404509763,0.3919270318149587,1.575065838549261,2.392126637804941,1.5180860496706106,-1.1614162295949166,-0.9236391599815941,1.0392371573601007,0.0,0.0,0.0,0.0,0.0,0.0,0.0,0.0,0.0,0.0,0.0,0.0,9.0,9.0,9.0,9.0,9.0,9.0,6.0,6.0,6.0,6.0,6.0,6.0,-0.1071262624019369,38.72330172838573,10.135734569092497,0.7736540503770394,-0.04623505005775952,5.049762977438199e-05,0.23371133582657538
20.966666666666868,-0.1732370674039194,-0.5410259629103794,0.18456272282740377,-0.016863909119482993,-0.0006850128574450547,0.006850601660224227,0.002202438678049326,0.004836214254274364,-0.017363059652471754,0.0,0.0,0.0,-0.17388233477430076,-0.5405933158009203,0.18221889677475692,-0.01388229709764132,-0.0011351944591772144,0.014235222138316992,-0.0038376386044145505,0.002045480693778856,-0.037940151207203954,0.0,0.0,0.0,0.9457401497447111,0.5129271186515417,2.332121538360782,1.0373763756533276,0.5163685216449613,2.336934610637665,0.029320028864711065,0.0648493137615236,0.01774156587948022,1.5447486966726796,2.295068650018982,1.7137192188856332,-1.5588134705883165,-0.9188013050517023,1.1328644446494611,0.009717187324092286,0.04929658062192099,-0.043978544731405396,0.23494863714377962,0.3384326943859004,-0.3110269381162882,-0.04682612637642159,-0.07530045961830385,0.05169346846557456,-0.17055283293128343,-0.29394862503678754,0.4952385585188136,1.575065838549261,2.392126637804941,1.5180860496706106,-1.1614162295949166,-0.9236391599815941,1.0392371573601007,0.0,0.0,0.0,0.0,0.0,0.0,0.0,0.0,0.0,0.0,0.0,0.0,9.0,9.0,9.0,9.0,9.0,9.0,6.0,6.0,6.0,6.0,6.0,6.0,-0.10557669263671277,38.73979154683483,10.125866098570839,0.7644746598903084,-0.046732550335695344,5.55735267583346e-05,0.1772305149108718
21.000000000000203,-0.17379524197227014,-0.5410331837949292,0.18475632688317561,-0.016670710222440734,-0.0005845521919700409,0.006067101839784308,0.008022212632321614,0.004719012151508295,-0.016967731523537803,0.0,0.0,0.0,-0.17434421978972742,-0.5406291721529508,0.18266185108195332,-0.013801277529355878,-0.0010952982236908685,0.013557134267295103,0.00043973316994261324,0.002558608488143932,-0.040248125502647,0.0,0.0,0.0,0.9293116838441956,0.5125314072426937,2.3390070307534994,1.0177056929102952,0.5145566475307806,2.344202538071052,0.028893989390007285,0.06228906898248862,0.016713850537653382,1.5450117767115992,2.2965746774410807,1.7123649053441738,-1.5513469883066255,-0.9080370857957301,1.1234190869790248,0.008500663219754113,0.04655274198261821,-0.04174578573965623,0.22764585801507956,0.32809528324807774,-0.29258279944748894,-0.036495723130145215,-0.0823151591790835,0.06698276975247486,-0.2190833738610015,-0.31012233413467954,0.5533241600639776,1.575065838549261,2.392126637804941,1.5180860496706106,-1.1614162295949166,-0.9236391599815941,1.0392371573601007,0.0,0.0,0.0,0.0,0.0,0.0,0.0,0.0,0.0,0.0,0.0,0.0,9.0,9.0,9.0,9.0,9.0,9.0,6.0,6.0,6.0,6.0,6.0,6.0,-0.08949748816022063,38.774980167575414,10.117700069687743,0.7563823193146348,-0.04705882519325988,6.004958427907603e-05,0.15962540462584018
21.033333333333537,-0.1743361891477161,-0.5410379156298617,0.18492501455446184,-0.0162683953671756,-0.00048647111295834454,0.0053182320047145855,0.013889133779491906,0.004726327849217276,-0.01643467797390114,0.0,0.0,0.0,-0.17479933696750136,-0.5406633031483158,0.18308067885362675,-0.013616232041314867,-0.001044425373290274,0.012828638748199202,0.00545373687048567,0.003037140236740399,-0.04200669144961422,0.0,0.0,0.0,0.9137714180661252,0.5124506799790193,2.345669265060844,0.9982425572871378,0.5130475077554156,2.3512959226620476,0.028323896845552494,0.05923052936698958,0.015679566544649415,1.5452467080071435,2.2979742063625355,1.7111146277132114,-1.5442376577461139,-0.8976869324724296,1.1146600542532656,0.007532180317471169,0.04350815908996601,-0.038920814532466756,0.21806856388192586,0.31636816088203706,-0.2727082543310107,-0.02905448706848833,-0.09133748677956598,0.08474913621568428,-0.28731882399461117,-0.3518136709812197,0.5962363534943469,1.575065838549261,2.392126637804941,1.5180860496706106,-1.1614162295949166,-0.9236391599815941,1.0392371573601007,0.0,0.0,0.0,0.0,0.0,0.0,0.0,0.0,0.0,0.0,0.0,0.0,9.0,9.0,9.0,9.0,9.0,9.0,6.0,6.0,6.0,6.0,6.0,6.0,-0.07903454398520338,38.802590582487845,10.10944359721871,0.7482972974043539,-0.04741665254635441,6.0609205616124484e-05,0.08720294667650647
21.066666666666872,-0.17485984326725076,-0.5410389815427916,0.18507023096428432,-0.015796562859327526,-0.0003628249496670389,0.004610283866841472,0.015606836669863993,0.0055434314593052715,-0.015745646549242612,0.0,0.0,0.0,-0.1752466786296957,-0.5406948636583876,0.18347413225303855,-0.013389693855745193,-0.0009701058471184815,0.01206077609743278,0.007431247810540498,0.004104253359374255,-0.04323197164362158,0.0,0.0,0.0,0.8992347779981723,0.5125997767072722,2.3520572085535134,0.9791469953718355,0.5118088447500849,2.3581746387418887,0.027604579220134248,0.05571519915228368,0.014686452322766675,1.545444629080467,2.299255779893865,1.7099881062483235,-1.5375900719409608,-0.8878362486890446,1.1066241613348438,0.006469148238960466,0.04013419032324508,-0.03550403414191178,0.205641237397036,0.30246972929504395,-0.25162060981210616,-0.03189096235532108,-0.10121906300162802,0.10250341171664927,-0.3728197945466963,-0.41695294760979296,0.6326293355671359,1.575065838549261,2.392126637804941,1.5180860496706106,-1.1614162295949166,-0.9236391599815941,1.0392371573601007,0.0,0.0,0.0,0.0,0.0,0.0,0.0,0.0,0.0,0.0,0.0,0.0,9.0,9.0,9.0,9.0,9.0,9.0,6.0,6.0,6.0,6.0,6.0,6.0,-0.08729870066355994,38.82185051633621,10.10104466182525,0.740334264792057,-0.04777975973356019,5.793540792109475e-05,0.06478800531693757
21.100000000000207,-0.17536696593603862,-0.5410360144504812,0.18519313519043917,-0.015316618703131663,-0.0002239846914818544,0.003937954316899193,0.015544566452414733,0.006000738964255539,-0.01520735482084157,0.0,0.0,0.0,-0.1756860357926213,-0.5407231913119654,0.1838411857751284,-0.013151605231042316,-0.0008752188211099485,0.011260933107524553,0.007960408921092732,0.005022665311150476,-0.04410432482807902,0.0,0.0,0.0,0.8856523537690643,0.512994890328981,2.358180552124382,0.9605092428102315,0.5108449694360178,2.364820778095609,0.026778294417204765,0.05184279966817558,0.013728045285701406,1.545608535492028,2.300424076903053,1.708979919236681,-1.5313832488389252,-0.8784581525881895,1.0992978272446776,0.005434510977540655,0.03674400362483762,-0.031998418280153575,0.19268354117305622,0.28838516511545076,-0.23040021840735647,-0.03103911784259433,-0.10170560095222371,0.10516847585274608,-0.3887308867193929,-0.4225369253877962,0.6366117421424903,1.575065838549261,2.392126637804941,1.5180860496706106,-1.1614162295949166,-0.9236391599815941,1.0392371573601007,0.0,0.0,0.0,0.0,0.0,0.0,0.0,0.0,0.0,0.0,0.0,0.0,9.0,9.0,9.0,9.0,9.0,9.0,6.0,6.0,6.0,6.0,6.0,6.0,-0.08599921715372738,38.85491273216932,10.092696080947135,0.7334683276972286,-0.047973645067789006,5.6316722332527824e-05,0.08418729908314596
21.133333333333542,-0.17586069764955842,-0.5410270529658071,0.18529554860514375,-0.014895474461041957,-4.3646994689275007e-05,0.003312032761848511,0.013543122234115636,0.007229928487075276,-0.014283674828963762,0.0,0.0,0.0,-0.17611843738963678,-0.5407469814134337,0.18418137728644896,-0.012938412556093893,-0.0007435945763723808,0.010444766854988326,0.0067494145302791075,0.006700811560325093,-0.04423443726225118,0.0,0.0,0.0,0.8728980289386622,0.5136830047652033,2.3640849097571417,0.9423657293234744,0.5101812250833505,2.371238282556123,0.02589141984450468,0.04772897747120527,0.012780217524974168,1.5457435058169708,2.301488937976205,1.7080827154621938,-1.5255543476925768,-0.8694681093751331,1.092639660639147,0.00451091015803862,0.03354522267132717,-0.028610214916460396,0.18080586998465142,0.27592925263294454,-0.20996340491306414,-0.027708024585061043,-0.09596342860531379,0.1016461009107954,-0.35633013565214383,-0.3736773744751857,0.6131044048287696,1.575065838549261,2.392126637804941,1.5180860496706106,-1.1614162295949166,-0.9236391599815941,1.0392371573601007,0.0,0.0,0.0,0.0,0.0,0.0,0.0,0.0,0.0,0.0,0.0,0.0,9.0,9.0,9.0,9.0,9.0,9.0,6.0,6.0,6.0,6.0,6.0,6.0,-0.07874864323507036,38.898192975872504,10.08706397106111,0.7277507935250798,-0.048021218836023394,5.531684833393058e-05,0.10985122677844197
21.166666666666877,-0.17633804491869776,-0.5410115454034297,0.18538065043469387,-0.014433852686079508,0.00016088146871845455,0.0027642665416683938,0.014566262796000639,0.00793710141799284,-0.012378573818254442,0.0,0.0,0.0,-0.17654260167880748,-0.5407654217268487,0.18449517934894,-0.01269579234658387,-0.0005855720632228471,0.009638755214908892,0.008138298682939915,0.007868459225917945,-0.04311617142309032,0.0,0.0,0.0,0.8609650495642693,0.5146203674322605,2.3697662109421858,0.9247808879035987,0.5098085279639786,2.377418975144178,0.024944203679315706,0.043432833462053524,0.011863331295279098,1.545854683519794,2.3024523061768676,1.7073020854487693,-1.5201251535089018,-0.8608770480495389,1.0866251789360841,0.003727190775808811,0.03044910490369242,-0.025149338573974445,0.16885250700172,0.2637976440561984,-0.19027743569894837,-0.023511581466894284,-0.09288353302904238,0.10382629027457857,-0.3586008894879427,-0.3639482573023857,0.5905790764234732,1.575065838549261,2.392126637804941,1.5180860496706106,-1.1614162295949166,-0.9236391599815941,1.0392371573601007,0.0,0.0,0.0,0.0,0.0,0.0,0.0,0.0,0.0,0.0,0.0,0.0,9.0,9.0,9.0,9.0,9.0,9.0,6.0,6.0,6.0,6.0,6.0,6.0,-0.07056944441427304,38.93391490560197,10.081575786337675,0.7220244193871901,-0.048164441914958056,5.197988195237979e-05,0.1382266662577956
21.200000000000212,-0.1768084010984269,-0.5409846451894147,0.18545206549725526,-0.014147065744925242,0.00047142886971113414,0.0023146879437079704,0.009184112306925035,0.01110762257996295,-0.009799940175209123,0.0,0.0,0.0,-0.1769620196703478,-0.5407759595729676,0.1847837058509446,-0.012539054169446218,-0.0003577064137674662,0.008863391285493263,0.004023965633590532,0.011091324135362512,-0.041048911302311364,0.0,0.0,0.0,0.8499072376311346,0.5157123581984857,2.3751792674393855,0.9078427370775439,0.5096867461499439,2.383336951061299,0.023922686049134036,0.03898928476580627,0.011021028267379397,1.5459198256371778,2.3033109894539354,1.706652642798464,-1.5151654236818894,-0.8527354066685932,1.0812491895113443,0.002545239272947357,0.027323367175917608,-0.021371965864095455,0.15547876554082155,0.250765375637648,-0.17094560039444437,-0.03545854508584362,-0.0937721318332444,0.11332118129636971,-0.4012122438269537,-0.3909680525565108,0.5799550591351197,1.575065838549261,2.392126637804941,1.5180860496706106,-1.1614162295949166,-0.9236391599815941,1.0392371573601007,0.0,0.0,0.0,0.0,0.0,0.0,0.0,0.0,0.0,0.0,0.0,0.0,9.0,9.0,9.0,9.0,9.0,9.0,6.0,6.0,6.0,6.0,6.0,6.0,-0.0932406089620692,38.95578837834927,10.077907055656219,0.716468288523511,-0.04835530844826097,4.610133734750388e-05,0.20266855650821175
21.233333333333547,-0.17727619569775782,-0.5409456162140813,0.18551520412409464,-0.014006355371723931,0.0008304577908273859,0.0020048315993844443,0.004734103011056593,0.012533106940494664,-0.005912405902972994,0.0,0.0,0.0,-0.17737928563559416,-0.5407772609026392,0.18504931003966665,-0.01246211075513661,-8.506720140567472e-05,0.00815373134262554,0.0002487480811348419,0.013085004477622064,-0.03735042389905985,0.0,0.0,0.0,0.8396214495243244,0.5169782936374098,2.380341621486701,0.8915742804131926,0.5098160846413732,2.388988561277015,0.0228652741350684,0.034486506940741846,0.010238297856496832,1.5459379893159102,2.304084579705702,1.7061177198984518,-1.5106149332787662,-0.844988346112759,1.0764580201358092,0.0012116866656279662,0.024579594093974595,-0.01782244662160948,0.14283606324273893,0.23852966966256614,-0.1528052543088528,-0.04000657821958172,-0.08231319245829037,0.10648557727457922,-0.37928106894247854,-0.36707117925245586,0.544210382567747,1.575065838549261,2.392126637804941,1.5180860496706106,-1.1614162295949166,-0.9236391599815941,1.0392371573601007,0.0,0.0,0.0,0.0,0.0,0.0,0.0,0.0,0.0,0.0,0.0,0.0,9.0,9.0,9.0,9.0,9.0,9.0,6.0,6.0,6.0,6.0,6.0,6.0,-0.09861028201260713,38.99806424576915,10.074158191327165,0.7119403203958172,-0.0484254234148247,4.259519853988536e-05,0.2325161668216467
21.266666666666882,-0.1777440793684628,-0.5408941768993973,0.18557667229133107,-0.013965792367228225,0.0012082325631222607,0.0018722227505887073,0.0017272971921360233,0.013062308078090671,-0.0008334440761107306,0.0,0.0,0.0,-0.1777963277360243,-0.540768384665407,0.1852954529371813,-0.012446815381827923,0.0002184533742213293,0.007543582002322737,-0.002618543789400629,0.014396712053473593,-0.032098811375671055,0.0,0.0,0.0,0.8299390262115182,0.5184754344901532,2.385306252969476,0.8759499150093324,0.5102211651756884,2.394391291316519,0.02181623292557571,0.030023022355992697,0.009481781644459538,1.5459168431007182,2.30479968278371,1.7056760368776223,-1.5063724297276708,-0.8375316814492209,1.0721757732801156,-1.9028748627726143e-05,0.02249525959148043,-0.014774475957128736,0.13246209210281762,0.2286431831582854,-0.13658002188348628,-0.03692146242767077,-0.06253003507482495,0.09143911993442239,-0.3112191341976395,-0.2965945951284216,0.48675697276099594,1.575065838549261,2.392126637804941,1.5180860496706106,-1.1614162295949166,-0.9236391599815941,1.0392371573601007,0.0,0.0,0.0,0.0,0.0,0.0,0.0,0.0,0.0,0.0,0.0,0.0,9.0,9.0,9.0,9.0,9.0,9.0,6.0,6.0,6.0,6.0,6.0,6.0,-0.087771959288097,39.05576963626772,10.07197354873506,0.7083790818845785,-0.04839290866862522,4.0864600938883555e-05,0.2640909943019117
21.300000000000217,-0.1782055144125951,-0.5408339581027456,0.18563758856398027,-0.01382906428448739,0.001521580960107207,0.0018212162453398505,0.00459435591783813,0.011093040586932126,0.0013547440509269874,0.0,0.0,0.0,-0.1782109961276524,-0.5407502980206628,0.18552381934162357,-0.012385047259547022,0.0005014624673499443,0.006992009139343938,-0.0003082331689880924,0.01325052765274215,-0.028867903013483076,0.0,0.0,0.0,0.8210159255746076,0.5200469173847068,2.389992329339387,0.8610608884510362,0.5108384580076835,2.3995135571401134,0.020718109337812395,0.025569525226760835,0.008823071494340024,1.5458535052156692,2.3054476080377113,1.7053346192628842,-1.5025530252224495,-0.8305056931022683,1.0684090441251883,-0.0012731006171900407,0.020456924943855335,-0.011753177613805302,0.12054212080536422,0.21673416132514484,-0.12086125705970696,-0.03762215605686944,-0.0611500394287528,0.09063895029970301,-0.357599138923602,-0.35727065499421773,0.47156294471337945,1.575065838549261,2.392126637804941,1.5180860496706106,-1.1614162295949166,-0.9236391599815941,1.0392371573601007,0.0,0.0,0.0,0.0,0.0,0.0,0.0,0.0,0.0,0.0,0.0,0.0,9.0,9.0,9.0,9.0,9.0,9.0,6.0,6.0,6.0,6.0,6.0,6.0,-0.08796580029094914,39.071612378628004,10.061742544849833,0.7031299725394659,-0.048655323860073096,3.4236813166610425e-05,0.4061539014880551
21.333333333333552,-0.17866511683118097,-0.5407646465329895,0.1857033441897089,-0.013751420685269888,0.001817390854863198,0.0019041932979248057,0.0028490003649583114,0.010501866625353597,0.00515104789148827,0.0,0.0,0.0,-0.1786249194289678,-0.5407227629881496,0.1857377019749568,-0.01235843600331171,0.0007874899455572503,0.006534469653821398,-0.0019116838811852332,0.013241068591804961,-0.023997182580728804,0.0,0.0,0.0,0.8126819741775824,0.5217507438828162,2.3944540077686125,0.8468817399478055,0.5116778485032213,2.4043699338028204,0.019622169248010274,0.02122233248716516,0.008217678521960356,1.5457523291662707,2.306053841067489,1.7050705872105212,-1.499050739674648,-0.8238023953706154,1.0650819222539736,-0.002447887860364168,0.018943635576837918,-0.009198366918528338,0.11022641789114948,0.20631067507477183,-0.10682952311086183,-0.03524361729522382,-0.04539868101052257,0.07664432085830893,-0.3094710874264423,-0.3127045875111901,0.4209520184653538,1.575065838549261,2.392126637804941,1.5180860496706106,-1.1614162295949166,-0.9236391599815941,1.0392371573601007,0.0,0.0,0.0,0.0,0.0,0.0,0.0,0.0,0.0,0.0,0.0,0.0,9.0,9.0,9.0,9.0,9.0,9.0,6.0,6.0,6.0,6.0,6.0,6.0,-0.07915548951414442,39.11555521967982,10.056768847844507,0.6997426994074262,-0.048663068183968594,3.154654480530539e-05,0.3570863230639757
21.366666666666887,-0.17912252314546767,-0.5406870861138173,0.18577523168898466,-0.013685478827024939,0.002088888673517161,0.0020569832873880423,0.0025325089355579034,0.009709432724747849,0.007054670329230189,0.0,0.0,0.0,-0.17903831165592501,-0.5406859260374053,0.18593915830125352,-0.012342526448217987,0.001070093875519002,0.00614426125202591,-0.0023338011100215716,0.012928288245934283,-0.020462988829879958,0.0,0.0,0.0,0.8048558587535574,0.523584655810744,2.398708825684405,0.833395463200401,0.5127362052351697,2.408970108832587,0.018540385575788028,0.017028125916025233,0.007659552889772612,1.545618770340951,2.306628950964974,1.704869365027054,-1.495810857480049,-0.8173842569162035,1.0621355175896547,-0.003487139126520069,0.01781674314197355,-0.007090565975516019,0.10153978318902745,0.19713299411315927,-0.09453793432333173,-0.03117753798467702,-0.033806773045930986,0.06323402829036959,-0.2605990410636607,-0.2753304288483766,0.36874766362590294,1.575065838549261,2.392126637804941,1.5180860496706106,-1.1614162295949166,-0.9236391599815941,1.0392371573601007,0.0,0.0,0.0,0.0,0.0,0.0,0.0,0.0,0.0,0.0,0.0,0.0,9.0,9.0,9.0,9.0,9.0,9.0,6.0,6.0,6.0,6.0,6.0,6.0,-0.06825145626845885,39.149543853378525,10.049700318338372,0.6964431283019648,-0.048679707680923556,2.8636396334880132e-05,0.3966063808345319
21.400000000000222,-0.1795710758325561,-0.5406043694071427,0.18585140268600817,-0.013489698239094228,0.002288830543803619,0.0021955270919426853,0.006449964711475287,0.007489195189271219,0.006442400117824924,0.0,0.0,0.0,-0.17944846232895248,-0.540641015682749,0.1861287586097792,-0.012258093868705428,0.0013203531213192613,0.005778951289548935,0.0010171980805440128,0.011246065594331611,-0.018996622836263022,0.0,0.0,0.0,0.7974553501138824,0.5255478729104421,2.4027833271873105,0.8205768900073481,0.5140100707351033,2.413329134387418,0.01748217093555165,0.013028187044515954,0.007137793466964876,1.5454696107272397,2.307178308539445,1.7047149108092623,-1.492770232050959,-0.8112156276499578,1.0595061360138311,-0.004145571983069858,0.016926065870082628,-0.005452606347674956,0.09465910297814364,0.1890835833626345,-0.08410027629091561,-0.01975298569649368,-0.026720318156727686,0.04913878883523187,-0.20642040632651446,-0.2414823225157431,0.3131297409724836,1.575065838549261,2.392126637804941,1.5180860496706106,-1.1614162295949166,-0.9236391599815941,1.0392371573601007,0.0,0.0,0.0,0.0,0.0,0.0,0.0,0.0,0.0,0.0,0.0,0.0,9.0,9.0,9.0,9.0,9.0,9.0,6.0,6.0,6.0,6.0,6.0,6.0,-0.04477717214327637,39.174020625288634,10.039212599702608,0.6930787812429263,-0.04870236949741091,2.582319802990618e-05,0.42272066231311933
21.433333333333557,-0.18001142077434934,-0.5405157869038577,0.18593234134025932,-0.013262941757492088,0.0024778172691725404,0.0023385733287512355,0.00740228273631547,0.007090520377822014,0.0064176598056327454,0.0,0.0,0.0,-0.17985493500283337,-0.5405880064201347,0.18630766674590818,-0.01215217871704785,0.0015664006347365905,0.005447568793543898,0.0020881482128829454,0.010925425953429269,-0.01712374807285899,0.0,0.0,0.0,0.7904060293600491,0.5276313509213535,2.4067033216397773,0.8083963411459264,0.5154919265607836,2.41746432178177,0.016452058026477933,0.009255578652151293,0.006644548649510688,1.5453085854321367,2.3077068959559126,1.7046025010794625,-1.489890464490892,-0.8052551031969671,1.057141114087948,-0.004602363229752027,0.016213770286038903,-0.0040657300452171495,0.0891483855273918,0.18223835018069312,-0.07533386394796793,-0.013703737400465084,-0.021368867521311702,0.04160628907373418,-0.1653215235225557,-0.20535699545824182,0.2629923702884307,1.575065838549261,2.392126637804941,1.5180860496706106,-1.1614162295949166,-0.9236391599815941,1.0392371573601007,0.0,0.0,0.0,0.0,0.0,0.0,0.0,0.0,0.0,0.0,0.0,0.0,9.0,9.0,9.0,9.0,9.0,9.0,6.0,6.0,6.0,6.0,6.0,6.0,-0.03216704150284899,39.1953165091306,10.031597601221236,0.6900840286019998,-0.04870981548852926,2.277924064275627e-05,0.4394540035388572
21.466666666666892,-0.18044284445043876,-0.5404209873149264,0.18601786681284885,-0.013011109627210655,0.0026691362863947785,0.002479176053474177,0.008177571706285844,0.007093349007184597,0.006208243632356244,0.0,0.0,0.0,-0.1802570690699686,-0.5405268053115048,0.18647684501168685,-0.012025978740549332,0.0018141598741217833,0.005146229087915737,0.0030883897817166606,0.010892897644261268,-0.015463218282881996,0.0,0.0,0.0,0.7836443014931734,0.5298243343656655,2.410487810808844,0.7968223411198514,0.5171720897531052,2.421391898633439,0.015453603560621178,0.005733689462109169,0.006175785249069896,1.5451407055356747,2.308218307837543,1.704526559264959,-1.4871331735219424,-0.799471639087187,1.0549898233950126,-0.004891719005818735,0.015632827727955486,-0.00287407963847316,0.0848619478881235,0.17641539892250005,-0.06813710184136448,-0.008680673282001238,-0.017428276742502496,0.035749512202319686,-0.12859312917804872,-0.17468853774579243,0.2159028631981035,1.575065838549261,2.392126637804941,1.5180860496706106,-1.1614162295949166,-0.9236391599815941,1.0392371573601007,0.0,0.0,0.0,0.0,0.0,0.0,0.0,0.0,0.0,0.0,0.0,0.0,9.0,9.0,9.0,9.0,9.0,9.0,6.0,6.0,6.0,6.0,6.0,6.0,-0.02188676576461046,39.21313213551639,10.024015053806986,0.6872031726045645,-0.048723679879706605,1.9788638856987895e-05,0.44909834691006945
21.500000000000227,-0.18086017221560852,-0.5403221968643869,0.18610619098164277,-0.012648453251481853,0.0028168083396009303,0.0025830964636374357,0.011492571286525883,0.005671234333278913,0.004977998888821368,0.0,0.0,0.0,-0.18065224149392156,-0.5404583970013151,0.1866365141055567,-0.011828954326103012,0.0020366585930118282,0.004855172561617265,0.006480935043892355,0.00957960599110308,-0.014767352890315166,0.0,0.0,0.0,0.7771214357744148,0.532095791448894,2.4139599205590985,0.7858242792367893,0.5190306424385224,2.425044626675155,0.014522492146005005,0.0024700699749764547,0.005830449989031487,1.544962898602581,2.30874324100776,1.7043939142466746,-1.4842572548194797,-0.7939856022647993,1.0528796888435374,-0.005186711663814711,0.015709605980325173,-0.003610926911845689,0.08580569001196549,0.16852586942191985,-0.06491505830995928,-0.008849779739879274,0.0023033475710906655,-0.022105418201175873,0.02831226371525985,-0.2366858850174058,0.09666130594215602,1.575065838549261,2.392126637804941,1.5180860496706106,-1.1614162295949166,-0.9236391599815941,1.0392371573601007,0.0,0.0,0.0,0.0,0.0,0.0,0.0,0.0,0.0,0.0,0.0,0.0,9.0,9.0,9.0,9.0,9.0,9.0,6.0,6.0,6.0,6.0,6.0,6.0,-0.013361392680523387,39.24249370992382,10.000750989407104,0.6839640368987041,-0.04893996855599947,1.4784241561316414e-05,0.4726677371716702
21.533333333333562,-0.1812651856508947,-0.5402163560356072,0.18619868167382037,-0.012283452003561556,0.0030098583316577132,0.0027017724225757668,0.011581672543264795,0.006927726739157136,0.005316264100830423,0.0,0.0,0.0,-0.18104030180458705,-0.5403817994213859,0.18678801205955517,-0.01161753588895849,0.0022807378584287575,0.004600339126126438,0.00714749851156915,0.010513083276947555,-0.012849606181845719,0.0,0.0,0.0,0.7707740570652961,0.5344470653309846,2.417263963142396,0.7753630295722695,0.5210593102261128,2.4284698181618944,0.013630909533066667,-0.0005129079135133838,0.0055163895507017065,1.5447855104683825,2.3092665063950566,1.7042599355431074,-1.4813614609798054,-0.7886731910564437,1.0508419169465757,-0.005276666571905141,0.015701843072702115,-0.0038832163752944,0.08651777346414012,0.16242351397441793,-0.062393790709222546,-0.002698647242712883,-0.0002328872286917176,-0.008168683903461312,0.02136250356523882,-0.18307066342505762,0.07563802802210196,1.575065838549261,2.392126637804941,1.5180860496706106,-1.1614162295949166,-0.9236391599815941,1.0392371573601007,0.0,0.0,0.0,0.0,0.0,0.0,0.0,0.0,0.0,0.0,0.0,0.0,9.0,9.0,9.0,9.0,9.0,9.0,6.0,6.0,6.0,6.0,6.0,6.0,-0.004113894011927632,39.25463063556046,9.999377833156235,0.6812784922741704,-0.04887796917141429,1.2687507156550204e-05,0.4325017610987941
21.566666666666897,-0.1816589155145566,-0.540102853825942,0.1862963580924089,-0.011938443665985465,0.0032293043567493893,0.002845048473266122,0.010995830029805233,0.007584487543935495,0.005993490437817202,0.0,0.0,0.0,-0.18142122841595837,-0.540296603811139,0.1869327721486587,-0.011403437269730185,0.002538528035918275,0.004388026579355859,0.007249115985060506,0.01106288787474341,-0.010658905961894227,0.0,0.0,0.0,0.7644105620233287,0.5368112003258491,2.4202655003100055,0.7653375719573138,0.5232224418778018,2.4316201169926326,0.012812343999518493,-0.003148983277129349,0.005326413720439902,1.544602418278923,2.309833067380377,1.7040205857436295,-1.4781229848779622,-0.7835763428500526,1.0485828372432457,-0.005420732646491399,0.01656516739730869,-0.0060814014479904045,0.09360877985824125,0.15607813545262755,-0.06597952430300859,-0.004321982237587755,0.0258997297381973,-0.06594555218088013,0.21273019182303363,-0.19036135565371132,-0.10757200781358141,1.575065838549261,2.392126637804941,1.5180860496706106,-1.1614162295949166,-0.9236391599815941,1.0392371573601007,0.0,0.0,0.0,0.0,0.0,0.0,0.0,0.0,0.0,0.0,0.0,0.0,9.0,9.0,9.0,9.0,9.0,9.0,6.0,6.0,6.0,6.0,6.0,6.0,0.002607013541458869,39.30018878879812,9.982345811956897,0.6788380356619,-0.04893319392976192,3.218008579830567e-06,0.35081711109351366
21.600000000000232,-0.18204414446152362,-0.5399822294731611,0.18640103737291863,-0.01165571727922475,0.003446279482460118,0.0030317457861167183,0.009144875148924545,0.0073604527108090505,0.0072725604832130876,0.0,0.0,0.0,-0.1817959136951481,-0.5402029697894752,0.1870726645517,-0.011212021756477324,0.0027941667727375873,0.004230446152394813,0.0061431528131756785,0.010853436690878127,-0.007916567013386278,0.0,0.0,0.0,0.7579346046949443,0.5391583534170902,2.4229207073718277,0.7556681386996206,0.5254927124105054,2.4344666209635974,0.012070685072217952,-0.005426188924860702,0.005272384131070526,1.5444086994521047,2.3104672707644127,1.7036283442348266,-1.4744014934045695,-0.7786966445726898,1.0459697766883858,-0.005681287418533548,0.01820579014647562,-0.009871963992057508,0.10563275608726809,0.14962001069813244,-0.07425438586487057,-0.007816643161264476,0.04921868247500787,-0.1137168763220131,0.36071928687080534,-0.19374374263485353,-0.2482458468558595,1.575065838549261,2.392126637804941,1.5180860496706106,-1.1614162295949166,-0.9236391599815941,1.0392371573601007,0.0,0.0,0.0,0.0,0.0,0.0,0.0,0.0,0.0,0.0,0.0,0.0,9.0,9.0,9.0,9.0,9.0,9.0,6.0,6.0,6.0,6.0,6.0,6.0,0.004661968000847727,39.34383582917516,9.96774001313803,0.6758411890842324,-0.04893501374011855,-3.885658513835821e-06,0.34714104804668366
21.633333333333567,-0.18241763179414566,-0.5398576543136754,0.18651008426265897,-0.011329379226018997,0.003599831683287557,0.003179149533146539,0.010447459036156619,0.005306939760240886,0.006062306887247025,0.0,0.0,0.0,-0.182162968032652,-0.5401023533812411,0.18720778223624251,-0.010988062884987854,0.0030117923144538403,0.004083453416869963,0.007678793174188403,0.008942182449702685,-0.0073102020463582384,0.0,0.0,0.0,0.7514285029236439,0.5415021436404983,2.425184625133087,0.7463505342971729,0.5278608784891248,2.4369800153386203,0.01139863533065092,-0.007412146283359048,0.005349789073421538,1.5442042138541665,2.3111660912916654,1.7030724001210207,-1.4702104429626226,-0.7740961923460372,1.0430497210620127,-0.00598347443160664,0.02004500726054677,-0.014409536940137132,0.11903192753469567,0.14188238143243018,-0.08315257448241614,-0.009065610392192744,0.05517651342213446,-0.13612718844238875,0.4019751434228275,-0.23212887797106785,-0.26694565852636715,1.575065838549261,2.392126637804941,1.5180860496706106,-1.1614162295949166,-0.9236391599815941,1.0392371573601007,0.0,0.0,0.0,0.0,0.0,0.0,0.0,0.0,0.0,0.0,0.0,0.0,9.0,9.0,9.0,9.0,9.0,9.0,6.0,6.0,6.0,6.0,6.0,6.0,0.005558354291019363,39.360329015753784,9.95296099599139,0.6712797899095728,-0.04896557874203533,-3.8766377566945565e-06,0.4135911938863155
21.666666666666902,-0.18278707431474844,-0.5397287010341261,0.1866259588600665,-0.011141450613743973,0.0037399975906432714,0.003362054112522472,0.0063137415443538705,0.004766993008058856,0.007146523051482091,0.0,0.0,0.0,-0.18252521832760396,-0.5399950233515591,0.1873399036766518,-0.010832359416499711,0.0032167826649951944,0.003984055801004726,0.004399991602335174,0.00826331558422666,-0.004952143114840268,0.0,0.0,0.0,0.7447680214742428,0.5436815702331043,2.427200417900188,0.7373090647543812,0.5302474195116894,2.439208824914625,0.01072060131509918,-0.009047322018767942,0.005503667464017223,1.5439882197468118,2.3119259097223273,1.7023883963638993,-1.4656251941356389,-0.7696512640039928,1.0397143166679457,-0.006314373624298663,0.02187803770008399,-0.018483254122474382,0.13138228571790744,0.136192693985034,-0.0944256127088119,-0.009926975780760688,0.054990913186116645,-0.12221151547011752,0.3705107454963534,-0.17069062342188554,-0.33819114679187273,1.575065838549261,2.392126637804941,1.5180860496706106,-1.1614162295949166,-0.9236391599815941,1.0392371573601007,0.0,0.0,0.0,0.0,0.0,0.0,0.0,0.0,0.0,0.0,0.0,0.0,9.0,9.0,9.0,9.0,9.0,9.0,6.0,6.0,6.0,6.0,6.0,6.0,0.0026044037634618267,39.381548884271375,9.953353157727166,0.6670663200827892,-0.04871841468589033,-1.4808905391183735e-05,0.2793575391160483
21.700000000000237,-0.18315815460903476,-0.5395968802607984,0.1867479102643498,-0.011113211649719058,0.003846333619103133,0.003542606252694619,0.0015299387859880542,0.003660595964379598,0.007103421218901314,0.0,0.0,0.0,-0.18288565682544033,-0.5398818887558174,0.18746977678923396,-0.010764127990920564,0.0033963610212158434,0.003911092872832562,0.0002463685736611154,0.00698611230498436,-0.0036309052344667414,0.0,0.0,0.0,0.7381411038843491,0.5457575208092528,2.4289989525692035,0.7285873554820379,0.5326480951118311,2.4411765331859936,0.010033779038230297,-0.010449637168022283,0.005689519972207868,1.5437482060036327,2.3127226024520744,1.7016267654531747,-1.4608572166839136,-0.7653843494147663,1.0361962885327896,-0.006905066071683417,0.023226533828304387,-0.021393702921983997,0.13915364427381144,0.1307358564462065,-0.10183576693939321,-0.017720773421542612,0.04045488384661192,-0.08731346398528847,0.23314075667711998,-0.1637051261648249,-0.22230462691743919,1.575065838549261,2.392126637804941,1.5180860496706106,-1.1614162295949166,-0.9236391599815941,1.0392371573601007,0.0,0.0,0.0,0.0,0.0,0.0,0.0,0.0,0.0,0.0,0.0,0.0,9.0,9.0,9.0,9.0,9.0,9.0,6.0,6.0,6.0,6.0,6.0,6.0,-0.017266781901808415,39.37767554758465,9.953397309420392,0.6613921323144876,-0.04854465369946803,-1.080802490927013e-05,0.3861297742577672
21.733333333333572,-0.18352622039161162,-0.5394653268922275,0.1868725049187048,-0.011045614689712312,0.0038792825438814715,0.0036523555593977845,0.0026905425955636737,0.0013547668630985456,0.004963613103675529,0.0,0.0,0.0,-0.183243213824191,-0.5397646719443933,0.18759680264562062,-0.01068120075356965,0.003527617942662969,0.0038266001606382613,0.0010035331344098175,0.004635331923353192,-0.004133171610404052,0.0,0.0,0.0,0.7315195752678405,0.5477673072882623,2.4304690209785593,0.7201646538134245,0.5350652710652917,2.442843468800018,0.009385359626428742,-0.011625481381237273,0.0059570159484256344,1.5434856431760617,2.313576820741812,1.700718473936042,-1.455726584955037,-0.761366928247937,1.032412301670547,-0.007552945241981881,0.024826543737521828,-0.02529706464998457,0.14899718266880402,0.12392704215198982,-0.10962499289131636,-0.019436375108953925,0.04800029727652326,-0.11710085184001726,0.2953061518497777,-0.20426442882650048,-0.2336767785576946,1.575065838549261,2.392126637804941,1.5180860496706106,-1.1614162295949166,-0.9236391599815941,1.0392371573601007,0.0,0.0,0.0,0.0,0.0,0.0,0.0,0.0,0.0,0.0,0.0,0.0,9.0,9.0,9.0,9.0,9.0,9.0,6.0,6.0,6.0,6.0,6.0,6.0,-0.016393968076340082,39.40109758555972,9.937544821207572,0.6557710258379759,-0.04846982102662256,-8.499706509068616e-06,0.280814239026441
21.766666666666907,-0.18390032486115676,-0.5393326595571013,0.1869993686308199,-0.011145070738169746,0.003914468582342537,0.0037314916459472527,-0.002323271807404591,0.0013358627518687913,0.004083251868031234,0.0,0.0,0.0,-0.18360179785545727,-0.5396434388382122,0.18772117652293902,-0.01069709165897906,0.0036499838897141026,0.0037454725518062024,-0.0036509727843867523,0.0041898075689896785,-0.003921643615035997,0.0,0.0,0.0,0.7248418756416026,0.54965853023845,2.4317601060016685,0.7119957839801521,0.5374674824650025,2.444264465060594,0.008730979617271973,-0.01255320649265871,0.006226883906949495,1.5431974562278652,2.3144723851544047,1.699715980996298,-1.4503527968149474,-0.7574708975968469,1.0283787258618868,-0.008281387377927468,0.02618680283102694,-0.028482213678204523,0.1571414903580573,0.11922962707246193,-0.11721318047031283,-0.02185326407836762,0.0408077728051534,-0.09555447084659861,0.24432923067759812,-0.14092245238583664,-0.22764562736989416,1.575065838549261,2.392126637804941,1.5180860496706106,-1.1614162295949166,-0.9236391599815941,1.0392371573601007,0.0,0.0,0.0,0.0,0.0,0.0,0.0,0.0,0.0,0.0,0.0,0.0,9.0,9.0,9.0,9.0,9.0,9.0,6.0,6.0,6.0,6.0,6.0,6.0,-0.02445039241668101,39.41579932886788,9.93911703177506,0.6504778356512549,-0.04811341757928833,-1.122872210135295e-05,0.19734733249727343
21.800000000000242,-0.1842835234962043,-0.5391989095704512,0.18712709868670804,-0.011361236462179448,0.003950084834712281,0.003773265398439536,-0.005836971198352917,0.001291579136795668,0.0030105689104551725,0.0,0.0,0.0,-0.18396389861967238,-0.5395185070799263,0.18784275054327856,-0.010791949061696915,0.003762809857369805,0.0036610495992210894,-0.0073065010408508435,0.00371915029368175,-0.00403060478147399,0.0,0.0,0.0,0.7181821692255321,0.5513607124119221,2.432890169139901,0.7040860611291723,0.5398077533398401,2.445460772684233,0.008037857919229077,-0.0132770336164505,0.006503129046206004,1.5428761408029155,2.3153934112582135,1.6986476745709351,-1.444850302969786,-0.7537158747329104,1.0241421378670252,-0.009186770958307973,0.027149456353185508,-0.03086019973332767,0.162430373689247,0.11484366630288532,-0.12380282005400109,-0.02716150741141516,0.02887960566475705,-0.07133958165369447,0.15866649993569154,-0.1315788230872983,-0.19768918751064773,1.575065838549261,2.392126637804941,1.5180860496706106,-1.1614162295949166,-0.9236391599815941,1.0392371573601007,0.0,0.0,0.0,0.0,0.0,0.0,0.0,0.0,0.0,0.0,0.0,0.0,9.0,9.0,9.0,9.0,9.0,9.0,6.0,6.0,6.0,6.0,6.0,6.0,-0.03870030327014251,39.420839886749,9.938291651921967,0.6443401705678824,-0.047861268802733115,-1.448448635887889e-05,0.2141109097396819
21.833333333333577,-0.1846777695003726,-0.5390629654086981,0.18725325778903024,-0.011654794533908688,0.004007135883948504,0.003754129655085909,-0.008165279423288157,0.0018912796136612842,0.0012454427106914881,0.0,0.0,0.0,-0.18433150397017967,-0.5393896612587958,0.18796080923278213,-0.010949830254654633,0.0038797811892777984,0.003557671463894216,-0.010162029591666677,0.003905634419862025,-0.004884405486225596,0.0,0.0,0.0,0.7114659731789595,0.5528965494856186,2.4339314253815427,0.6963889763612733,0.542073237463584,2.4464734926859872,0.00732354197195032,-0.01378380022805838,0.006744361070563877,1.5425265095159697,2.3163341965284068,1.6975267390002153,-1.439210575205676,-0.7500213356020199,1.0196897423155504,-0.010054882725014983,0.027865524188262786,-0.032705444658839886,0.16693801317861173,0.11217200471877095,-0.13031551771416083,-0.02604335300121032,0.02148203505231839,-0.05535734776536642,0.135229184680942,-0.08014984752343132,-0.195380929804792,1.575065838549261,2.392126637804941,1.5180860496706106,-1.1614162295949166,-0.9236391599815941,1.0392371573601007,0.0,0.0,0.0,0.0,0.0,0.0,0.0,0.0,0.0,0.0,0.0,0.0,9.0,9.0,9.0,9.0,9.0,9.0,6.0,6.0,6.0,6.0,6.0,6.0,-0.039977121529430004,39.43719186040994,9.938409362438932,0.6387502387004367,-0.0475051873730139,-1.551090211127093e-05,0.14300543834155355
21.866666666666912,-0.18507583110803355,-0.5389264937507672,0.18737626318983092,-0.011829580509624118,0.004038090886152411,0.0036843073817147656,-0.004622879801395339,0.0010892015170983207,-0.00024277699545585565,0.0,0.0,0.0,-0.18470255628989318,-0.5392577383739149,0.18807475834132903,-0.011063783612106026,0.003975726009161323,0.003436151778323157,-0.007897294439888292,0.0028923306265102866,-0.005690319435668556,0.0,0.0,0.0,0.7048213353815619,0.5543132644211941,2.4349102457804137,0.6889345358461579,0.5442689488463115,2.4473310620300945,0.006589480179927944,-0.014154028506911394,0.006929142136840684,1.5421594306455353,2.317272166731396,1.6963941193709808,-1.433575122846875,-0.7464122287573582,1.0151760503169294,-0.0106932049836906,0.028047912122527784,-0.033554207470969544,0.16835505156889272,0.10957280513282523,-0.13371234587714098,-0.019149667760268517,0.005471638027949902,-0.025462884363889802,0.042511151708429916,-0.0779759875783716,-0.10190484488940453,1.575065838549261,2.392126637804941,1.5180860496706106,-1.1614162295949166,-0.9236391599815941,1.0392371573601007,0.0,0.0,0.0,0.0,0.0,0.0,0.0,0.0,0.0,0.0,0.0,0.0,9.0,9.0,9.0,9.0,9.0,9.0,6.0,6.0,6.0,6.0,6.0,6.0,-0.032936873466941075,39.44079649870071,9.937763547492242,0.6322549932001983,-0.04726699624617736,-1.039276245073939e-05,0.18376600878082053
21.900000000000247,-0.1854838915117409,-0.5387864278818043,0.18749536883525456,-0.012088342000904362,0.004121811584396321,0.0035837412623281545,-0.007165897244381478,0.0026703798039354213,-0.0011388253347235995,0.0,0.0,0.0,-0.18507965225443557,-0.5391217703402776,0.1881842674431706,-0.01123825126395299,0.004093571743247908,0.0033034354603571196,-0.010632830464861076,0.00393400590934867,-0.006157347687850034,0.0,0.0,0.0,0.6983036999715438,0.555622752489023,2.4358433004746343,0.6817403680207761,0.5463919063838195,2.44805591758199,0.0058371870668410385,-0.014418914243713884,0.007053529712837915,1.5417640017553955,2.3181930554506422,1.6952788772006473,-1.4280287994883807,-0.7428833496326431,1.0106804310409727,-0.011472979464024563,0.02776707842576729,-0.03348957923032503,0.16704481769284996,0.10710185087191161,-0.13448316747817668,-0.02339323441001885,-0.00842501090281478,0.0019388472193354871,-0.03930701628128283,-0.07412862782740859,-0.023124648031070866,1.575065838549261,2.392126637804941,1.5180860496706106,-1.1614162295949166,-0.9236391599815941,1.0392371573601007,0.0,0.0,0.0,0.0,0.0,0.0,0.0,0.0,0.0,0.0,0.0,0.0,9.0,9.0,9.0,9.0,9.0,9.0,6.0,6.0,6.0,6.0,6.0,6.0,-0.045974278286241343,39.4458442307184,9.938758325529124,0.626046536194256,-0.047005723019187595,-6.820615320646262e-06,0.1498605612583582
21.933333333333582,-0.18590443932023018,-0.5386419940654747,0.18760978861611344,-0.012424430614788037,0.004237786067273831,0.0034568844204791237,-0.009500677659583292,0.003638841271731021,-0.0018864665545247948,0.0,0.0,0.0,-0.18546479642344305,-0.5389812984369822,0.1882890282403407,-0.0114734176944864,0.004226518695844907,0.0031611279813132075,-0.013347553817407043,0.004639751498459077,-0.006543762773586703,0.0,0.0,0.0,0.6917881593816806,0.5568049625035761,2.436768494148758,0.6747484673024348,0.5484260395287887,2.448677399295756,0.00507817026939119,-0.014529464414771119,0.007113604351841645,1.541342464530966,2.319105569035651,1.6941665891022244,-1.4224853016873666,-0.7393681689726538,1.0060980554808083,-0.012255070976600384,0.027505964508764916,-0.03340895504523124,0.16655156191789758,0.10600423015709103,-0.13647523369601716,-0.02346274537727464,-0.007833417510071211,0.0024187255528136274,-0.014797673248571138,-0.03292862144461769,-0.05976198653521424,1.575065838549261,2.392126637804941,1.5180860496706106,-1.1614162295949166,-0.9236391599815941,1.0392371573601007,0.0,0.0,0.0,0.0,0.0,0.0,0.0,0.0,0.0,0.0,0.0,0.0,9.0,9.0,9.0,9.0,9.0,9.0,6.0,6.0,6.0,6.0,6.0,6.0,-0.046489174801699784,39.47417771743049,9.937180881206071,0.6206286232817577,-0.04665704243695745,-9.221663540781577e-06,0.07580218862894095
21.966666666666917,-0.1863291624007284,-0.5384963739546991,0.1877186014742742,-0.01262023513050814,0.004301063900704051,0.003303583915931078,-0.005319429158530448,0.0020723446373878684,-0.00266916063553067,0.0,0.0,0.0,-0.18585539308661533,-0.5388376009823376,0.1883886365772841,-0.011650386567458239,0.004328653874725397,0.0030069918027440163,-0.010375915669019964,0.003152625424954536,-0.007033475695956248,0.0,0.0,0.0,0.6853858895589648,0.5579067247721882,2.4376892569023783,0.6679837633746423,0.5503809029122158,2.449213701204116,0.004319046049211649,-0.014557192042133325,0.007103633745778613,1.5409065613919224,2.319995535205992,1.6930800702738238,-1.4170434154409888,-0.7359031520101463,1.001553784391119,-0.012803086439737685,0.026967978243074283,-0.03286669491642211,0.16435491223352583,0.10463508263584635,-0.13637716635912242,-0.016440463894119073,-0.016139587970719037,0.01626780386427395,-0.06589949053115209,-0.04107442563734028,0.00294202010684224,1.575065838549261,2.392126637804941,1.5180860496706106,-1.1614162295949166,-0.9236391599815941,1.0392371573601007,0.0,0.0,0.0,0.0,0.0,0.0,0.0,0.0,0.0,0.0,0.0,0.0,9.0,9.0,9.0,9.0,9.0,9.0,6.0,6.0,6.0,6.0,6.0,6.0,-0.036128915757629,39.48775322918301,9.933592100237647,0.6142567144775221,-0.04642963317847948,-5.066211618331984e-06,0.11368410458902092
22.000000000000252,-0.18676450779544193,-0.5383468953447039,0.18782093914800022,-0.012897778385346295,0.00439954103677336,0.0031242319106243328,-0.007788754606653712,0.0031540336127103214,-0.003427792490626355,0.0,0.0,0.0,-0.18625395388756644,-0.5386898841419631,0.1884826333543826,-0.011883542406773242,0.004446731780824837,0.0028392770143248584,-0.012886618074488432,0.003908384719597535,-0.007602119658498108,0.0,0.0,0.0,0.6790364857504696,0.5589935203403769,2.4386483518407718,0.6614155621987196,0.5522812767087736,2.4496966392167034,0.003589537820942553,-0.014490246359068124,0.00700025500138414,1.5404514802365907,2.320862372937446,1.6920253757267907,-1.411676979069138,-0.7324177464084421,0.9970594204638332,-0.01336931858654711,0.02632608071010112,-0.03204945591279991,0.16211369818152724,0.1045864729126989,-0.13534633399875715,-0.01698696440428272,-0.019256925989194935,0.02451717010866594,-0.06723642155995771,-0.001458291694423318,0.030924970810958227,1.575065838549261,2.392126637804941,1.5180860496706106,-1.1614162295949166,-0.9236391599815941,1.0392371573601007,0.0,0.0,0.0,0.0,0.0,0.0,0.0,0.0,0.0,0.0,0.0,0.0,9.0,9.0,9.0,9.0,9.0,9.0,6.0,6.0,6.0,6.0,6.0,6.0,-0.038815211952916595,39.509773506855055,9.933348604197162,0.608821389800259,-0.0460810581504425,-1.0729546622290087e-06,0.06755572295450124
22.033333333333587,-0.18721011118300263,-0.5381942849829606,0.18791599793691996,-0.013195481366162325,0.004495650032705742,0.0029200379971056904,-0.008422331780607195,0.0031112534388224155,-0.004151377340219356,0.0,0.0,0.0,-0.18666111905090602,-0.5385383695605703,0.18857055739693096,-0.012141480291276673,0.004561440885030046,0.002657673141145716,-0.0138763985447512,0.003736292024811405,-0.008180349784720153,0.0,0.0,0.0,0.6727561163486298,0.5599548486038766,2.4396121242348587,0.6550355452640059,0.5540832225110036,2.4501281426637216,0.002853636227081358,-0.014332033162103781,0.0068567015793497485,1.5399729929328523,2.3217054841041747,1.690994299757105,-1.4063913423920948,-0.7289605138627246,0.9925503825403428,-0.014026185603615873,0.025637583571269974,-0.03130467136464698,0.15975063293470432,0.10400680855191649,-0.1352962031360608,-0.01970601051206292,-0.020654914164934278,0.022343536444587885,-0.07089195740468779,-0.017389930823472333,0.0015039258808900655,1.575065838549261,2.392126637804941,1.5180860496706106,-1.1614162295949166,-0.9236391599815941,1.0392371573601007,0.0,0.0,0.0,0.0,0.0,0.0,0.0,0.0,0.0,0.0,0.0,0.0,9.0,9.0,9.0,9.0,9.0,9.0,6.0,6.0,6.0,6.0,6.0,6.0,-0.04392806069832922,39.528673944518545,9.927617139747696,0.6028455017312389,-0.04586024600417882,-5.821238481695801e-06,0.07713763138548059
22.066666666666922,-0.18766282581881166,-0.5380412630992232,0.1880034771941177,-0.013437125173541536,0.0045368127262854566,0.002701920091767447,-0.00677484075284727,0.0014906217975786363,-0.004569347417769434,0.0,0.0,0.0,-0.18707606377719194,-0.5383843030869193,0.18865211430990625,-0.012381665262843292,0.004643441825218055,0.002466447963937196,-0.012834252855290718,0.0021703858888848515,-0.008550303480061583,0.0,0.0,0.0,0.6666106056040321,0.5608580361643642,2.4405810338933316,0.6488610150259831,0.5558023435388683,2.450518398730248,0.0021351771125622415,-0.014130038358174406,0.006661017341406599,1.5394757653747797,2.3225197379624194,1.689994931614877,-1.4012356480510273,-0.725544301713794,0.9881248893928317,-0.014619946362658877,0.024830938355323188,-0.03042225329944215,0.15636409779958652,0.10299317916258369,-0.1336085973289086,-0.017812822771290128,-0.024199356478403607,0.02647254195614485,-0.1015960540535339,-0.03040888167998431,0.05062817421456629,1.575065838549261,2.392126637804941,1.5180860496706106,-1.1614162295949166,-0.9236391599815941,1.0392371573601007,0.0,0.0,0.0,0.0,0.0,0.0,0.0,0.0,0.0,0.0,0.0,0.0,9.0,9.0,9.0,9.0,9.0,9.0,6.0,6.0,6.0,6.0,6.0,6.0,-0.04121430953617211,39.54526044607029,9.922467865083513,0.5967275786638588,-0.045634736110876206,-2.2509853464525165e-06,0.07450928452716574
22.100000000000257,-0.1881133056488245,-0.5378912714811334,0.18808445641917323,-0.013473729662912461,0.004491647313651746,0.0025012098707830267,-0.0006692529238613747,-0.0010822125837704932,-0.004106422752104159,0.0,0.0,0.0,-0.1874948129313493,-0.5382295738458132,0.18872760972403546,-0.012516362060906587,0.004671762059109044,0.0022817460111124637,-0.007633657462182697,-0.0003746852110353416,-0.008149412669997247,0.0,0.0,0.0,0.6607155063884679,0.5616761773203616,2.441520437671005,0.6429391877333758,0.5574265465164581,2.4508622684855457,0.001417722157174716,-0.013930786295961445,0.006441762729959517,1.5389693495141352,2.323297410817333,1.689038193748188,-1.3962968464017078,-0.7222477623116933,0.9838517356393517,-0.01500163266710857,0.02383043655004526,-0.0292755084335939,0.15089739891958193,0.10026184776287579,-0.12999927417923668,-0.011450589133490816,-0.03001505415833784,0.034402345975447536,-0.16400096640013762,-0.08193994199123691,0.1082796944901577,1.575065838549261,2.392126637804941,1.5180860496706106,-1.1614162295949166,-0.9236391599815941,1.0392371573601007,0.0,0.0,0.0,0.0,0.0,0.0,0.0,0.0,0.0,0.0,0.0,0.0,9.0,9.0,9.0,9.0,9.0,9.0,6.0,6.0,6.0,6.0,6.0,6.0,-0.030546668418436784,39.55764196232606,9.916112198786958,0.5902882929306048,-0.045519079111964844,-3.753563503350321e-07,0.08737153783487664
22.133333333333592,-0.18856102664242322,-0.5377463640737872,0.1881600136274598,-0.013431477685569761,0.004376400121565077,0.0023276745521271522,0.0016597926528814477,-0.0031784258686893083,-0.003370372326481626,0.0,0.0,0.0,-0.18791614237606008,-0.5380757521444842,0.18879749359853024,-0.012603689717664821,0.004651545785351885,0.002109691048370037,-0.005264096611159008,-0.002644914939860854,-0.007463723673467371,0.0,0.0,0.0,0.6550302178521581,0.5624635581914543,2.4424437971062725,0.6372612830369186,0.5589741271301252,2.4511699454667193,0.0007311244879641666,-0.013719832488039848,0.006185131758534184,1.5384580871765945,2.324048121135584,1.6881108803162521,-1.391531936149217,-0.719039619615644,0.9797299546710552,-0.015225790973180534,0.022957685215028896,-0.028304771449911562,0.14559733802300714,0.09758346984194424,-0.12576871075901108,-0.006724749182158923,-0.026182540050490866,0.029122109510470128,-0.15900182689724318,-0.08035133762794626,0.12691690260676827,1.575065838549261,2.392126637804941,1.5180860496706106,-1.1614162295949166,-0.9236391599815941,1.0392371573601007,0.0,0.0,0.0,0.0,0.0,0.0,0.0,0.0,0.0,0.0,0.0,0.0,9.0,9.0,9.0,9.0,9.0,9.0,6.0,6.0,6.0,6.0,6.0,6.0,-0.02028582326615247,39.58605828510329,9.911318787837693,0.584838835975703,-0.04527729127341962,2.5160845250615793e-06,0.04525715110379545
22.166666666666927,-0.18900226418936486,-0.5376083199578646,0.1882311292349486,-0.01328886049095886,0.004202787722989672,0.0021825152476568394,0.0046273107443738845,-0.00494084446071121,-0.002616886044548068,0.0,0.0,0.0,-0.18833783260492248,-0.5379243403406939,0.1888622707420125,-0.012626566338230479,0.004585328086934175,0.0019526043683322017,-0.0021122042417198728,-0.004768331971067852,-0.006677425963444339,0.0,0.0,0.0,0.649581581955862,0.5630978683616775,2.4433030110400398,0.6318364247894037,0.560395451924028,2.451427298015052,3.620629501145786e-05,-0.01349335645197112,0.0059460574322112575,1.5379421028732083,2.324775499796781,1.6872000936585265,-1.3869463930389487,-0.7159896946218837,0.975688742045332,-0.015394949725449957,0.022200134962274833,-0.027650656971148865,0.1402433082130334,0.09352632315585475,-0.12274715610080097,-0.005074762568082684,-0.022726507582621944,0.019623434362880877,-0.16062089429921247,-0.12171440058268457,0.09064663974630327,1.575065838549261,2.392126637804941,1.5180860496706106,-1.1614162295949166,-0.9236391599815941,1.0392371573601007,0.0,0.0,0.0,0.0,0.0,0.0,0.0,0.0,0.0,0.0,0.0,0.0,9.0,9.0,9.0,9.0,9.0,9.0,6.0,6.0,6.0,6.0,6.0,6.0,-0.015272467458535388,39.60970858406729,9.903828057214414,0.5792154170235301,-0.04514390858605277,-3.0939686309627845e-06,0.06018322675528328
22.200000000000262,-0.1894311146839259,-0.5374781790068309,0.18829831748568346,-0.012994496108948518,0.003988212468131706,0.002056967972425392,0.009149164659567582,-0.006185038743656211,-0.0021361401334596512,0.0,0.0,0.0,-0.18875646591488954,-0.537776544764044,0.18892229368312613,-0.012551507360514568,0.004481150726731854,0.0018068882882256874,0.0025938523846038564,-0.006485179244370087,-0.0060731668188576116,0.0,0.0,0.0,0.6443288233101045,0.5636897152855289,2.4441459915922175,0.6266475445241872,0.5617238706363591,2.45165539146195,-0.0006210371126154361,-0.013251999333436756,0.005674847905492816,1.537438261958709,2.3254808982334625,1.6863116588513558,-1.382516990185085,-0.7130397937479012,0.9717713206627048,-0.01520846819846889,0.021508013721058594,-0.02698558180046063,0.1353358264816247,0.09017345853160234,-0.11926414635281123,0.005594445809432027,-0.020763637236487175,0.01995225512064709,-0.1472244519422614,-0.1005859387275723,0.10449029243969238,1.575065838549261,2.392126637804941,1.5180860496706106,-1.1614162295949166,-0.9236391599815941,1.0392371573601007,0.0,0.0,0.0,0.0,0.0,0.0,0.0,0.0,0.0,0.0,0.0,0.0,9.0,9.0,9.0,9.0,9.0,9.0,6.0,6.0,6.0,6.0,6.0,6.0,0.004982788435760277,39.637539415710656,9.901898684263111,0.5744893953300835,-0.044885596040332265,6.09657936689878e-07,0.03596493484587096
22.233333333333597,-0.1898496258841718,-0.5373549531417368,0.1883630207391987,-0.012690350531763228,0.0037794788077514224,0.001966710820223426,0.009419815739619483,-0.006017577289938442,-0.001178443820061585,0.0,0.0,0.0,-0.18917155360802446,-0.5376326630733953,0.18897830781876837,-0.012449282521181168,0.004363705513414081,0.0016821586399692727,0.003875513522349383,-0.007008489589150457,-0.005019805235823682,0.0,0.0,0.0,0.6392601198882433,0.5642686908559372,2.4449773437495304,0.6216837836198281,0.5629770107249429,2.4518641420556886,-0.0012308091528568958,-0.012997946117253365,0.0053725612521784314,1.5369443914022936,2.3261674298105257,1.6854461110492394,-1.3782365575056574,-0.7101743973787547,0.9679893853501991,-0.01494690052780225,0.02089996944828557,-0.02630614997581611,0.130720595749087,0.0873657468934649,-0.11539342170105199,0.00784703011999916,-0.018241328183190776,0.020382954739335594,-0.13845692197613096,-0.08423134914412353,0.11612173955277709,1.575065838549261,2.392126637804941,1.5180860496706106,-1.1614162295949166,-0.9236391599815941,1.0392371573601007,0.0,0.0,0.0,0.0,0.0,0.0,0.0,0.0,0.0,0.0,0.0,0.0,9.0,9.0,9.0,9.0,9.0,9.0,6.0,6.0,6.0,6.0,6.0,6.0,0.009649535546524035,39.66398681260562,9.901108762896628,0.5699989748556842,-0.04463501994817354,3.2800039785341184e-06,0.035722599403534186
22.266666666666932,-0.19025822494657862,-0.5372370951050862,0.18842652987461347,-0.012391373136567463,0.003603374829686582,0.0019134735956824835,0.009248452069265639,-0.0050525793328079875,-0.0001498950488493583,0.0,0.0,0.0,-0.1895825408592484,-0.5374924935747804,0.18903113847865083,-0.012328698236759517,0.004249567926318714,0.0015819013690340203,0.004723117897840634,-0.006739034932987664,-0.0038141942200486945,0.0,0.0,0.0,0.6342944259575106,0.5647664299923685,2.445790889610935,0.6169044622347386,0.5641310730739774,2.4520566920134383,-0.0018083073661947083,-0.01269161363843148,0.005064153789146471,1.5364605708114314,2.326846158770041,1.6845857325196127,-1.3740306553790584,-0.7073847442733694,0.9642224988994379,-0.01465871199317727,0.0205412356730598,-0.025976287251136664,0.12769157444834275,0.08491497773885955,-0.1138022029155737,0.00864565603874942,-0.01076201325677311,0.009895881740383361,-0.09087063902232773,-0.07352307463816063,0.047736563564348355,1.575065838549261,2.392126637804941,1.5180860496706106,-1.1614162295949166,-0.9236391599815941,1.0392371573601007,0.0,0.0,0.0,0.0,0.0,0.0,0.0,0.0,0.0,0.0,0.0,0.0,9.0,9.0,9.0,9.0,9.0,9.0,6.0,6.0,6.0,6.0,6.0,6.0,0.013352265507217576,39.69652850353728,9.898991356829782,0.5658741722881422,-0.044407042319320134,-1.3731274057793286e-06,0.031909659644998194
22.300000000000267,-0.19065738542041744,-0.5371245173294178,0.1884896375820346,-0.012103826671485511,0.0034404077021794304,0.0018883921765982681,0.00888512351838157,-0.0046801424308847,0.0006173733680935713,0.0,0.0,0.0,-0.189989000052305,-0.5373562626752186,0.18908147285967278,-0.01219435552444159,0.004130130262339034,0.0015030549118933583,0.005342239642050384,-0.006884646214064816,-0.002769426610685688,0.0,0.0,0.0,0.629490442397476,0.56511009925092,2.4465473099634356,0.6123204788303253,0.5651496440056862,2.4522204921246327,-0.0023799008687938007,-0.012358839280156632,0.004784574769638231,1.5359802437431138,2.3275142240274698,1.6837324395246553,-1.3699438482668511,-0.7047296043722155,0.9604691383443149,-0.014492778697411482,0.02020838370626076,-0.02572462231619648,0.12430000039359458,0.08140779060269548,-0.11300127874098334,0.0049779988729735936,-0.009985559003971195,0.007549948048205525,-0.10174722164244536,-0.1052156140849218,0.02402772523771074,1.575065838549261,2.392126637804941,1.5180860496706106,-1.1614162295949166,-0.9236391599815941,1.0392371573601007,0.0,0.0,0.0,0.0,0.0,0.0,0.0,0.0,0.0,0.0,0.0,0.0,9.0,9.0,9.0,9.0,9.0,9.0,6.0,6.0,6.0,6.0,6.0,6.0,0.007106037752589778,39.714727688936044,9.895176567657913,0.5611030935904684,-0.04426789977699497,-5.9944222827734706e-06,0.049838141076030525
22.333333333333602,-0.19104341988712975,-0.5370176849552786,0.18855195764329388,-0.011746105260846074,0.0032719575975885037,0.0018649553360486348,0.010978338643404693,-0.004864115740836378,0.0005878470278890408,0.0,0.0,0.0,-0.19038881180024717,-0.537224451529472,0.1891294904807633,-0.012003212582206133,0.003997529610931381,0.0014320349124739284,0.008002845032412775,-0.007404839295213961,-0.0023840050499113197,0.0,0.0,0.0,0.6248145810976893,0.5654167899509409,2.447290969855963,0.6079143554874097,0.5660713828355332,2.4523739086869414,-0.0029002406172648158,-0.012006339847580844,0.004484428300132179,1.5355160259041643,2.328171006880172,1.6828928922165718,-1.3659552032865687,-0.7021510255484225,0.9567823543950882,-0.014115283011464969,0.0198717849561374,-0.02536582026706637,0.12120623307018157,0.07870750667675906,-0.11140277189819439,0.011324870578395393,-0.01009796250370088,0.010764061473903375,-0.09281301970239028,-0.08100851777809281,0.04795520528366838,1.575065838549261,2.392126637804941,1.5180860496706106,-1.1614162295949166,-0.9236391599815941,1.0392371573601007,0.0,0.0,0.0,0.0,0.0,0.0,0.0,0.0,0.0,0.0,0.0,0.0,9.0,9.0,9.0,9.0,9.0,9.0,6.0,6.0,6.0,6.0,6.0,6.0,0.01855616771426627,39.736875773064504,9.894648358878175,0.5569731088042464,-0.04400956141623613,-1.459599497710684e-06,0.030412542871671652
22.366666666666937,-0.19141946401222823,-0.5369157439425692,0.18861433162191205,-0.01142756369987763,0.0031185844207280156,0.001858888767362271,0.009794805216170087,-0.004421882337008939,0.0010382799199584397,0.0,0.0,0.0,-0.190782342363221,-0.5370970311697066,0.1891757703891345,-0.011813145397958474,0.0038637864775714803,0.001377148714093736,0.007878689461604083,-0.0073490124158990255,-0.0016081269920049657,0.0,0.0,0.0,0.6202606675810284,0.565722863062178,2.4480248571960415,0.6036753756488017,0.5669193209427935,2.4525242857302016,-0.0033603771264926275,-0.01164052642668051,0.004163395552243035,1.535063672816999,2.328818883488992,1.682066982137849,-1.362058957906489,-0.6996336631401167,0.9531824634261646,-0.01375215608045991,0.019581460495102388,-0.024973474996808763,0.11832698529165535,0.07658308372503439,-0.10913207667786791,0.010893807930151806,-0.00870973383105028,0.011770358107728238,-0.08637743335578653,-0.06373268855174,0.06812085660979465,1.575065838549261,2.392126637804941,1.5180860496706106,-1.1614162295949166,-0.9236391599815941,1.0392371573601007,0.0,0.0,0.0,0.0,0.0,0.0,0.0,0.0,0.0,0.0,0.0,0.0,9.0,9.0,9.0,9.0,9.0,9.0,6.0,6.0,6.0,6.0,6.0,6.0,0.017883554532523105,39.75921675467326,9.894187473886788,0.5529182324276025,-0.043760307353434946,1.991981074755955e-06,0.0284166253194076
22.400000000000272,-0.19178573277536254,-0.5368187200761839,0.18867576993820007,-0.011126609400159481,0.002970171262692535,0.001838647936195498,0.009250656316772554,-0.004290045324400733,0.00054338173536882,0.0,0.0,0.0,-0.1911692864706732,-0.5369742088595247,0.18922019704301551,-0.011615387389407893,0.0037245777867766987,0.0013216706641789274,0.00817464099520393,-0.007501793105264554,-0.0016375159389014904,0.0,0.0,0.0,0.6158542783330132,0.5659088460027922,2.448703266262831,0.599607402214691,0.5676504011885322,2.4526561434394987,-0.0038045775133282098,-0.011258738610452514,0.0038740139614692045,1.5346168020762518,2.3294566476293976,1.681245775508324,-1.3582631732942323,-0.697239762923594,0.949605266978424,-0.01352146684176382,0.0192824363064819,-0.02474862425610155,0.11535802067568761,0.07340569890546464,-0.1079212878474349,0.0069206771608827,-0.008970725658614662,0.006745522221216413,-0.08906893847903236,-0.09532154458709241,0.03632366491299002,1.575065838549261,2.392126637804941,1.5180860496706106,-1.1614162295949166,-0.9236391599815941,1.0392371573601007,0.0,0.0,0.0,0.0,0.0,0.0,0.0,0.0,0.0,0.0,0.0,0.0,9.0,9.0,9.0,9.0,9.0,9.0,6.0,6.0,6.0,6.0,6.0,6.0,0.01098800931542332,39.77321282208628,9.888957452574331,0.548384932526473,-0.04361985503645838,-3.2479204443713883e-06,0.04156479032272971
22.433333333333607,-0.19213763786945398,-0.5367271219524782,0.18873518772277095,-0.010739818189660688,0.002813311837711716,0.0017922396872616288,0.01180659236141186,-0.004562531446599552,-0.0003255143565890771,0.0,0.0,0.0,-0.19154725966565767,-0.5368564095909518,0.18926242738539603,-0.011354895611114035,0.0035736336721361806,0.0012572369550403306,0.011087682646034214,-0.007953280541817875,-0.002064518001679616,0.0,0.0,0.0,0.6116587194590154,0.5660304809365062,2.44933365614062,0.5957345873228896,0.5682791235934644,2.452770788622494,-0.004218268887543481,-0.010898800643074214,0.0035961845722855277,1.5341830178468476,2.330071949966525,1.6804497858434977,-1.354630791827585,-0.6949794440054771,0.9461470277967688,-0.013182840202002707,0.01873352551137118,-0.024169334715229692,0.11110030289150451,0.06967494466416203,-0.10513854624891414,0.010158799192833351,-0.01646732385332161,0.017378686226155692,-0.12773153352549294,-0.11192262723907831,0.08348224795562312,1.575065838549261,2.392126637804941,1.5180860496706106,-1.1614162295949166,-0.9236391599815941,1.0392371573601007,0.0,0.0,0.0,0.0,0.0,0.0,0.0,0.0,0.0,0.0,0.0,0.0,9.0,9.0,9.0,9.0,9.0,9.0,6.0,6.0,6.0,6.0,6.0,6.0,0.014845173302687975,39.77941659642541,9.886652737279565,0.5439319431505265,-0.04345775923371109,-5.675603477195423e-07,0.035799653416026825
22.466666666666942,-0.19247771877774494,-0.5366398721424982,0.18879163237816649,-0.010374952404035034,0.002674729936979555,0.0017178970437916143,0.011134235985011216,-0.004027979107767651,-0.0012389777765650517,0.0,0.0,0.0,-0.19191638181399118,-0.5367434150317317,0.18930205384029783,-0.011088248355722908,0.0034266536625741045,0.0011809410588794614,0.011275319539434836,-0.007654515921860394,-0.002624733806658952,0.0,0.0,0.0,0.6076045896435704,0.5661515555445997,2.449944506458174,0.5920309589165044,0.5688349686382765,2.4528805289263715,-0.004574035639808885,-0.010537547490397559,0.0033052196054183065,1.5337632141035935,2.3306694043645892,1.6796723096053292,-1.351101485191085,-0.692795632701913,0.9427926181303382,-0.012790354932417982,0.018193596465085175,-0.023605969668448367,0.10761956702716897,0.06690120762600205,-0.10213437541158253,0.011774558087541779,-0.016197871388580157,0.01690095140343972,-0.1044220759300658,-0.08321211114479975,0.09012512511994814,1.575065838549261,2.392126637804941,1.5180860496706106,-1.1614162295949166,-0.9236391599815941,1.0392371573601007,0.0,0.0,0.0,0.0,0.0,0.0,0.0,0.0,0.0,0.0,0.0,0.0,9.0,9.0,9.0,9.0,9.0,9.0,6.0,6.0,6.0,6.0,6.0,6.0,0.017695573496518513,39.79867894400612,9.885855624997767,0.5403645121340347,-0.0431912250074431,2.617851465269716e-06,0.019830067133028238
22.500000000000277,-0.1928047361889,-0.5365561872469818,0.1888442223134415,-0.009992722044776631,0.002558168027764102,0.0016167681511410439,0.011634194718696565,-0.00337776961003232,-0.0021232432891900655,0.0,0.0,0.0,-0.19227569229509792,-0.5366349644185847,0.18933863496313608,-0.010795917477210102,0.0032870620874746923,0.0010914797760468312,0.012392095869642183,-0.007198588792883598,-0.0032403899158008898,0.0,0.0,0.0,0.6037703930923048,0.5662456829623806,2.450509162596645,0.5885229323453266,0.5693158018315758,2.4529778298626943,-0.004893921861949214,-0.010206501300014081,0.003025815171790964,1.5333549340223265,2.331237278879466,1.6789285862596706,-1.347744093930205,-0.6907375444608435,0.9395935014582296,-0.012429053269478465,0.017422022452559947,-0.02274312346932376,0.10302101422665585,0.0634621673633928,-0.09802712524603122,0.010839049888185525,-0.023147220375756825,0.025885385973738212,-0.13795658401539346,-0.10317120787827733,0.12321750496653967,1.575065838549261,2.392126637804941,1.5180860496706106,-1.1614162295949166,-0.9236391599815941,1.0392371573601007,0.0,0.0,0.0,0.0,0.0,0.0,0.0,0.0,0.0,0.0,0.0,0.0,9.0,9.0,9.0,9.0,9.0,9.0,6.0,6.0,6.0,6.0,6.0,6.0,0.013935039946388894,39.80346450017144,9.883847297108854,0.5362650217726492,-0.0430444155321541,3.6722551788326285e-06,0.031096022201346774
22.533333333333612,-0.19311873523727027,-0.5364753220954406,0.1888927294566891,-0.009605642272412349,0.0024639004005364376,0.0015018266361890213,0.011757996486044413,-0.0027287318647413426,-0.0026128963881110684,0.0,0.0,0.0,-0.19262462804511776,-0.5365307342694305,0.18937196018275101,-0.010485286036338233,0.0031569841904364447,0.0009946312747800411,0.013146416539247419,-0.006649066002442083,-0.0035739976185520383,0.0,0.0,0.0,0.6001088856817705,0.5662231502115548,2.45100958285739,0.585194778095173,0.5696857299778545,2.4530533732399324,-0.005201892026588775,-0.009869827735425425,0.0027844989270301296,1.532956659766875,2.3317817911805565,1.6782028120535273,-1.3445090139488576,-0.6888205518942847,0.9364434536563765,-0.012108502865526848,0.01669758683933026,-0.022096525279308794,0.0990419377024978,0.05949390711897288,-0.09567666445240806,0.009616512118548486,-0.021733068396890622,0.01939794570044899,-0.11937229572474141,-0.11904780733259768,0.07051382380869475,1.575065838549261,2.392126637804941,1.5180860496706106,-1.1614162295949166,-0.9236391599815941,1.0392371573601007,0.0,0.0,0.0,0.0,0.0,0.0,0.0,0.0,0.0,0.0,0.0,0.0,9.0,9.0,9.0,9.0,9.0,9.0,6.0,6.0,6.0,6.0,6.0,6.0,0.012451114222476356,39.81995036187859,9.88023885793198,0.532623687909788,-0.04289625645812878,-2.0549042639705917e-06,0.026868437192447754
22.566666666666947,-0.1934171312156342,-0.5363981974596284,0.18893786453642145,-0.009165218770118513,0.00235857431421403,0.0013966636243935785,0.01333887039804303,-0.0030788078237374747,-0.002397318701312073,0.0,0.0,0.0,-0.19296158324653626,-0.5364310636229876,0.18940225038250763,-0.010130500979913852,0.003019605878002736,0.0009024076817115243,0.015124337012589972,-0.006908125212602201,-0.003332413122256739,0.0,0.0,0.0,0.5966612376951326,0.5661465784906042,2.4514583675775734,0.5820601038559389,0.5699633238390578,2.4531100566858313,-0.005479734408790283,-0.009557807900963496,0.0025576570103588605,1.5325737665118697,2.332297588688642,1.6775093039091482,-1.3414424519682382,-0.6870398885873616,0.9334256304161833,-0.011694032721947672,0.01588181244148916,-0.021235671314017834,0.09434521884655339,0.055444568511450805,-0.09224868628799736,0.012434104307375318,-0.024473231935232993,0.02582561895872883,-0.14090156567833226,-0.1214801582256623,0.1028393449323213,1.575065838549261,2.392126637804941,1.5180860496706106,-1.1614162295949166,-0.9236391599815941,1.0392371573601007,0.0,0.0,0.0,0.0,0.0,0.0,0.0,0.0,0.0,0.0,0.0,0.0,9.0,9.0,9.0,9.0,9.0,9.0,6.0,6.0,6.0,6.0,6.0,6.0,0.016824192741956345,39.83272778592675,9.879583489961842,0.5290188622597978,-0.04272368410504401,4.1841005404830156e-07,0.022736931840291498
22.600000000000282,-0.19370068169092328,-0.5363246267277624,0.18898044035739997,-0.008721903173575019,0.002252772498831199,0.0013108294957457352,0.013414626947238342,-0.0031048427941331638,-0.0018846847571402153,0.0,0.0,0.0,-0.19328612446425297,-0.5363359591329632,0.1894298907561385,-0.009758039580010333,0.0028810229762510995,0.0008208376036411477,0.01582133978389111,-0.006875829056220084,-0.0028072675738144426,0.0,0.0,0.0,0.593333843364019,0.5660877864806687,2.4518953897959013,0.5790807583236324,0.5701830284044626,2.4531645531946333,-0.005697327340621025,-0.009239575134785218,0.002313202995440584,1.5322117765901653,2.3327954948141087,1.6768369632093578,-1.3384653162641822,-0.6853242320732017,0.930507260202399,-0.011137809341405952,0.015252059989837722,-0.020525371100481672,0.0909911203633022,0.052794653120349914,-0.08911696637168642,0.01668670141625159,-0.01889257354954313,0.021309006406084855,-0.10062295449753568,-0.07949746173302673,0.09395159748932819,1.575065838549261,2.392126637804941,1.5180860496706106,-1.1614162295949166,-0.9236391599815941,1.0392371573601007,0.0,0.0,0.0,0.0,0.0,0.0,0.0,0.0,0.0,0.0,0.0,0.0,9.0,9.0,9.0,9.0,9.0,9.0,6.0,6.0,6.0,6.0,6.0,6.0,0.026060138428327217,39.86034280866494,9.88051284478567,0.5262933068666684,-0.04245584253423362,3.5400147772035595e-06,0.01453388461301391
22.633333333333617,-0.1939700854480382,-0.5362540422749403,0.18902201033474314,-0.008291665588495908,0.0021583225366431816,0.001262290915353889,0.013011112948906719,-0.002778090326699163,-0.0008243324518976748,0.0,0.0,0.0,-0.19359804222954405,-0.5362452112755964,0.18945567087545073,-0.00937762500454954,0.0027477269964100294,0.0007612646374507512,0.016050308068130015,-0.006536837682597607,-0.0017489529273451154,0.0,0.0,0.0,0.5901245609064567,0.5659361445401828,2.4522841665969892,0.5762454293679212,0.570308507102686,2.4532052228695322,-0.005896539292536437,-0.00890354387569201,0.0020981113357681326,1.5318650640834832,2.3332812423198876,1.676174355451439,-1.3355678989948259,-0.6837190010610061,0.9276066255459597,-0.010646853247442101,0.014798970112184432,-0.02009394552520416,0.0882787188415604,0.04970283795069317,-0.0877183485860163,0.014728682818915536,-0.013592696329598693,0.012942767258325407,-0.081372045652254,-0.09275445508970229,0.04195853357010348,1.575065838549261,2.392126637804941,1.5180860496706106,-1.1614162295949166,-0.9236391599815941,1.0392371573601007,0.0,0.0,0.0,0.0,0.0,0.0,0.0,0.0,0.0,0.0,0.0,0.0,9.0,9.0,9.0,9.0,9.0,9.0,6.0,6.0,6.0,6.0,6.0,6.0,0.02424414789971241,39.88246676208501,9.87835632294265,0.523136193163848,-0.042318608750090414,-1.8112448734175501e-06,0.02198930826773358
22.666666666666952,-0.1942240640485013,-0.5361869938021956,0.18906255126389077,-0.007840191297171163,0.002056638215022328,0.0012259161173598472,0.013638706957472334,-0.003006915287681141,-0.000518060557135277,0.0,0.0,0.0,-0.1938964158499866,-0.5361590109412643,0.18947984273926638,-0.00897231702822591,0.0026103285434203637,0.0007114704907299809,0.01708567570910091,-0.006650435561736501,-0.0012848511068175306,0.0,0.0,0.0,0.5870773669108037,0.5657512610545935,2.4526376763512445,0.5735661946015771,0.5703590074768802,2.4532356055579045,-0.0060623862400502465,-0.008582355826921654,0.0018902649085258253,1.5315366419646717,2.333747352574181,1.675537503778079,-1.3328008348873377,-0.6822183775459231,0.9248097409103955,-0.010117393458715318,0.014255195123266274,-0.019435015308936064,0.08476752176361803,0.04658008295189279,-0.08517714223995604,0.01588379366180348,-0.016313249667544747,0.019767906488042847,-0.10533591233827103,-0.09368264996401143,0.07623619038180787,1.575065838549261,2.392126637804941,1.5180860496706106,-1.1614162295949166,-0.9236391599815941,1.0392371573601007,0.0,0.0,0.0,0.0,0.0,0.0,0.0,0.0,0.0,0.0,0.0,0.0,9.0,9.0,9.0,9.0,9.0,9.0,6.0,6.0,6.0,6.0,6.0,6.0,0.025469896391984825,39.89345020296386,9.878287781682307,0.5198990207155427,-0.04215254306888294,6.694219807368285e-07,0.018551973541541724
22.700000000000287,-0.1944629477200956,-0.5361230586682356,0.18910300385008383,-0.007388233252337754,0.0019610231399646585,0.001212472365487091,0.013645059243082009,-0.002835504073394807,0.00010967544633829293,0.0,0.0,0.0,-0.19418086936599432,-0.536077213865414,0.18950297661868548,-0.008553686067442617,0.0024760964624031675,0.0006778646576726773,0.017561189825593182,-0.006418453287135861,-0.0005212477541025606,0.0,0.0,0.0,0.5842115956858175,0.5655470807721171,2.4529479668452625,0.57105171117602,0.5703453630765484,2.4532525620033017,-0.006193920436387916,-0.008284322076738891,0.0016932296939207296,1.5312251373288566,2.334193480729524,1.6749296027686604,-1.330179035980392,-0.6808307046618483,0.9221414490263625,-0.00960255720254052,0.013674294814612312,-0.018636358624686534,0.08069181872678667,0.0432801519987931,-0.08175821842731172,0.01544508768524391,-0.017427009259618858,0.023959700527485882,-0.12227109110494074,-0.09899792859299061,0.10256771437932952,1.575065838549261,2.392126637804941,1.5180860496706106,-1.1614162295949166,-0.9236391599815941,1.0392371573601007,0.0,0.0,0.0,0.0,0.0,0.0,0.0,0.0,0.0,0.0,0.0,0.0,9.0,9.0,9.0,9.0,9.0,9.0,6.0,6.0,6.0,6.0,6.0,6.0,0.024231441437546408,39.906005257320075,9.878160346963353,0.516847163084923,-0.042003886654107925,2.6499407488334015e-06,0.015596427522605424
22.733333333333622,-0.19468656243173507,-0.5360621503434652,0.18914359109447562,-0.006932623229265959,0.0018691352180525717,0.0012108351147195808,0.013747404159097573,-0.00273841659154143,0.0004099100047338127,0.0,0.0,0.0,-0.1944509398689634,-0.5359997422143692,0.1895254175751813,-0.008121203911922389,0.0023443903295031353,0.0006555724375574453,0.01805939839545001,-0.006221349852602032,1.456839650693098e-06,0.0,0.0,0.0,0.5814671180094971,0.565245125450856,2.4532017263739245,0.5686776184216318,0.5702388964801953,2.4532488133458896,-0.006312496208594455,-0.007971475182017053,0.001529288711002756,1.5309302562502292,2.3346294896601303,1.6743302305613912,-1.327638242185266,-0.6795629912976312,0.919489200404909,-0.009098473973397511,0.01327827688366455,-0.018199563686950262,0.07771314881145171,0.03978098461727171,-0.08029771190484054,0.015122496874290285,-0.011880537928432851,0.013103848132088175,-0.08936009746004897,-0.10497502144564164,0.043815195674135395,1.575065838549261,2.392126637804941,1.5180860496706106,-1.1614162295949166,-0.9236391599815941,1.0392371573601007,0.0,0.0,0.0,0.0,0.0,0.0,0.0,0.0,0.0,0.0,0.0,0.0,9.0,9.0,9.0,9.0,9.0,9.0,6.0,6.0,6.0,6.0,6.0,6.0,0.02562125351373945,39.92686108946386,9.875507873595494,0.5141222045278524,-0.0418619198441168,-2.352523204351975e-06,0.015079485826573353
22.766666666666957,-0.19489427704150303,-0.5360039248009023,0.18918464701592475,-0.006463116885146844,0.001785297987042858,0.0012199653433717953,0.014158618989819858,-0.0025081194575576923,0.0006819579719488534,0.0,0.0,0.0,-0.1947059871569146,-0.5359264063370057,0.18954751804600495,-0.007670211001339916,0.0022180030752390334,0.0006440573663190803,0.018776669198793172,-0.00589524720611756,0.0004927392966393995,0.0,0.0,0.0,0.5788814835953353,0.5649092169620167,2.4534129529536517,0.5664527593299523,0.5700612027768828,2.453227915778011,-0.006401394211979791,-0.007674697385208858,0.0013750137406368071,1.5306541794382091,2.335048280729186,1.6737565390525464,-1.3252244912828994,-0.6784048431661799,0.916935975286878,-0.008554360898197723,0.012801913675669505,-0.017540351405875128,0.07417940098448253,0.03642329083478304,-0.07783040632890033,0.016323392255993642,-0.014290896239851365,0.01977636843225404,-0.10601243480907532,-0.10073081347466024,0.0740191672782064,1.575065838549261,2.392126637804941,1.5180860496706106,-1.1614162295949166,-0.9236391599815941,1.0392371573601007,0.0,0.0,0.0,0.0,0.0,0.0,0.0,0.0,0.0,0.0,0.0,0.0,9.0,9.0,9.0,9.0,9.0,9.0,6.0,6.0,6.0,6.0,6.0,6.0,0.026910494172059707,39.93743661441601,9.87621115307619,0.5113914148925369,-0.041701421586914256,3.5659103803098446e-07,0.012887105484181335
22.800000000000292,-0.19508674683727228,-0.5359486611080988,0.18922518776493646,-0.006002044556842027,0.001698515930500692,0.001213058276825977,0.013899187650182512,-0.002604454055825559,0.00015114526980016367,0.0,0.0,0.0,-0.19494589139093013,-0.5358572431017368,0.1895690650584258,-0.0072134688068578945,0.0020914912453589146,0.0006286220490557378,0.018881482521352577,-0.005833523209821223,0.00027925233336834054,0.0,0.0,0.0,0.5764620441478125,0.5645564898176376,2.453583639472013,0.56438020514272,0.5698249483189525,2.453190491723555,-0.0064592021631414785,-0.007398103501144352,0.0012279136762516868,1.530396115191699,2.3354474068460287,1.6732101140661204,-1.3229439433814028,-0.6773526322673424,0.9145019613524088,-0.008012738562934232,0.012249826895409818,-0.01677528353047586,0.0703374250247629,0.033185314921677686,-0.07462374746568186,0.016248670057904733,-0.01656260340779063,0.022952036261978087,-0.11525927879158891,-0.09713927739316057,0.09619976589655409,1.575065838549261,2.392126637804941,1.5180860496706106,-1.1614162295949166,-0.9236391599815941,1.0392371573601007,0.0,0.0,0.0,0.0,0.0,0.0,0.0,0.0,0.0,0.0,0.0,0.0,9.0,9.0,9.0,9.0,9.0,9.0,6.0,6.0,6.0,6.0,6.0,6.0,0.026089246722728276,39.94593693928022,9.875431300765305,0.5087124663345124,-0.041538769152270394,2.374679502592514e-06,0.010948698166359069
22.833333333333627,-0.19526465575738994,-0.5358963216679933,0.18926486576222093,-0.005557420646327093,0.001611453256603592,0.0011938787701258266,0.013399081766893075,-0.0026185340662847295,-0.00026365992424505247,0.0,0.0,0.0,-0.19517069563151643,-0.535792201262173,0.18958996018372362,-0.006757081367517362,0.0019663230361585643,0.0006100468709483067,0.01869801270974536,-0.005704040335082539,0.0001059826727409785,0.0,0.0,0.0,0.574210249909758,0.5642006336765302,2.4537169657670277,0.562460662716874,0.5695415577659247,2.4531374171109297,-0.006485354649516778,-0.0071427530433220395,0.0010853840882056871,1.5301553850892817,2.3358257353999363,1.6726925071256717,-1.3207996094448835,-0.6764006736293269,0.9121999352425065,-0.007485514902654465,0.011649846709955504,-0.015943899985795984,0.06633248707197335,0.030100944400870216,-0.07091510468660786,0.015816709808393024,-0.017999405563629414,0.024941506340396262,-0.12014813858368627,-0.09253111562422406,0.1112592833722199,1.575065838549261,2.392126637804941,1.5180860496706106,-1.1614162295949166,-0.9236391599815941,1.0392371573601007,0.0,0.0,0.0,0.0,0.0,0.0,0.0,0.0,0.0,0.0,0.0,0.0,9.0,9.0,9.0,9.0,9.0,9.0,6.0,6.0,6.0,6.0,6.0,6.0,0.024842581981372014,39.955197597086105,9.874739263695274,0.5062139429753242,-0.041380344826497995,3.85334419172878e-06,0.009487043632937411
22.866666666666962,-0.19542923014656127,-0.5358468735193965,0.18930281905609045,-0.0051427683626861734,0.0015249134201739416,0.0011533714311047767,0.012492648653436774,-0.0026067433846140914,-0.0009458478789276401,0.0,0.0,0.0,-0.19538077575182933,-0.5357312167536205,0.1896098671182832,-0.006310554267009283,0.0018430461142045298,0.0005823005849506319,0.018067781044401432,-0.005551364094500855,-0.0003517379071644733,0.0,0.0,0.0,0.5721253852457281,0.5638508336752847,2.453814735559692,0.5606936104289798,0.5692206941170134,2.453069064122777,-0.006480543528585821,-0.006908367043884646,0.0009464966361074204,1.5299302698101074,2.336181861091013,1.6722038189460902,-1.3187908660251975,-0.6755436779284841,0.9100376552307253,-0.006997477217705442,0.011005796058184013,-0.015088396920231999,0.06228569741770959,0.027173562150478232,-0.06688396846449174,0.014641130548470679,-0.01932151955314472,0.025665091966919566,-0.12140368962791287,-0.08782146751175957,0.12093408666348371,1.575065838549261,2.392126637804941,1.5180860496706106,-1.1614162295949166,-0.9236391599815941,1.0392371573601007,0.0,0.0,0.0,0.0,0.0,0.0,0.0,0.0,0.0,0.0,0.0,0.0,9.0,9.0,9.0,9.0,9.0,9.0,6.0,6.0,6.0,6.0,6.0,6.0,0.022292288282497186,39.9634086019959,9.873681772841492,0.5038549178843561,-0.04122589709772195,4.852986217773747e-06,0.008322700624533448
22.900000000000297,-0.19558151780265567,-0.5358003371368049,0.1893390404797534,-0.004758922482060762,0.001437837205525197,0.0011054095998079823,0.011565201310010636,-0.0026233457541829995,-0.001201606692900998,0.0,0.0,0.0,-0.1955765764029394,-0.5356742376366679,0.18962873392431004,-0.005877070396492134,0.0017214266127943301,0.0005518413574683253,0.01729684616534355,-0.005412900855708003,-0.0004962785721360774,0.0,0.0,0.0,0.5700967539771596,0.5635712365007207,2.453920753200475,0.5590307887752353,0.5688953638514844,2.453003574994392,-0.006417564273791927,-0.006657935900179078,0.0007785193749228459,1.529726250565736,2.3365279126123735,1.6717282041387822,-1.3168191588751543,-0.674703706306493,0.9079593373927336,-0.00641287729332496,0.010589629113273389,-0.01454176178623701,0.0601960421400986,0.025857286489980928,-0.06386101291466434,0.017537997731414484,-0.012485008347318747,0.016399054019849642,-0.0626896583283298,-0.03948826981491918,0.09068866649482207,1.575065838549261,2.392126637804941,1.5180860496706106,-1.1614162295949166,-0.9236391599815941,1.0392371573601007,0.0,0.0,0.0,0.0,0.0,0.0,0.0,0.0,0.0,0.0,0.0,0.0,9.0,9.0,9.0,9.0,9.0,9.0,6.0,6.0,6.0,6.0,6.0,6.0,0.02948653347766106,39.98720214444425,9.874253726260717,0.5023189737199756,-0.04098237019735329,6.724099183785803e-06,0.007974343346951452
22.933333333333632,-0.19572404872727103,-0.5357563092321967,0.18937331700590473,-0.004435953984767961,0.001358727165551587,0.0010507925541008217,0.009734111869553913,-0.002382403014482755,-0.0014275444558254225,0.0,0.0,0.0,-0.19575925947899098,-0.5356210368358385,0.18964646202333812,-0.005475634551634651,0.00160595507561133,0.0005184236216811516,0.015633785618967888,-0.0050636107156680765,-0.0006504736487071838,0.0,0.0,0.0,0.5681770470643954,0.5633326101292717,2.454017990034803,0.5574809109986995,0.5685655078786725,2.4529384943770944,-0.0063212299733058225,-0.006415805588373549,0.000603932368492939,1.5295359009164404,2.336857149468951,1.6712750908540335,-1.314938672333932,-0.6739098752989366,0.9059990484577657,-0.0059446187503558266,0.0101146135026479,-0.013909519623717632,0.057675078204480694,0.024495715647786853,-0.0604927830042453,0.01404775628907399,-0.014250468318764621,0.018967264875581324,-0.07562891806853705,-0.04084712526582225,0.10104689731257117,1.575065838549261,2.392126637804941,1.5180860496706106,-1.1614162295949166,-0.9236391599815941,1.0392371573601007,0.0,0.0,0.0,0.0,0.0,0.0,0.0,0.0,0.0,0.0,0.0,0.0,9.0,9.0,9.0,9.0,9.0,9.0,6.0,6.0,6.0,6.0,6.0,6.0,0.022402204242103263,39.99345313336002,9.873691853357,0.5000759909646354,-0.040850320118158256,6.69278831411102e-06,0.00798713903061683
22.966666666666967,-0.19586019907073604,-0.5357142952043631,0.18940548283841707,-0.004200795931087973,0.0012922160934189986,0.0009906710020907128,0.007094581087864055,-0.0020032287195025965,-0.0016147697378347775,0.0,0.0,0.0,-0.19593061324378133,-0.5355712954109204,0.1896629605287331,-0.0051252457713047315,0.001499669683605791,0.00048221094034673793,0.013089228076932802,-0.004575051231475058,-0.0007947813468591747,0.0,0.0,0.0,0.5663761498010405,0.5631293992440137,2.454098879860135,0.5560461443099417,0.5682340281593042,2.452871051689211,-0.006197339319834241,-0.006185392404835329,0.00042992211182271743,1.5293525944828235,2.3371690026251164,1.6708443164231448,-1.313157986923425,-0.6731663806326242,0.9041643695068006,-0.005647668255792927,0.009608600957519347,-0.013251995159010523,0.0548387342783055,0.023035131875509027,-0.05685784002071761,0.008908514836886977,-0.015180376353856585,0.019725733941213294,-0.08509031778525597,-0.04381751316833478,0.10904828950583068,1.575065838549261,2.392126637804941,1.5180860496706106,-1.1614162295949166,-0.9236391599815941,1.0392371573601007,0.0,0.0,0.0,0.0,0.0,0.0,0.0,0.0,0.0,0.0,0.0,0.0,9.0,9.0,9.0,9.0,9.0,9.0,6.0,6.0,6.0,6.0,6.0,6.0,0.012508421613962373,39.999872441754576,9.872893168616551,0.49793434663552816,-0.04072492838899677,6.549660603871743e-06,0.0063280661300888445
23.000000000000302,-0.1959888833260578,-0.5356746574574983,0.18943537146591186,-0.0039731898532761895,0.0012226423214555546,0.000925383556753743,0.006862961333676632,-0.0020943154959388115,-0.0017906612880667124,0.0,0.0,0.0,-0.19609079349516395,-0.5355250200981481,0.18967813113929913,-0.004786510369198414,0.0013945995427977343,0.00044303705903254753,0.012451778070939223,-0.004472630894120755,-0.0009450559825032734,0.0,0.0,0.0,0.5646899704168433,0.562960018298784,2.454168440268851,0.5547234484719333,0.5679047002641439,2.4528028632761734,-0.006050164859226914,-0.005964654274037695,0.000255172372175351,1.5291786678190011,2.337462957561451,1.6704366015235361,-1.31147691929579,-0.672470068445664,0.9024524276796357,-0.0053610893617129516,0.009081965712528945,-0.012571629711847162,0.051900930645465214,0.021604621031039384,-0.05319144988353599,0.008597366822399283,-0.015799057349712056,0.020410963414900823,-0.08813410898520846,-0.04291532533408929,0.10999170411544858,1.575065838549261,2.392126637804941,1.5180860496706106,-1.1614162295949166,-0.9236391599815941,1.0392371573601007,0.0,0.0,0.0,0.0,0.0,0.0,0.0,0.0,0.0,0.0,0.0,0.0,9.0,9.0,9.0,9.0,9.0,9.0,6.0,6.0,6.0,6.0,6.0,6.0,0.011770963608226825,40.007812146993224,9.87217059619682,0.49595380098259567,-0.04060401377241396,6.334653793405032e-06,0.005308776303156091
23.033333333333637,-0.19611259432781075,-0.5356372013914462,0.18946331965098345,-0.0037979571140809238,0.0011559727295063274,0.0008650937030663452,0.005286852681073028,-0.00200694673389756,-0.001658977270238335,0.0,0.0,0.0,-0.19624115718230428,-0.5354820548419482,0.18969208050475164,-0.0044846215569581795,0.001293767838077888,0.00040617597362537774,0.010624778876210605,-0.004228474772013158,-0.0008423947010460786,0.0,0.0,0.0,0.5631253193396667,0.5628204841061323,2.454216110694634,0.5535135957630687,0.5675800724917558,2.452729745684483,-0.005883379165648938,-0.005756240001267864,8.77084430456962e-05,1.52900890512913,2.337740680237878,1.670048804587849,-1.309896431285205,-0.6718276308981865,0.9008653776040073,-0.005182283584659576,0.008581775432725793,-0.011946481951026095,0.04891007042685082,0.02005029129322933,-0.04947148480708023,0.005364173311601256,-0.01500570839409454,0.01875443282463201,-0.08972580655843189,-0.046629892134301604,0.1115989522936728,1.575065838549261,2.392126637804941,1.5180860496706106,-1.1614162295949166,-0.9236391599815941,1.0392371573601007,0.0,0.0,0.0,0.0,0.0,0.0,0.0,0.0,0.0,0.0,0.0,0.0,9.0,9.0,9.0,9.0,9.0,9.0,6.0,6.0,6.0,6.0,6.0,6.0,0.006023011280200219,40.01653018622121,9.871220988506227,0.49405985414053044,-0.04049630908185131,6.158728668048674e-06,0.004137352351121278
23.066666666666972,-0.19623258347828704,-0.5356018555618345,0.18948986280977645,-0.003665212855755196,0.001091717610304078,0.0008169413756694246,0.004008097566188507,-0.0019373950191854594,-0.001308300310356469,0.0,0.0,0.0,-0.19638281095674778,-0.5354422683356294,0.1897050558302414,-0.004216836789404128,0.0011969815580561622,0.0003760431556580039,0.00895148737253404,-0.003997265233453007,-0.0005306958650290738,0.0,0.0,0.0,0.5616139294168815,0.5626189788143021,2.454224953455465,0.5523862278400627,0.5672242402245552,2.45264299356281,-0.0057212068203121216,-0.005519071104404185,-4.6829617868613446e-05,1.5288402281295468,2.338015113938479,1.6696554854679384,-1.3083418474987183,-0.6712474107293074,0.8992727053894851,-0.0051009678532146375,0.008349265822925438,-0.011848543048552655,0.047395032538685725,0.018287833808658834,-0.04834393922613748,0.0024394719433481708,-0.006975288294010657,0.0029381670742031902,-0.045451136644952865,-0.05287372453711494,0.0338263674282825,1.575065838549261,2.392126637804941,1.5180860496706106,-1.1614162295949166,-0.9236391599815941,1.0392371573601007,0.0,0.0,0.0,0.0,0.0,0.0,0.0,0.0,0.0,0.0,0.0,0.0,9.0,9.0,9.0,9.0,9.0,9.0,6.0,6.0,6.0,6.0,6.0,6.0,0.003342313293661636,40.035286133292004,9.868377137389327,0.4924637822056977,-0.04040268018624027,-4.649961562464e-07,0.00660349490848256
23.100000000000307,-0.1963481255545664,-0.5355685592208808,0.1895151705941464,-0.0035321143502815506,0.0010294548527587323,0.000776092123101286,0.004015677841883549,-0.00188203601362041,-0.0010979882616806397,0.0,0.0,0.0,-0.19651603166864712,-0.5354055361926554,0.1897171987832172,-0.0039612883050486975,0.001104031154156872,0.0003505642150499503,0.008339669623197654,-0.0037795590943794366,-0.0003212385291262443,0.0,0.0,0.0,0.5601172280250284,0.5623182899993064,2.454198744558492,0.551315147589309,0.5668133506776123,2.4525412231005363,-0.005570931801085432,-0.005240990360536768,-0.00014896624302258073,1.528674526159201,2.338290830951494,1.6692487422489914,-1.3067806296491538,-0.6707236096345812,0.8976149833280598,-0.0050143620246525305,0.008297428867943069,-0.012084378728454276,0.04702270117085146,0.016571966497409836,-0.049269087637219454,0.0025981748568632084,-0.0015551086494710509,-0.00707507039704864,-0.01116994103502807,-0.051476019337469925,-0.027754452332459274,1.575065838549261,2.392126637804941,1.5180860496706106,-1.1614162295949166,-0.9236391599815941,1.0392371573601007,0.0,0.0,0.0,0.0,0.0,0.0,0.0,0.0,0.0,0.0,0.0,0.0,9.0,9.0,9.0,9.0,9.0,9.0,6.0,6.0,6.0,6.0,6.0,6.0,0.005447031894435739,40.0516499660761,9.8668905785464,0.49094880140524944,-0.040297765049959855,-5.537142062528311e-06,0.004845732940661556
23.133333333333642,-0.19645868964921986,-0.5355375051945777,0.1895389187733784,-0.0033882638021602023,0.0009639687553310277,0.0007313074362645239,0.004335412185162171,-0.0019815338021454006,-0.0012237961190157687,0.0,0.0,0.0,-0.1966409722729517,-0.5353718453691981,0.1897284242342245,-0.003711522497419362,0.0010120056525044592,0.00032356766321316177,0.008042813138743554,-0.0037036701507684455,-0.00040769425187514585,0.0,0.0,0.0,0.5586768891658667,0.5619818171411608,2.4541504840384096,0.5503071482631654,0.5663664461439032,2.452428696876012,-0.005415251790270079,-0.004958022372359909,-0.00024106296033945531,1.5285136377655795,2.338559841917557,1.6688446450392842,-1.3052599614036828,-0.6702473514587667,0.895978244042008,-0.004889221880646387,0.00814602894390971,-0.012110070436963901,0.046087598633034424,0.01504915234876106,-0.04915781493344124,0.0037542043201842907,-0.004541997721000775,-0.0007707512552887663,-0.028053076134510985,-0.045684424459463274,0.003338181113346411,1.575065838549261,2.392126637804941,1.5180860496706106,-1.1614162295949166,-0.9236391599815941,1.0392371573601007,0.0,0.0,0.0,0.0,0.0,0.0,0.0,0.0,0.0,0.0,0.0,0.0,9.0,9.0,9.0,9.0,9.0,9.0,6.0,6.0,6.0,6.0,6.0,6.0,0.006541588332988901,40.05633279696948,9.867729900731366,0.4892276637805799,-0.04018011493562157,-2.8020765299174855e-06,0.00488403742412236
23.166666666666977,-0.19656380806709436,-0.5355083614738307,0.18956148008207105,-0.00323146364437162,0.0009040253216074245,0.0006927237023308883,0.0047214715575103925,-0.0018167725812624112,-0.001046941265033654,0.0,0.0,0.0,-0.19675772709588182,-0.5353409881665299,0.1897388853297411,-0.0034650635101457984,0.0009255033983066347,0.000300296912043527,0.007867736346582,-0.00341051931286529,-0.00024332905329771393,0.0,0.0,0.0,0.5573028051314485,0.561627754371547,2.4540837256008112,0.5493638183040447,0.5658941893949059,2.4523072818301315,-0.005251859009409249,-0.00467799583802085,-0.0003270496984964207,1.5283586502247177,2.3388203390888775,1.6684486171576205,-1.3037922893646456,-0.6698160476736649,0.8943847116355766,-0.004729491444115246,0.007925286407709103,-0.011957247778931195,0.04471597365841942,0.013642459818289047,-0.048256586439774124,0.004791913095934242,-0.006622276086018251,0.004584679740981214,-0.041148749238450084,-0.04220077591416039,0.02703685481001364,1.575065838549261,2.392126637804941,1.5180860496706106,-1.1614162295949166,-0.9236391599815941,1.0392371573601007,0.0,0.0,0.0,0.0,0.0,0.0,0.0,0.0,0.0,0.0,0.0,0.0,9.0,9.0,9.0,9.0,9.0,9.0,6.0,6.0,6.0,6.0,6.0,6.0,0.007667739125258866,40.06255542503194,9.868837055778984,0.48760364700447156,-0.04007351011471272,-6.614357708212282e-07,0.0034277520590944026
23.200000000000312,-0.19666264613272683,-0.5354806502806491,0.18958337268738165,-0.003053640732398347,0.0008554556133536207,0.0006666129026143705,0.0053503396238766005,-0.001476002816016512,-0.0006829196926681248,0.0,0.0,0.0,-0.1968661794934621,-0.5353126488532469,0.1897488483234873,-0.0032160892257730974,0.0008479971728074142,0.00028445305897595763,0.007972141615275596,-0.0029562165219747527,9.545942779443095e-05,0.0,0.0,0.0,0.5559987074092857,0.5612703031837676,2.4540047094427884,0.5484847947652431,0.5654059499427172,2.452179856081598,-0.005079683100761369,-0.004405080968582634,-0.00041151992129531646,1.5282115490345813,2.3390708400802533,1.668066294806511,-1.3023868262110734,-0.6694245919039532,0.8928490677405585,-0.004518520950766693,0.007651781963426259,-0.01163219628183309,0.043014587624248465,0.012376602000329622,-0.04679840671362223,0.006329114800456595,-0.00820513332848533,0.009751544912943123,-0.05104158102512876,-0.03797573453878271,0.04374539178455669,1.575065838549261,2.392126637804941,1.5180860496706106,-1.1614162295949166,-0.9236391599815941,1.0392371573601007,0.0,0.0,0.0,0.0,0.0,0.0,0.0,0.0,0.0,0.0,0.0,0.0,9.0,9.0,9.0,9.0,9.0,9.0,6.0,6.0,6.0,6.0,6.0,6.0,0.009834311048318334,40.06983933582491,9.870322558055824,0.4860986478831194,-0.039971543128563436,9.361228819892986e-07,0.0028210844398220505
23.233333333333647,-0.19675527948265503,-0.5354542682455402,0.18960468909667433,-0.0028703116562249255,0.000812719894869033,0.0006465420929357107,0.005514112275810091,-0.0013004582477454912,-0.0005118959157195897,0.0,0.0,0.0,-0.19696651294325757,-0.5352866305024003,0.1897584414469869,-0.0029714932851082018,0.0007769283365710615,0.00027301588333362043,0.007747585701578519,-0.0026295957305091378,0.000286802352395199,0.0,0.0,0.0,0.5547645062797413,0.5609201901871423,2.4539202547958756,0.5476681419780958,0.5649098543831397,2.4520499332311623,-0.004898522497942207,-0.004141289698928441,-0.0004982983556377826,1.5280728860426018,2.3393103583488646,1.6677008469314785,-1.301048822913769,-0.6690656114843545,0.8913813826225814,-0.0042794334898471524,0.007340959360032904,-0.011186356261259892,0.041098261820836195,0.011305142392084447,-0.04495317126408188,0.007172623827586213,-0.009324678101800656,0.013375200617195989,-0.05748977410236812,-0.032143788247355254,0.05535706348621043,1.575065838549261,2.392126637804941,1.5180860496706106,-1.1614162295949166,-0.9236391599815941,1.0392371573601007,0.0,0.0,0.0,0.0,0.0,0.0,0.0,0.0,0.0,0.0,0.0,0.0,9.0,9.0,9.0,9.0,9.0,9.0,6.0,6.0,6.0,6.0,6.0,6.0,0.010901915047306865,40.077011201568716,9.87140335326819,0.484647070355016,-0.039865250076911884,2.0810724389308533e-06,0.0025089098130441235
23.266666666666982,-0.1968421711170108,-0.5354290221855802,0.18962559220414285,-0.0026944012592560428,0.0007757858647122341,0.0006317540176741868,0.0052903106307003725,-0.0011254459616655004,-0.00036324436534336253,0.0,0.0,0.0,-0.1970591200788713,-0.5352627165746588,0.18976780102609764,-0.0027377037042990563,0.000712421494622247,0.0002657451105815939,0.0072201533729865375,-0.0023013386541634873,0.00046480978154095354,0.0,0.0,0.0,0.5536037863890519,0.5605847251557741,2.4538298234162617,0.5469134184236262,0.564412648423694,2.4519182632100813,-0.004708579184385459,-0.0038896415429164723,-0.0005863286350234107,1.527941867410426,2.3395386899136796,1.6673533268989427,-1.2997813684601915,-0.6687383843490147,0.8899898150146993,-0.0040468504734651545,0.007013617749644654,-0.010679186071139615,0.03904850967849483,0.010312923504156383,-0.04281574257900241,0.006977490491459944,-0.009820248311647491,0.015215105703608322,-0.06149256427024092,-0.02976656663784193,0.06412286055238416,1.575065838549261,2.392126637804941,1.5180860496706106,-1.1614162295949166,-0.9236391599815941,1.0392371573601007,0.0,0.0,0.0,0.0,0.0,0.0,0.0,0.0,0.0,0.0,0.0,0.0,9.0,9.0,9.0,9.0,9.0,9.0,6.0,6.0,6.0,6.0,6.0,6.0,0.010290260905498005,40.08414036747807,9.87198863770716,0.4832359746946301,-0.039768958523884734,2.947913473327901e-06,0.0019638299866261604
23.300000000000317,-0.19692543341209712,-0.5354052402414732,0.18964568056232706,-0.0025632067761788002,0.00073422600149159,0.0006107064421514086,0.003947492814365756,-0.001263257413802779,-0.0005592741701963698,0.0,0.0,0.0,-0.19714515979709954,-0.5352409111602243,0.18977682098367982,-0.0025354773895719957,0.0006487899208714346,0.00025633848543145333,0.0057115508963332395,-0.002247906762436358,0.0003412226977852484,0.0,0.0,0.0,0.5525173841801807,0.5602689164233065,2.453733477841931,0.5462196080095865,0.563919963028338,2.4517852758159546,-0.0045105867715781595,-0.003651313169522696,-0.0006750268381316782,1.5278150178180911,2.3397561767760213,1.6670217509986665,-1.298584623031097,-0.6684388796213974,0.8886805532246042,-0.003885942004516383,0.006687609830041599,-0.010191246695902585,0.03695107847472269,0.009427735720399774,-0.04045714999490394,0.004827254068463156,-0.009780237588091635,0.014638181257110892,-0.06292293611316427,-0.02655563351269826,0.07075777752295412,1.575065838549261,2.392126637804941,1.5180860496706106,-1.1614162295949166,-0.9236391599815941,1.0392371573601007,0.0,0.0,0.0,0.0,0.0,0.0,0.0,0.0,0.0,0.0,0.0,0.0,9.0,9.0,9.0,9.0,9.0,9.0,6.0,6.0,6.0,6.0,6.0,6.0,0.006291674636983657,40.090451371874835,9.871707003804113,0.48183332866242834,-0.039666037231439244,3.538111386536258e-06,0.0018060160896832093
23.333333333333652,-0.19700757328301927,-0.5353822846197518,0.1896648013104144,-0.002497051070407463,0.0007038903551220271,0.0005845172871679018,0.001994782396913888,-0.0009260202546582894,-0.0007199029967718451,0.0,0.0,0.0,-0.197226191402711,-0.5352208640223879,0.18978543514574517,-0.002378235453700296,0.000594347419341534,0.0002448928287917698,0.0035823758701685193,-0.001799740803381411,0.00022415637767103647,0.0,0.0,0.0,0.5515092929512798,0.559973639041751,2.453626975969691,0.5455872272373249,0.5634354637923596,2.451649370706746,-0.004306367660156971,-0.0034280822758722,-0.0007610354197361128,1.5276876612483705,2.339962417638538,1.6667062306874219,-1.2974614108288172,-0.6681673099735183,0.887458890347966,-0.003842445395919191,0.00635402052701852,-0.009707488456860846,0.034781270203833106,0.00857397153104992,-0.03791897419773253,0.0013048982579157587,-0.010007679090692386,0.014512747171252144,-0.06509424812668761,-0.02561292568049562,0.07614527391514238,1.575065838549261,2.392126637804941,1.5180860496706106,-1.1614162295949166,-0.9236391599815941,1.0392371573601007,0.0,0.0,0.0,0.0,0.0,0.0,0.0,0.0,0.0,0.0,0.0,0.0,9.0,9.0,9.0,9.0,9.0,9.0,6.0,6.0,6.0,6.0,6.0,6.0,-0.00042548355822713546,40.09576202229416,9.871695556621003,0.48053473867924856,-0.03957429928765466,3.859899470270989e-06,0.0015567272840584002
23.366666666666987,-0.19708888084485726,-0.5353602582420541,0.18968334417759894,-0.0024583727031920037,0.0006752309980404252,0.0005644045305855064,0.001169201524860293,-0.0008753851023000185,-0.0005430626906641727,0.0,0.0,0.0,-0.19730300929027028,-0.535202461044175,0.1897938019595885,-0.0022481848467890263,0.0005442219567060934,0.00023722953052559702,0.0023249460729783955,-0.0015889549965262262,0.0003858950377435555,0.0,0.0,0.0,0.5505742701736037,0.5597022487399074,2.453514117887201,0.5450134336322592,0.562963336545178,2.45151176820862,-0.004096685367860722,-0.0032180561060566057,-0.0008464313892145494,1.5275597905405172,2.340158572928637,1.666406399050107,-1.2964095468380192,-0.6679181875647994,0.8863236910023718,-0.0038382292890373195,0.0060411126443249055,-0.009232462231913598,0.032631036550571854,0.007840438684728893,-0.03534364497779181,0.00012648320645614167,-0.009387236480808449,0.014250786748417435,-0.06450700959783753,-0.022005985389630844,0.07725987659822152,1.575065838549261,2.392126637804941,1.5180860496706106,-1.1614162295949166,-0.9236391599815941,1.0392371573601007,0.0,0.0,0.0,0.0,0.0,0.0,0.0,0.0,0.0,0.0,0.0,0.0,9.0,9.0,9.0,9.0,9.0,9.0,6.0,6.0,6.0,6.0,6.0,6.0,-0.0025125719147465198,40.10320821114244,9.872016689613227,0.4793584075373263,-0.03948549276577884,4.058744281665305e-06,0.0018709716890395207
23.400000000000322,-0.19717415355809143,-0.5353388888313612,0.18970198352643625,-0.0025248045503800647,0.0006526199792389342,0.0005596399250762989,-0.0019849589092391542,-0.0006958948137000549,-8.414937515401584e-05,0.0,0.0,0.0,-0.19737820806608608,-0.535185473572195,0.18980226050187546,-0.0021892074121202827,0.0005006492189113456,0.00023888088376733952,-0.0010063725813633795,-0.0012743989468475547,0.0008093324023796811,0.0,0.0,0.0,0.5496505805715453,0.5593654031796976,2.45337072298376,0.544470553123678,0.5624678920005275,2.451362129326741,-0.0039035228364961757,-0.002983343348481939,-0.0009013689701290574,1.5274216041980173,2.34035917259544,1.6660939275853592,-1.295356414568171,-0.6677017689674095,0.8851519253156922,-0.004043136613008697,0.006025697550829066,-0.009326916705594022,0.03193965758048883,0.006941851509374451,-0.035216528726190285,-0.006147219719141322,-0.0004624528048751733,-0.0028336342104127075,-0.020741369102490827,-0.02695761526063325,0.0038134875480458387,1.575065838549261,2.392126637804941,1.5180860496706106,-1.1614162295949166,-0.9236391599815941,1.0392371573601007,0.0,0.0,0.0,0.0,0.0,0.0,0.0,0.0,0.0,0.0,0.0,0.0,9.0,9.0,9.0,9.0,9.0,9.0,6.0,6.0,6.0,6.0,6.0,6.0,-0.01128122447176061,40.120411839466676,9.869714879266818,0.478346302428441,-0.039412543262046906,-2.1712585681621377e-06,0.005388652846260657
23.433333333333657,-0.19726476386663266,-0.5353172179564125,0.1897210278510293,-0.0026536917348872575,0.0006511261191244825,0.0005659251281568068,-0.0038575533087129095,-6.528634981007472e-05,0.0002521489386430317,0.0,0.0,0.0,-0.19745340906519535,-0.5351693556016484,0.18981106016144447,-0.002182639145271864,0.0004721618289447658,0.0002483473687028919,-0.003411011645660267,-0.0005576165961684865,0.0011567848998534913,0.0,0.0,0.0,0.5486064249898851,0.5589813965386216,2.4532281023166638,0.5438933342326319,0.5619481707983022,2.451210813222748,-0.0037047362362808535,-0.0026811518032864115,-0.000951050391861346,1.5272766708316146,2.3405808012854252,1.6657443684444446,-1.294174976983253,-0.6674522949585169,0.8838301923792925,-0.004246379532391205,0.006441139649978394,-0.010100155053489154,0.03427530422519409,0.0073034306809782144,-0.038173501636723055,-0.006097287581475224,0.01246326297447985,-0.023197150436853973,0.07006939934115804,0.010847375148112902,-0.0887091873159831,1.575065838549261,2.392126637804941,1.5180860496706106,-1.1614162295949166,-0.9236391599815941,1.0392371573601007,0.0,0.0,0.0,0.0,0.0,0.0,0.0,0.0,0.0,0.0,0.0,0.0,9.0,9.0,9.0,9.0,9.0,9.0,6.0,6.0,6.0,6.0,6.0,6.0,-0.007458172649212891,40.14834075989976,9.869940370749513,0.47801500582549405,-0.0392522985864745,-5.746338166523479e-06,0.010903989574635543
23.466666666666992,-0.1973580498366281,-0.5352955629573053,0.1897399437223367,-0.0027501653432396886,0.0006503293603832511,0.000565358920823895,-0.002884878880865619,-4.598943434083549e-05,5.270613761137647e-05,0.0,0.0,0.0,-0.1975283831902029,-0.5351540150648486,0.1898200814917145,-0.002177863935664932,0.0004482884332284169,0.00025587065646785507,-0.003380341794699593,-0.00034760500518338233,0.001036258467264961,0.0,0.0,0.0,0.5475437027055623,0.5585826135429622,2.453082319531826,0.5433039889239624,0.5614157245305418,2.4510583107421544,-0.003504963339179442,-0.0023738154019889122,-0.000998293915093437,1.5271271515759568,2.340806621137183,1.6653864043465496,-1.2929724283844672,-0.6671991696251371,0.8824809077971938,-0.004405844957285005,0.006663443585154862,-0.01052600030906302,0.03547607338410958,0.007496983561254545,-0.039710192187547434,-0.004783962746813996,0.006669118055294015,-0.012775357667215985,0.03602307476746466,0.005806586408289907,-0.04610071652473145,1.575065838549261,2.392126637804941,1.5180860496706106,-1.1614162295949166,-0.9236391599815941,1.0392371573601007,0.0,0.0,0.0,0.0,0.0,0.0,0.0,0.0,0.0,0.0,0.0,0.0,9.0,9.0,9.0,9.0,9.0,9.0,6.0,6.0,6.0,6.0,6.0,6.0,-0.006882770008450834,40.14701355430052,9.871117474125226,0.476574311899844,-0.03918487337626475,-3.119976910714861e-06,0.0025402094244588555
23.500000000000327,-0.19744982351647256,-0.5352739486346157,0.18975631037779175,-0.0027520770282195035,0.0006492399081762124,0.0005141589772699192,-4.9202312478524976e-05,-5.5068187716478004e-05,-0.0014646689553036185,0.0,0.0,0.0,-0.19760172413989116,-0.5351393307304813,0.18982829353838832,-0.002136940202017135,0.0004282268665529073,0.00023644253480125028,-0.001546957471433963,-0.0001780664282495792,-0.0002722691191752169,0.0,0.0,0.0,0.5464828435477661,0.5581782700957021,2.4529414999117574,0.5427099449592453,0.5608766615637506,2.4509086175856996,-0.003306669515055088,-0.002071500929518209,-0.0010479501398933124,1.5269803568013425,2.341026320076163,1.6650317794382592,-1.2917724939642228,-0.6669465668597604,0.8811313506785596,-0.004404510478044729,0.006615126641312809,-0.010601164935498526,0.03582404619959536,0.007551049827954467,-0.0402278731018654,4.0034377208263516e-05,-0.0014495083152615824,-0.0022549387930651324,0.010439184464573285,0.0016219880009976466,-0.015530427429539133,1.575065838549261,2.392126637804941,1.5180860496706106,-1.1614162295949166,-0.9236391599815941,1.0392371573601007,0.0,0.0,0.0,0.0,0.0,0.0,0.0,0.0,0.0,0.0,0.0,0.0,9.0,9.0,9.0,9.0,9.0,9.0,6.0,6.0,6.0,6.0,6.0,6.0,-0.0002447194388328633,40.14183458690366,9.871272763365432,0.475117879121046,-0.03911697891811805,-1.320349640954177e-06,0.002225547311693376
23.533333333333662,-0.19752632873347845,-0.5352541426785574,0.18976553301772386,-0.0024473729527627547,0.0006126771376393946,0.00035451517862090335,0.009144536721901112,-0.0011157714943322368,-0.00472945526427375,0.0,0.0,0.0,-0.1976674194624557,-0.5351259460318019,0.18983343337086755,-0.0019351893132851135,0.0003920920501202985,0.00015451528196882826,0.006195107854396031,-0.0009565232447243943,-0.003256236892623665,0.0,0.0,0.0,0.5455956313398265,0.5578115344702593,2.4528080281479405,0.5421845080550616,0.5603516265412828,2.4507642048518132,-0.003119401002667275,-0.001850522808717199,-0.0011073436888244536,1.5268562211194199,2.341201663160811,1.6647343550225262,-1.2907537792373125,-0.6667531899727729,0.8799775330475113,-0.003950883797798222,0.0057119039067269565,-0.00948220995982585,0.032315643271400955,0.006384554349067644,-0.036485643654922906,0.013608800407395212,-0.027096682037575585,0.03356864927018028,-0.10525208784583205,-0.03499486436660468,0.11226688340827484,1.575065838549261,2.392126637804941,1.5180860496706106,-1.1614162295949166,-0.9236391599815941,1.0392371573601007,0.0,0.0,0.0,0.0,0.0,0.0,0.0,0.0,0.0,0.0,0.0,0.0,9.0,9.0,9.0,9.0,9.0,9.0,6.0,6.0,6.0,6.0,6.0,6.0,0.017817976628319077,40.10934960611752,9.871005420967734,0.4728846337385138,-0.03913474163996877,5.07080898792811e-06,0.009770533029890104
23.566666666666997,-0.19756421330304585,-0.5352372212420493,0.18975978430109436,-0.0015734478903726866,0.0005427596941172161,2.525414686298152e-06,0.026213670999349147,-0.002110358978903081,-0.010530407967126863,0.0,0.0,0.0,-0.19771381212773698,-0.5351144327919112,0.18983138730460147,-0.0014082536496947615,0.00033878809907622836,-4.300650026665856e-05,0.021664225905571932,-0.0017775998921329972,-0.008731056189631659,0.0,0.0,0.0,0.5451182428867472,0.5573896336329822,2.4526708655649427,0.5418487716817865,0.5598072646825156,2.45062151008318,-0.0030074697217486865,-0.0017787527845583178,-0.0011513055845993572,1.5267859806630633,2.341271753121879,1.6645747303770866,-1.2901829305639323,-0.6667448931522542,0.879196681414558,-0.0027217703930657276,0.0033057671902621145,-0.006353229562066416,0.02218885455806715,0.002294121193396616,-0.027778913877373666,0.036873402141974834,-0.07218410149394526,0.09386941193278298,-0.30380366140001414,-0.12271299467013086,0.2612018933264772,1.575065838549261,2.392126637804941,1.5180860496706106,-1.1614162295949166,-0.9236391599815941,1.0392371573601007,0.0,0.0,0.0,0.0,0.0,0.0,0.0,0.0,0.0,0.0,0.0,0.0,9.0,9.0,9.0,9.0,9.0,9.0,6.0,6.0,6.0,6.0,6.0,6.0,0.048720183737755995,40.04423050000027,9.869199648874387,0.4700562978738343,-0.039305493968837535,6.48959585192177e-06,0.022126709464848036
23.600000000000332,-0.1975603186182871,-0.5352217928820598,0.18973956597850564,-0.0004465707559347237,0.0004895090156511035,-0.0004037142420554652,0.033799195683520085,-0.001602020747212896,-0.012183103646489014,0.0,0.0,0.0,-0.19773575811562827,-0.5351043571652735,0.1898209202403152,-0.000700183996152484,0.0002941523537729854,-0.0002895635148481624,0.03009502324134994,-0.001359380122030629,-0.010974144871490399,0.0,0.0,0.0,0.5449706057929248,0.5569925569052288,2.452582755751385,0.5417083337079048,0.5592703934810734,2.4505024020994552,-0.002925249682399657,-0.0018081737944360464,-0.0012248049800375142,1.5267821188409378,2.341240428129242,1.6645558929997015,-1.2900005120924858,-0.6668492270437987,0.8787718328967673,-0.000984493240195432,0.00047542254400713066,-0.002494490735058232,0.01104465428162043,-0.001321970766426215,-0.017756608314936684,0.05211831458610887,-0.08491033938764951,0.11576216481024552,-0.3343260082934016,-0.10848275879468494,0.30066916687310946,1.575065838549261,2.392126637804941,1.5180860496706106,-1.1614162295949166,-0.9236391599815941,1.0392371573601007,0.0,0.0,0.0,0.0,0.0,0.0,0.0,0.0,0.0,0.0,0.0,0.0,9.0,9.0,9.0,9.0,9.0,9.0,6.0,6.0,6.0,6.0,6.0,6.0,0.0731526440527972,40.03248422729695,9.87272212260109,0.4696050714641624,-0.03926428858444142,9.98315936773242e-06,0.0070087319420988154
23.633333333333667,-0.19747701987316152,-0.5352071194586308,0.1896929225123699,0.0015170769215290664,0.0004567924636770018,-0.001067295151993211,0.05890768540394019,-0.0009764958116835301,-0.0199136597295595,0.0,0.0,0.0,-0.19771426214276303,-0.5350953240508868,0.18979598332459335,0.0005256034532424472,0.0002610164702460652,-0.0006996849925210342,0.05444560181927205,-0.0008115041858083316,-0.01864221572625757,0.0,0.0,0.0,0.545325646300827,0.5567584403608815,2.45264465729159,0.541853292519948,0.5588063064957774,2.4504566109522266,-0.002862026497231351,-0.0020169516834721746,-0.0013985391409981382,1.5269135176816397,2.3410291777132413,1.6647946741492319,-1.2904422460255665,-0.6670687236122307,0.8789825410139679,0.0022998124006402576,-0.004066534138683103,0.003944126078919719,-0.005153127234405745,-0.004830588290781522,-0.0017047070943005255,0.09852916922507068,-0.136258700480707,0.19315850441933852,-0.48593344548078526,-0.10525852573065923,0.4815570366190848,1.575065838549261,2.392126637804941,1.5180860496706106,-1.1614162295949166,-0.9236391599815941,1.0392371573601007,0.0,0.0,0.0,0.0,0.0,0.0,0.0,0.0,0.0,0.0,0.0,0.0,9.0,9.0,9.0,9.0,9.0,9.0,6.0,6.0,6.0,6.0,6.0,6.0,0.14432058910274037,39.96344550009585,9.878729865265777,0.4689992641059617,-0.039329432889926075,2.2407382262557007e-05,0.032793678546047415
23.666666666667002,-0.19728838193685605,-0.5351907584666236,0.1896089937553103,0.004278213816259271,0.00048061966634100337,-0.0020345124579465067,0.08286108206138239,0.0007058365184209398,-0.028975429720029013,0.0,0.0,0.0,-0.1976313918661992,-0.535086164842934,0.18974970974450017,0.0022914437411169324,0.00025979059577353313,-0.001311466637048883,0.07957536665826881,0.0007010530522197911,-0.028034253253325314,0.0,0.0,0.0,0.5463398386345937,0.5566839390462178,2.452882799188673,0.5423864069151023,0.5584339017722356,2.450511718141759,-0.002845013625325917,-0.002438028325837537,-0.0016647660167759834,1.527221758180502,2.3405753207813196,1.6653726626647682,-1.2916925278988258,-0.6674667240356866,0.879983859952641,0.006931414110794447,-0.01043265001799466,0.012874479003700746,-0.026723346543323413,-0.009570204566046197,0.019458143075362262,0.13894805130462567,-0.1909834763793467,0.2679105877434308,-0.64710657926753,-0.14218848825794023,0.6348855050898836,1.575065838549261,2.392126637804941,1.5180860496706106,-1.1614162295949166,-0.9236391599815941,1.0392371573601007,0.0,0.0,0.0,0.0,0.0,0.0,0.0,0.0,0.0,0.0,0.0,0.0,9.0,9.0,9.0,9.0,9.0,9.0,6.0,6.0,6.0,6.0,6.0,6.0,0.20360815586681813,39.87791599526007,9.881192902192463,0.4686717708646946,-0.03952637140780357,2.9395648489582982e-05,0.021562686749181572
23.700000000000337,-0.19701223735307544,-0.5351724280745208,0.18949328438465524,0.00694842953471686,0.0005297062785603007,-0.0029937204381365887,0.08019201471271313,0.001406345785909273,-0.028609693106550597,0.0,0.0,0.0,-0.19748695641258293,-0.5350763996976596,0.18968163404057928,0.004141909042819152,0.00027569172977958073,-0.0019650414673349033,0.08274671993025162,0.0014923127207566722,-0.02971162281561135,0.0,0.0,0.0,0.5479681828904277,0.5567612706980025,2.453258961308038,0.5433336827369146,0.5581621463073451,2.4506650088160407,-0.0028566543998248756,-0.0030155839957024134,-0.0019854907678574073,1.5276748573154082,2.339909096604106,1.666249054488953,-1.2936785150278303,-0.6680349384995076,0.8817174867010834,0.011372454068386415,-0.01680203355026519,0.02181932948492801,-0.04862752476119369,-0.014554357465101312,0.04115858266063614,0.13323119872775907,-0.19108150596811588,0.2683455144368179,-0.6571253465361083,-0.1495245869716535,0.6510131875582164,1.575065838549261,2.392126637804941,1.5180860496706106,-1.1614162295949166,-0.9236391599815941,1.0392371573601007,0.0,0.0,0.0,0.0,0.0,0.0,0.0,0.0,0.0,0.0,0.0,0.0,9.0,9.0,9.0,9.0,9.0,9.0,6.0,6.0,6.0,6.0,6.0,6.0,0.19241020025769728,39.862079560098564,9.881500562479467,0.4699500469746672,-0.039622289040187386,3.0391494815873443e-05,0.001187500462769239
23.733333333333672,-0.19662072052008994,-0.5351492137559575,0.18933118837994112,0.010145344770983408,0.0006471551634771452,-0.004243745649799914,0.09610319652022666,0.0033504151001838706,-0.03709149876202264,0.0,0.0,0.0,-0.197265420994292,-0.535064548010603,0.1895841651077021,0.006405978864179022,0.0003323875113562417,-0.0028208493953301994,0.10155203025877402,0.0034008613243177166,-0.03900981291058958,0.0,0.0,0.0,0.550375771724409,0.557096925723482,2.4538469234434244,0.5447940672751527,0.5580453391806869,2.450953784542125,-0.0028910911646979603,-0.0038101295830869552,-0.0024120230556486703,1.528322641093177,2.338953708637095,1.6675266798815112,-1.2966076802553954,-0.6687870131709844,0.8844290097915398,0.016746493578169534,-0.024708437190309244,0.03282561767947212,-0.07479247947170162,-0.019892945917905667,0.06794998936267485,0.16122118529349352,-0.23719210920132164,0.3301886458363233,-0.7849486413152379,-0.16015765358413067,0.8037422010611612,1.575065838549261,2.392126637804941,1.5180860496706106,-1.1614162295949166,-0.9236391599815941,1.0392371573601007,0.0,0.0,0.0,0.0,0.0,0.0,0.0,0.0,0.0,0.0,0.0,0.0,9.0,9.0,9.0,9.0,9.0,9.0,6.0,6.0,6.0,6.0,6.0,6.0,0.23013532468504438,39.772714610218586,9.88383094299968,0.4715252376906395,-0.03983396979904108,4.0006375130907657e-05,0.03392072795758809
23.766666666667007,-0.19611015740252052,-0.5351207018498267,0.1891187665522157,0.013591245270785509,0.0007967528923854097,-0.0056699751387247815,0.10376190488516134,0.004158601577384667,-0.041944955076792134,0.0,0.0,0.0,-0.19695828786982006,-0.5350499294725299,0.18945263461276318,0.008950485772337924,0.0004126932954519685,-0.003827103739725275,0.11381490499523972,0.004469668078797895,-0.04573984656059249,0.0,0.0,0.0,0.5536762183861473,0.5578138784159451,2.454496037031564,0.5468615305630194,0.5581573162085673,2.451328188677041,-0.0028902670355013455,-0.004846262338814463,-0.0028676769260192977,1.5291594992114572,2.3377155710535202,1.669164072312843,-1.3004087227307513,-0.6698556457133669,0.8882043446947521,0.022319326891660732,-0.03299889740159316,0.04368972118645968,-0.10095167599768254,-0.028003632820284598,0.09815669451847013,0.1671849994047359,-0.2487138063385176,0.3259231052096268,-0.7847758957794274,-0.2433206070713679,0.9062011546738584,1.575065838549261,2.392126637804941,1.5180860496706106,-1.1614162295949166,-0.9236391599815941,1.0392371573601007,0.0,0.0,0.0,0.0,0.0,0.0,0.0,0.0,0.0,0.0,0.0,0.0,9.0,9.0,9.0,9.0,9.0,9.0,6.0,6.0,6.0,6.0,6.0,6.0,0.23835652823054776,39.715820262233855,9.874432724607196,0.4738578691456431,-0.040240486211114534,5.231816227924124e-05,0.033080514315068886
23.80000000000034,-0.19548599179347098,-0.5350901607094448,0.18885666925348513,0.017010962018303908,0.0008932347570619881,-0.007142130487221523,0.10320145417415119,0.0023536993451217705,-0.042804037621488274,0.0,0.0,0.0,-0.1965620424543968,-0.5350335840233732,0.1892847527299694,0.01162678365764179,0.00046958625547826395,-0.00491459561969428,0.11888071973841763,0.003289325196863757,-0.04910532388640876,0.0,0.0,0.0,0.5576125977792677,0.5587790761448335,2.4553153970995045,0.5494748662746868,0.5584709205259311,2.4518281502049337,-0.00289652869952861,-0.005957647804541061,-0.0033834320363778855,1.5301885847598649,2.336223195133828,1.671121614531714,-1.3049157751783313,-0.6711051061966787,0.8927608165541373,0.028021486598705375,-0.040847150861042396,0.053714084772909246,-0.12379160761749423,-0.03432375393966577,0.12384833536052797,0.17106479121133927,-0.235447603783477,0.3007309075934869,-0.6851979485943509,-0.18960363358143517,0.7707492252617353,1.575065838549261,2.392126637804941,1.5180860496706106,-1.1614162295949166,-0.9236391599815941,1.0392371573601007,0.0,0.0,0.0,0.0,0.0,0.0,0.0,0.0,0.0,0.0,0.0,0.0,9.0,9.0,9.0,9.0,9.0,9.0,6.0,6.0,6.0,6.0,6.0,6.0,0.24841404802745748,39.69759312565218,9.871978460295344,0.4784971494358482,-0.040353804844649455,4.3925098966002274e-05,0.016307208459372138
23.833333333333677,-0.19478311256105219,-0.535059806889787,0.18856025103077773,0.019724518340521198,0.0009267487692210335,-0.00832225536170805,0.08224389687818622,0.00023939541825308136,-0.033533028680000014,0.0,0.0,0.0,-0.19608746758047815,-0.5350165807991045,0.18908520865575895,0.014043224692370525,0.0004953391214985642,-0.005892639600172942,0.10527441000921423,0.0017566543301459348,-0.043367278721956115,0.0,0.0,0.0,0.5620911845498595,0.5598751936834111,2.456198988679428,0.5526007210196512,0.558941263406041,2.452419801848406,-0.002919356075374493,-0.00708205605449316,-0.003870072209348383,1.531343581381656,2.3345522431705605,1.6732976855083146,-1.309973879433483,-0.6725607740837072,0.8979040644341088,0.03244042796872737,-0.04703475621903353,0.06142611445631539,-0.14242595430886482,-0.0405546090537909,0.14414773605293776,0.13256824110065984,-0.18562816073973415,0.23136089050218436,-0.5590304007411173,-0.186925653423754,0.6089820207722938,1.575065838549261,2.392126637804941,1.5180860496706106,-1.1614162295949166,-0.9236391599815941,1.0392371573601007,0.0,0.0,0.0,0.0,0.0,0.0,0.0,0.0,0.0,0.0,0.0,0.0,9.0,9.0,9.0,9.0,9.0,9.0,6.0,6.0,6.0,6.0,6.0,6.0,0.19021043764209677,39.720622108869165,9.868279145593975,0.483674035062841,-0.04057714130681389,3.256545157226398e-05,0.010635988019586293
23.86666666666701,-0.19400057460649872,-0.535034119781609,0.188232423181838,0.022221594700914105,0.0008499494468158179,-0.009346039428741166,0.07596067918834852,-0.003285932286301241,-0.028326769312949838,0.0,0.0,0.0,-0.19553455501375214,-0.5350011325372513,0.1888554499631639,0.016420694751032507,0.00045925596014258403,-0.0068167591960893,0.10236568374868638,-0.0012174201863164313,-0.040350221690759636,0.0,0.0,0.0,0.5669809804924777,0.5611847732018658,2.457168600291535,0.5561852472151458,0.5595971704814109,2.453107686851934,-0.002910757011939745,-0.008177309359651974,-0.004360386176227925,1.5326327042047174,2.332736711025984,1.6756414151478043,-1.3154189960295244,-0.6741586244541325,0.9035417348276905,0.03659593245080242,-0.05198889496454098,0.06734996427523052,-0.15637765002378357,-0.045475210426436374,0.16080265322261422,0.12466513446225143,-0.1486241623652236,0.17771549456745386,-0.41855087144756253,-0.14761804117936414,0.49964751509029387,1.575065838549261,2.392126637804941,1.5180860496706106,-1.1614162295949166,-0.9236391599815941,1.0392371573601007,0.0,0.0,0.0,0.0,0.0,0.0,0.0,0.0,0.0,0.0,0.0,0.0,9.0,9.0,9.0,9.0,9.0,9.0,6.0,6.0,6.0,6.0,6.0,6.0,0.1855691672576789,39.72551468862091,9.865088855973285,0.4897318293183272,-0.040790933323386014,3.0962491263553105e-05,0.02300214915856708
23.900000000000347,-0.1931512781351462,-0.5350160458909345,0.18788268334024333,0.024388695734526365,0.0006769185968788956,-0.010127164870846405,0.06624349591304449,-0.006383036576735363,-0.0205617622071449,0.0,0.0,0.0,-0.19490781017333145,-0.534989195492658,0.18859956051243063,0.018675352005317555,0.0003634295192213429,-0.007627081179533615,0.09552332221177418,-0.004055927085119038,-0.03452912584190759,0.0,0.0,0.0,0.5721964049447412,0.5627256360574715,2.4582005151033455,0.5601836176040141,0.5604558318492499,2.453882780133847,-0.0028558716641359444,-0.009214067702003271,-0.004840814728502402,1.534035021053524,2.330822716363664,1.6780964281320516,-1.3211353484679902,-0.6758717919576643,0.9095863999659414,0.04024498112640348,-0.05560952490124949,0.07155024777668742,-0.1664529321105791,-0.04942175354611572,0.17449418717255516,0.10947146026803173,-0.10861889810125536,0.12600850504370698,-0.3022584626038658,-0.11839629359038041,0.41074601849822834,1.575065838549261,2.392126637804941,1.5180860496706106,-1.1614162295949166,-0.9236391599815941,1.0392371573601007,0.0,0.0,0.0,0.0,0.0,0.0,0.0,0.0,0.0,0.0,0.0,0.0,9.0,9.0,9.0,9.0,9.0,9.0,6.0,6.0,6.0,6.0,6.0,6.0,0.1680594408434284,39.73102705677117,9.86407914841823,0.4961578599727222,-0.041051172504368294,2.9766904101724556e-05,0.02750995595217943
23.93333333333368,-0.19226658575767097,-0.5350038047558466,0.18752280975270047,0.025818689305166023,0.0005058689531923753,-0.0105906595486422,0.04424197132012082,-0.0064913955070780875,-0.010697007018062123,0.0,0.0,0.0,-0.19422102562634594,-0.5349807707475926,0.18832346832021313,0.020554753491724597,0.00025872684608401614,-0.008267092998623837,0.07677014673076288,-0.004440308271243865,-0.02609631876262153,0.0,0.0,0.0,0.5775247355521095,0.5644550820517071,2.4592740637964954,0.5644933172815222,0.5615084060254728,2.4547343951802487,-0.0027463217691512053,-0.010104981494730552,-0.00528971573423688,1.5355005724785487,2.3288764901372896,1.680579858592475,-1.3269030592660398,-0.677616581947156,0.915808834302199,0.042726022209292204,-0.057461032827898974,0.07351869180069495,-0.17083852666451718,-0.051369717638538946,0.1826134157826698,0.07443123248666178,-0.05554523779948437,0.059053320720226045,-0.13156783661814228,-0.05843892277269675,0.24357685830343864,1.575065838549261,2.392126637804941,1.5180860496706106,-1.1614162295949166,-0.9236391599815941,1.0392371573601007,0.0,0.0,0.0,0.0,0.0,0.0,0.0,0.0,0.0,0.0,0.0,0.0,9.0,9.0,9.0,9.0,9.0,9.0,6.0,6.0,6.0,6.0,6.0,6.0,0.11717537034776537,39.75207548791674,9.86620543810116,0.5036692213641443,-0.04123787623604369,2.283270860803377e-05,0.021001162112610678
23.966666666667017,-0.19135075532932835,-0.5349979391826234,0.18715568193584362,0.026917800611874997,0.00032418802512160965,-0.010890095749950682,0.03438837566179238,-0.006947062528420301,-0.005520259612229246,0.0,0.0,0.0,-0.19347966091662827,-0.5349763895326555,0.18803012187004137,0.022236948385479252,0.00013899905124904722,-0.008805480122652719,0.06673038208773852,-0.0051134828071894844,-0.02103874913441972,0.0,0.0,0.0,0.5829122712746815,0.5664433858407827,2.4603955338775507,0.569059898746276,0.5627870121872274,2.4556615238421817,-0.0025601862322081844,-0.01086006592896523,-0.0057253757102652784,1.5370252567892255,2.3269152525294365,1.6830713573446325,-1.3326552248473418,-0.6793544082103415,0.9221971802990637,0.04473569361663833,-0.05837842976635804,0.07433620564338332,-0.1719894871808816,-0.051879764476555734,0.18863805853151808,0.06029014222038378,-0.02752190815377196,0.024525415280651018,-0.03452881549093278,-0.01530140514050363,0.18073928246544851,1.575065838549261,2.392126637804941,1.5180860496706106,-1.1614162295949166,-0.9236391599815941,1.0392371573601007,0.0,0.0,0.0,0.0,0.0,0.0,0.0,0.0,0.0,0.0,0.0,0.0,9.0,9.0,9.0,9.0,9.0,9.0,6.0,6.0,6.0,6.0,6.0,6.0,0.09825805498697804,39.73547937197677,9.867974637366784,0.5106891461101196,-0.04149587228829699,2.347876447450492e-05,0.040602833572872477
24.00000000000035,-0.1904147024591323,-0.5349979348987961,0.1867855187331041,0.027688320933772395,0.00014859451517738789,-0.011050112849305226,0.024570739122828027,-0.006882236851757794,-0.0011615449829928222,0.0,0.0,0.0,-0.19269095916408388,-0.5349761692512106,0.18772265069026417,0.02370234557133177,1.4033872937336273e-05,-0.00924779751570843,0.05589098758221844,-0.005313759887505043,-0.01631010893943996,0.0,0.0,0.0,0.5882962526615628,0.5687069670732798,2.4615625800562464,0.5738304410595096,0.5643102350759172,2.4566613659914887,-0.0022967393602613723,-0.011471859358927288,-0.0061467264760809645,1.5385923279400193,2.3249600285579644,1.6855471327593847,-1.3383293938305862,-0.6810497231376487,0.9287057676669939,0.046253320888090754,-0.05856395601822771,0.07429424350950277,-0.17081320872518288,-0.05119955337166278,0.1930511002024419,0.04552881814357263,-0.005565787556090008,-0.0012588640164164192,0.03528835367096215,0.020406333146788594,0.13239125012771483,1.575065838549261,2.392126637804941,1.5180860496706106,-1.1614162295949166,-0.9236391599815941,1.0392371573601007,0.0,0.0,0.0,0.0,0.0,0.0,0.0,0.0,0.0,0.0,0.0,0.0,9.0,9.0,9.0,9.0,9.0,9.0,6.0,6.0,6.0,6.0,6.0,6.0,0.07658821814570782,39.70825475634052,9.870181307643858,0.517528330962722,-0.041769013424124646,2.3405828154188235e-05,0.03873604501318122
24.033333333333687,-0.1894810690670646,-0.5350025325873543,0.18642095775373402,0.027896963954540218,-2.068944073012075e-06,-0.010990281757118284,0.007702998326112046,-0.006175665034465232,0.0054687091894927,0.0,0.0,0.0,-0.1918678253236782,-0.5349797672099469,0.1874061662314283,0.02480176965896431,-0.00010282219462913896,-0.009543675381537376,0.038092582054687796,-0.004877562964129112,-0.009244030918559076,0.0,0.0,0.0,0.5936101699056131,0.5710201533475052,2.4626951849248595,0.578749567163097,0.5659917476012165,2.4576970522882564,-0.0020285024306668773,-0.011898757490889726,-0.006467955736987368,1.5401554263889152,2.3230496363689794,1.6879530889247067,-1.3438510985257097,-0.6827490025670777,0.9351224625977279,0.04667974260728501,-0.057729162452438726,0.07288387114294231,-0.16737183014419532,-0.05105210637913676,0.19268426534882957,0.012792651575827714,0.02504380697366947,-0.042311170996813655,0.10324135742962685,0.004423409775780708,-0.011005045608370269,1.575065838549261,2.392126637804941,1.5180860496706106,-1.1614162295949166,-0.9236391599815941,1.0392371573601007,0.0,0.0,0.0,0.0,0.0,0.0,0.0,0.0,0.0,0.0,0.0,0.0,9.0,9.0,9.0,9.0,9.0,9.0,6.0,6.0,6.0,6.0,6.0,6.0,0.02525636513509877,39.68795788803507,9.86926993049684,0.5238898939354798,-0.04213511724125185,9.154655850829307e-06,0.02182275511202972
24.06666666666702,-0.18854797020561867,-0.5350110887848791,0.18606534370400474,0.027956099679949588,-0.00013217911277936013,-0.010789663950013325,0.0031629110387612624,-0.005540270088419092,0.009648241594893293,0.0,0.0,0.0,-0.1910146262534806,-0.5349869282784414,0.18708412878246714,0.025733890083810943,-0.0002118544832469257,-0.009728363621758475,0.029967047907136557,-0.004461147083816286,-0.003941256650554337,0.0,0.0,0.0,0.598796523527637,0.5732927833886455,2.4637819212754493,0.5837637162537913,0.5677728355066106,2.458751441004688,-0.0017759335101880467,-0.01213094416224637,-0.0066827611289662255,1.5417170020961644,2.3211968189012597,1.690274058905381,-1.3491686276032195,-0.6844620582739289,0.941329958033894,0.0467914283474119,-0.056299403505213286,0.07071402332780262,-0.16214119159826326,-0.05127848293006906,0.18837799717293102,0.003350572203806629,0.042892768416763274,-0.0650954344541908,0.15691915637796147,-0.006791296527968966,-0.12918804527695676,1.575065838549261,2.392126637804941,1.5180860496706106,-1.1614162295949166,-0.9236391599815941,1.0392371573601007,0.0,0.0,0.0,0.0,0.0,0.0,0.0,0.0,0.0,0.0,0.0,0.0,9.0,9.0,9.0,9.0,9.0,9.0,6.0,6.0,6.0,6.0,6.0,6.0,0.01342665108458263,39.65530251953839,9.869481718544874,0.5301442108516279,-0.04252199133841139,-1.8454409316248643e-06,0.01943830969946441
24.100000000000357,-0.18761774282217783,-0.5350229270498581,0.18572264681795855,0.0279189307490391,-0.00024264695483898913,-0.010463491412945702,0.0002163671275571407,-0.004901283699038559,0.013370913904624249,0.0,0.0,0.0,-0.19013591807841282,-0.5349973303017677,0.18676011029936934,0.02652336800854091,-0.00031137625678075365,-0.009804245574157404,0.023114899385201948,-0.00397031167896067,0.0011848484545935456,0.0,0.0,0.0,0.603973428411841,0.5755023094783517,2.4647902791671035,0.5888935614658106,0.5696222708185106,2.4598006415994944,-0.0015540094045479761,-0.01224083874777022,-0.006786857902871261,1.543267007554221,2.3193946291405245,1.6925323765406717,-1.3544002345875152,-0.686247223100459,0.9474230023807683,0.04659725194360457,-0.05481026304977472,0.06873769381507863,-0.15867920355200477,-0.052796124173958195,0.18465355266179687,-0.005825292114220057,0.044674213663157124,-0.05928988538171969,0.1038596413877549,-0.04552923731667413,-0.11173333533402452,1.575065838549261,2.392126637804941,1.5180860496706106,-1.1614162295949166,-0.9236391599815941,1.0392371573601007,0.0,0.0,0.0,0.0,0.0,0.0,0.0,0.0,0.0,0.0,0.0,0.0,9.0,9.0,9.0,9.0,9.0,9.0,6.0,6.0,6.0,6.0,6.0,6.0,-0.00289048840314976,39.59957006310806,9.87206531202587,0.5354803419588963,-0.04295867136174292,-4.592994035768072e-06,0.03636298250639533
24.13333333333369,-0.18669198369535306,-0.5350366461055205,0.1853953400036578,0.027817934300821905,-0.0003194970375789189,-0.010043704063368413,-0.0017658014879597295,-0.0037581970982525775,0.016146706367043927,0.0,0.0,0.0,-0.1892357156241256,-0.5350102847355561,0.18643710352493437,0.02718790362639818,-0.00039167047489827814,-0.009786680790228534,0.017187745186277414,-0.003023705117470854,0.005520199803349168,0.0,0.0,0.0,0.6090595736489604,0.5777994082215728,2.465586553715353,0.594094212710668,0.5715884277646103,2.460776040925344,-0.0012670323358935582,-0.012227510063737498,-0.006752270956394468,1.5447979680091135,2.3176867903800344,1.694640168591111,-1.3592746110016491,-0.6881494019801909,0.9533143982733288,0.046151626412386515,-0.05242686289305974,0.06506840561381579,-0.15038059613334567,-0.05564228565262354,0.17937910207180746,-0.013368765936541696,0.07150200470144917,-0.11007864603788553,0.24895822255977287,-0.08538484435996041,-0.15823351769968194,1.575065838549261,2.392126637804941,1.5180860496706106,-1.1614162295949166,-0.9236391599815941,1.0392371573601007,0.0,0.0,0.0,0.0,0.0,0.0,0.0,0.0,0.0,0.0,0.0,0.0,9.0,9.0,9.0,9.0,9.0,9.0,6.0,6.0,6.0,6.0,6.0,6.0,-0.006995059534822268,39.579641811306075,9.865337990325411,0.5415688625304141,-0.043390410945665536,1.333420991067591e-06,0.03167276318808364
24.166666666667027,-0.18578603684797418,-0.5350513069566782,0.18508701598009542,0.027388517815758094,-0.0003664325033519108,-0.009521473366949399,-0.011727669939335932,-0.002722765162425205,0.019048041823558886,0.0,0.0,0.0,-0.18832374886915146,-0.5350251367077923,0.18611857224196243,0.027582440298749247,-0.0004521716266831216,-0.00966580247831214,0.004428220974824537,-0.0020620804319158026,0.010275789922878253,0.0,0.0,0.0,0.6139067362961649,0.580055389729924,2.4662768400201402,0.5992796810476128,0.5736212592004004,2.46169788710927,-0.0009772263313524094,-0.012028202216946136,-0.006629688890322892,1.5462933839978914,2.3160819462296085,1.6966069826596086,-1.3637902866498497,-0.6900438940385982,0.958868863784502,0.04529219524635204,-0.04957250397287179,0.061025749907892744,-0.14044037834179204,-0.056437269719021056,0.1708823442474004,-0.025782934981034098,0.08563076760563858,-0.12127967117769133,0.29820653374660866,-0.023849521991925506,-0.2549027347322118,1.575065838549261,2.392126637804941,1.5180860496706106,-1.1614162295949166,-0.9236391599815941,1.0392371573601007,0.0,0.0,0.0,0.0,0.0,0.0,0.0,0.0,0.0,0.0,0.0,0.0,9.0,9.0,9.0,9.0,9.0,9.0,6.0,6.0,6.0,6.0,6.0,6.0,-0.02581370058401511,39.550378057878845,9.870751178816302,0.5476287537135299,-0.04352737757888647,-6.661232811344675e-06,0.01260958342245776
24.20000000000036,-0.18489474712158202,-0.5350678319715763,0.1847983427756722,0.02695314204190813,-0.00042260656329344386,-0.00895002499873226,-0.012025533411701936,-0.002776626588914394,0.020316259527126377,0.0,0.0,0.0,-0.18740253239791232,-0.5350420052170325,0.18580673050761923,0.02787203015091836,-0.0005128054426413378,-0.00947247897976147,-0.00032754048357075405,-0.002060439661857316,0.013509263955097772,0.0,0.0,0.0,0.6184626954513817,0.5822295125603597,2.4666935331552,0.6043898602172383,0.5756880138909833,2.462489199683654,-0.0006610407999333386,-0.011647357890929314,-0.006332156200090588,1.547750981794044,2.3146174830509287,1.6983410851047924,-1.3677059038319634,-0.6920519062670297,0.963899121229876,0.04424935433850416,-0.04581343156455157,0.05502396553963745,-0.12512580308953725,-0.05897266780830249,0.15756593032328048,-0.03128522723543653,0.11277217224960658,-0.18005353104765895,0.45943725756764403,-0.07606194267844288,-0.3994924177235975,1.575065838549261,2.392126637804941,1.5180860496706106,-1.1614162295949166,-0.9236391599815941,1.0392371573601007,0.0,0.0,0.0,0.0,0.0,0.0,0.0,0.0,0.0,0.0,0.0,0.0,9.0,9.0,9.0,9.0,9.0,9.0,6.0,6.0,6.0,6.0,6.0,6.0,-0.024960170415071037,39.53455704114614,9.860085315239134,0.552675832140606,-0.043918863343752834,-1.2898806956429532e-05,0.009115015894601852
24.233333333333697,-0.18402335492253277,-0.5350870345598395,0.1845299497908114,0.02641095104360948,-0.0004978445608831619,-0.008351421063570228,-0.015350343047135527,-0.0031439198643727893,0.02089386265860837,0.0,0.0,0.0,-0.18647744234082234,-0.535061114726718,0.18550357001946594,0.028007242870602904,-0.0005792564142886609,-0.009217060306101121,-0.00738372284074984,-0.002329472986350112,0.01621614371618385,0.0,0.0,0.0,0.6227841945612657,0.5842541087819646,2.466933541436276,0.609414700820407,0.5777426660154694,2.4631640529655328,-0.00037497886772042176,-0.011128102077781091,-0.005929128261813222,1.5491660551147084,2.3132679830121785,1.6999038580430053,-1.3712174421654348,-0.6941208102183006,0.9684985217483846,0.043051251192789075,-0.042261144629855446,0.04959678061080429,-0.11193936769927441,-0.06103563496151786,0.1445099871445975,-0.03594309437145259,0.10656860804088358,-0.16281554786499464,0.3955930617078851,-0.06188901459646112,-0.3916782953604893,1.575065838549261,2.392126637804941,1.5180860496706106,-1.1614162295949166,-0.9236391599815941,1.0392371573601007,0.0,0.0,0.0,0.0,0.0,0.0,0.0,0.0,0.0,0.0,0.0,0.0,9.0,9.0,9.0,9.0,9.0,9.0,6.0,6.0,6.0,6.0,6.0,6.0,-0.03513679974623796,39.480429939046154,9.864673787499425,0.556605568340455,-0.04409489649508358,-1.7588515677346983e-05,0.006850880541486118
24.26666666666703,-0.18318593237262928,-0.5351072247640758,0.1842827440011243,0.025551847946372153,-0.0005462333633151381,-0.007725203567250312,-0.024985411097686018,-0.002079758290577479,0.021411391945812364,0.0,0.0,0.0,-0.1855580678615112,-0.5350817210243543,0.1852110120206693,0.027871886208555748,-0.000627328539519761,-0.008902919737791186,-0.019890865511666078,-0.0014441130582039108,0.018735362137353828,0.0,0.0,0.0,0.6267178111694244,0.5861733796940496,2.4668835014317607,0.6142673178840291,0.5797833182592952,2.4636664125731103,-5.383833376185589e-05,-0.010434334021841275,-0.005380859269332398,1.550511680563703,2.312080340316744,1.7011980444139856,-1.374030467978868,-0.6962568362246816,0.9724817882426033,0.04126292604415191,-0.037839902118649536,0.04241598762320939,-0.0935736388350876,-0.0630657317814584,0.12783532559924154,-0.05364975445911504,0.13263727533617733,-0.21542378962784703,0.5509718659256047,-0.060902904598216165,-0.5002398463606788,1.575065838549261,2.392126637804941,1.5180860496706106,-1.1614162295949166,-0.9236391599815941,1.0392371573601007,0.0,0.0,0.0,0.0,0.0,0.0,0.0,0.0,0.0,0.0,0.0,0.0,9.0,9.0,9.0,9.0,9.0,9.0,6.0,6.0,6.0,6.0,6.0,6.0,-0.05751949650567889,39.47101027567627,9.858603333346103,0.5610042876550867,-0.044250448375300566,-1.9718154797399023e-05,0.01415378317320218
24.300000000000367,-0.1823891266884154,-0.5351274367401014,0.1840573784276734,0.02445376752629725,-0.0005658027679631976,-0.007078700216117118,-0.032272330606135824,-0.0010259840260839947,0.021722205079802704,0.0,0.0,0.0,-0.18465206972369333,-0.535103127857339,0.18493079680940813,0.027498635131668326,-0.0006546752821385738,-0.008535249088610248,-0.030702003884266915,-0.00045783529417420255,0.02098316557162061,0.0,0.0,0.0,0.630360767714924,0.5880529332486979,2.466684499936397,0.6189504394136965,0.5818267241417863,2.4640342583587054,0.0002763430717113535,-0.009645229900533932,-0.004800113864334471,1.5517849341201615,2.3110164632184373,1.7023182880209857,-1.3764131613963788,-0.6983622058206197,0.9760878625678874,0.03921937981055517,-0.03389084267235257,0.036543534681072194,-0.07884508129524938,-0.06312930251258139,0.11473326170542968,-0.06130638700790223,0.11847178338890918,-0.17617358826411578,0.4418567261951465,-0.001907121933689665,-0.3930619168143562,1.575065838549261,2.392126637804941,1.5180860496706106,-1.1614162295949166,-0.9236391599815941,1.0392371573601007,0.0,0.0,0.0,0.0,0.0,0.0,0.0,0.0,0.0,0.0,0.0,0.0,9.0,9.0,9.0,9.0,9.0,9.0,6.0,6.0,6.0,6.0,6.0,6.0,-0.07671407188994173,39.41761505903097,9.870702715158455,0.5641220228789527,-0.04423390642159952,-1.4615565860021107e-05,0.013351849406871945
24.3333333333337,-0.18164302867268683,-0.5351473548745486,0.18385377991759017,0.02307344815733747,-0.0005685990788249773,-0.0064275551846864985,-0.04087043612638515,-0.0004062678341097317,0.021494329655005986,0.0,0.0,0.0,-0.18376841853260767,-0.5351249361626514,0.1846642550454771,0.026858551814512938,-0.0006686366869666502,-0.00812541928129078,-0.04277196547425355,0.00016744797453327465,0.022669243758351776,0.0,0.0,0.0,0.633488111130734,0.5899264156974333,2.4664490368624796,0.6233490120541239,0.5838842938815808,2.464316811796172,0.000635107180518988,-0.008687132372569682,-0.004248865420075633,1.5529839970653563,2.3100923644772693,1.7032511342808694,-1.3782410128550033,-0.7002643052842699,0.9791946018586232,0.037054385507411615,-0.029778922380813956,0.030838103424695618,-0.06283872293757517,-0.05908509011052996,0.10037920638319368,-0.06494982909430669,0.12335760874615832,-0.17116293769129728,0.48019075073022643,0.12132637206154304,-0.43062165966707977,1.575065838549261,2.392126637804941,1.5180860496706106,-1.1614162295949166,-0.9236391599815941,1.0392371573601007,0.0,0.0,0.0,0.0,0.0,0.0,0.0,0.0,0.0,0.0,0.0,0.0,9.0,9.0,9.0,9.0,9.0,9.0,6.0,6.0,6.0,6.0,6.0,6.0,-0.08265929691513452,39.3994903365355,9.880641918413716,0.5678910025006534,-0.04403080340817778,-1.5056066622443076e-05,0.032716881726900834
24.366666666667037,-0.18095869573916296,-0.5351655714539314,0.18367095189355018,0.021377222296299646,-0.0005370933878857849,-0.005795424902026201,-0.05047343336332,0.0006497612058136371,0.020525950529668366,0.0,0.0,0.0,-0.18291694154359278,-0.5351463512641295,0.18441210777906034,0.025925272105731364,-0.0006600808705248289,-0.0076908834171399015,-0.05596571799438088,0.001220072098156777,0.023511273522693,0.0,0.0,0.0,0.6359929981872283,0.5919584992608984,2.466291821465126,0.6273703303016482,0.586025460418502,2.4645740110803005,0.0010669506051290537,-0.007571932666533439,-0.0038089040743919038,1.5541044206625518,2.30930595977004,1.7040169192114267,-1.3795008296336937,-0.701800138617359,0.9818766371455282,0.03475993377971564,-0.0256544016048605,0.025595066419378643,-0.046142576552999415,-0.0504116966986253,0.08710044119916406,-0.06883355183087936,0.12373562327860375,-0.15729111015950925,0.5008843915372727,0.2602018023571398,-0.3983629555208885,1.575065838549261,2.392126637804941,1.5180860496706106,-1.1614162295949166,-0.9236391599815941,1.0392371573601007,0.0,0.0,0.0,0.0,0.0,0.0,0.0,0.0,0.0,0.0,0.0,0.0,9.0,9.0,9.0,9.0,9.0,9.0,6.0,6.0,6.0,6.0,6.0,6.0,-0.09088067691076351,39.37964736795646,9.89255910993362,0.5711482728003453,-0.043754447188732115,-7.672527806645846e-06,0.04444131732593859
24.40000000000037,-0.18033785286481435,-0.5351816134755973,0.1835076889670106,0.019541681791455757,-0.000485261363183945,-0.005194079581177798,-0.05475136439431156,0.0013230884940984575,0.019236068189782324,0.0,0.0,0.0,-0.18210388432344948,-0.5351668894605845,0.18417474001408035,0.02478754178597509,-0.000635697022475842,-0.0072429206769706045,-0.06479511214836631,0.0019422671902695754,0.023813342872153864,0.0,0.0,0.0,0.6379310722695176,0.5941609763498771,2.4660439693740246,0.6309897263805934,0.5882732355160358,2.4647512861867957,0.0015837800009843124,-0.006354637085706639,-0.003374624311673383,1.5551297587070878,2.3086759545833266,1.7045549660561854,-1.380069363788479,-0.7031045971886619,0.9840968631067097,0.032093405483955374,-0.021151570935880736,0.019292625701633453,-0.026751541946706557,-0.04289307032559876,0.07343799962335153,-0.07999584887280799,0.13508492006939285,-0.18907322153235567,0.5817310381887857,0.22555879119079617,-0.40987324727437613,1.575065838549261,2.392126637804941,1.5180860496706106,-1.1614162295949166,-0.9236391599815941,1.0392371573601007,0.0,0.0,0.0,0.0,0.0,0.0,0.0,0.0,0.0,0.0,0.0,0.0,9.0,9.0,9.0,9.0,9.0,9.0,6.0,6.0,6.0,6.0,6.0,6.0,-0.10574016642678274,39.3652609617933,9.88650411832619,0.5725221707281435,-0.04385747436947374,-3.817782518455992e-06,0.03219111679986496
24.433333333333707,-0.17978676576026326,-0.5351949738551479,0.18336138809958288,0.017534196979787902,-0.00041641037187492027,-0.004655419532665299,-0.059987727665230556,0.0018324503557650693,0.017063179008336173,0.0,0.0,0.0,-0.1813365735462606,-0.5351860582907048,0.18395177288594708,0.023430642075566485,-0.0005962563977224887,-0.0068029482028421654,-0.07423818511260905,0.0026198075491592476,0.023099525190478865,0.0,0.0,0.0,0.6393645183348565,0.596664920227901,2.4658795160545655,0.6342034643593403,0.5906942379256549,2.4649134543965645,0.0021721366845294686,-0.0050969679190478135,-0.003070535177388243,1.5560623972684537,2.3081606987671486,1.704960948949654,-1.380190046415872,-0.704036060269454,0.9861137280259913,0.029350573055300578,-0.017355639968846773,0.01455053310324917,-0.011330833196763264,-0.032926951724375715,0.06481663159341365,-0.08228497285964388,0.11387792901101894,-0.14226277795152847,0.4626212624982988,0.29898355803669135,-0.25864104089813633,1.575065838549261,2.392126637804941,1.5180860496706106,-1.1614162295949166,-0.9236391599815941,1.0392371573601007,0.0,0.0,0.0,0.0,0.0,0.0,0.0,0.0,0.0,0.0,0.0,0.0,9.0,9.0,9.0,9.0,9.0,9.0,6.0,6.0,6.0,6.0,6.0,6.0,-0.11766394521683421,39.318693372615684,9.898312971892159,0.5732050523678556,-0.043666744749982334,6.412191328242223e-06,0.026135193593325886
24.46666666666704,-0.17930461133462722,-0.5352059168291002,0.18322942506691886,0.015486300020979699,-0.0003473268628138115,-0.004191154390005457,-0.06125914551501751,0.0019014231595720244,0.014556327620986874,0.0,0.0,0.0,-0.1806193971433773,-0.5352037437244168,0.1837425422855464,0.021928400782913263,-0.0005516593088462125,-0.006381510013224967,-0.08007595986436256,0.002818983833055455,0.02189921944758355,0.0,0.0,0.0,0.6402180729476908,0.5996894304133271,2.4655461845261604,0.6369588598836307,0.5934066553279068,2.464969108678118,0.0029555127103424615,-0.003806786122101625,-0.0027860524503591985,1.5568917997457774,2.3078169135696034,1.7050897964588,-1.379445201055686,-0.7047167794163431,0.9878138596680958,0.026371573898239638,-0.012660917273856646,0.007427127884004659,0.011119962804799714,-0.024590033512576007,0.055608176706559834,-0.08936997471182816,0.14084168084970378,-0.21370215657733535,0.6735238800468893,0.25010754635399124,-0.2762536466056146,1.575065838549261,2.392126637804941,1.5180860496706106,-1.1614162295949166,-0.9236391599815941,1.0392371573601007,0.0,0.0,0.0,0.0,0.0,0.0,0.0,0.0,0.0,0.0,0.0,0.0,9.0,9.0,9.0,9.0,9.0,9.0,6.0,6.0,6.0,6.0,6.0,6.0,-0.11905942573389883,39.333051430025,9.883593471621037,0.5737176986070911,-0.043743563557695264,2.0387682337252855e-05,0.098851603380842
24.500000000000377,-0.17888240346056336,-0.5352141989581182,0.18311049276802355,0.013604798240220574,-0.00027283489754931646,-0.0037801610337435984,-0.0563204328895263,0.0021617728904293936,0.012696330328677993,0.0,0.0,0.0,-0.17995237014565146,-0.5352196573943171,0.18354673346633596,0.02040483646471625,-0.0004988702067008869,-0.005971129423463544,-0.07996485196926928,0.003161174061437677,0.021075403537056836,0.0,0.0,0.0,0.6404115590487078,0.6032392473071077,2.4649645003957517,0.6391914603520787,0.5964555222489584,2.4648634914288463,0.003920746567464311,-0.0024633256083169603,-0.0024867714571090507,1.557630228115488,2.30766554604648,1.7048877725734481,-1.377649155416768,-0.7051914293994227,0.9890608808711546,0.023559092026956937,-0.0072476562204186,-0.0015647684123669672,0.039627567046622486,-0.017689677499116246,0.043476482963363344,-0.08437445613848099,0.1623978316031414,-0.2697568888911488,0.8552281272546833,0.2070106804037928,-0.36395081229589465,1.575065838549261,2.392126637804941,1.5180860496706106,-1.1614162295949166,-0.9236391599815941,1.0392371573601007,0.0,0.0,0.0,0.0,0.0,0.0,0.0,0.0,0.0,0.0,0.0,0.0,9.0,9.0,9.0,9.0,9.0,9.0,6.0,6.0,6.0,6.0,6.0,6.0,-0.10079817894564247,39.35091241657963,9.872794572124354,0.5734403584658186,-0.0437896192214251,2.3680243023238567e-05,0.08634939063843011
24.53333333333371,-0.17851579056990208,-0.5352184359798724,0.1829996261886897,0.011865727019298885,-0.0001680707451373458,-0.0034934716524927067,-0.05210074605007278,0.0031952968689869595,0.008617838998828366,0.0,0.0,0.0,-0.1793359550795804,-0.5352329907068719,0.1833624809281355,0.018866781342026562,-0.00042399343385751275,-0.00561077104062402,-0.07955276938730638,0.004161479962679238,0.018413299926333337,0.0,0.0,0.0,0.6395698510368459,0.6078160067818852,2.4639864034905474,0.6407048665729114,0.6000866642060277,2.4645131703398073,0.005293288933682421,-0.0009986569925218654,-0.0022030179502042497,1.5582948667949088,2.307790312750476,1.7041724135868241,-1.3741002112855853,-0.7053679342406604,0.9896586789895387,0.021145804264070048,7.944867310633822e-05,-0.01482876920326803,0.08418807163919584,-0.00942665599112643,0.02644812335547183,-0.07239863288660671,0.21981314680574815,-0.3979200237270319,1.3368151377772008,0.24789064523969445,-0.5108507882367455,1.575065838549261,2.392126637804941,1.5180860496706106,-1.1614162295949166,-0.9236391599815941,1.0392371573601007,0.0,0.0,0.0,0.0,0.0,0.0,0.0,0.0,0.0,0.0,0.0,0.0,9.0,9.0,9.0,9.0,9.0,9.0,6.0,6.0,6.0,6.0,6.0,6.0,-0.057970120682706794,39.431125834073825,9.854956783384699,0.5741093197593159,-0.04357627302207967,4.5990942806550805e-05,0.3015749023321784
24.566666666667047,-0.17820106480134706,-0.5352167857239343,0.18289099127383557,0.010248445209847875,-1.5855443574128955e-05,-0.003370196104125355,-0.048480741424666476,0.004753183694536771,0.003527126263840879,0.0,0.0,0.0,-0.17877043770880466,-0.5352425716426522,0.1831868818909073,0.017319803156447332,-0.0003155783435889292,-0.005333010009084124,-0.07890296946292619,0.005695798780809724,0.014238473474823987,0.0,0.0,0.0,0.637993497959259,0.6133859224306202,2.462585362339062,0.6415539159693969,0.6043716181862799,2.4638753195346803,0.0069421083852405415,0.00043594911106306145,-0.0019243484565764557,1.5588807059416896,2.308136764817687,1.7030264620838997,-1.3691130058929466,-0.7053656564551953,0.9898765469017324,0.018765384356970637,0.006955524235254223,-0.02786195312624476,0.12780679839917253,-0.0030966629544087187,0.013173399362362856,-0.07141259721298235,0.20628226686443654,-0.39099551768930185,1.308561802799301,0.18989979110153135,-0.3982417197932692,1.575065838549261,2.392126637804941,1.5180860496706106,-1.1614162295949166,-0.9236391599815941,1.0392371573601007,0.0,0.0,0.0,0.0,0.0,0.0,0.0,0.0,0.0,0.0,0.0,0.0,9.0,9.0,9.0,9.0,9.0,9.0,6.0,6.0,6.0,6.0,6.0,6.0,-0.05926369490629191,39.410638844188384,9.853248010542107,0.5699424817769401,-0.04347127524166661,5.732482079179313e-05,0.05291819738715206
24.60000000000038,-0.17793162144506836,-0.5352070101445348,0.18277726984251302,0.008803864191596107,0.0001971781220206786,-0.003447300133760918,-0.04330729366052289,0.006703049622248193,-0.0024661827392550182,0.0,0.0,0.0,-0.17825444137427163,-0.5352469093033899,0.18301585662819586,0.015807681788028733,-0.00016369224902549972,-0.0051730730721522,-0.07619942191070406,0.007685773031147036,0.008441969818156814,0.0,0.0,0.0,0.6360687160831169,0.6199867007715937,2.460818357569301,0.6418900012161516,0.6093813830312305,2.4629496471762424,0.008769488697400988,0.0016799276666078966,-0.0017012987763529623,1.5593925779056763,2.3086198455664366,1.7015963470022923,-1.3631731840381147,-0.7052589514041708,0.9901588864408232,0.016492567398724844,0.011980123053403045,-0.03788961934089452,0.16139870322969363,0.0011018800356885237,0.010037923902602369,-0.06818450874737376,0.15073796454446467,-0.30082998643949294,1.0077571449156335,0.12595628970291728,-0.09406426379281463,1.575065838549261,2.392126637804941,1.5180860496706106,-1.1614162295949166,-0.9236391599815941,1.0392371573601007,0.0,0.0,0.0,0.0,0.0,0.0,0.0,0.0,0.0,0.0,0.0,0.0,9.0,9.0,9.0,9.0,9.0,9.0,6.0,6.0,6.0,6.0,6.0,6.0,-0.07158883876849997,39.337839432224726,9.864389544171214,0.5631225830259937,-0.04329262589510341,7.087161169705425e-05,0.045007651522763835
24.633333333333717,-0.1777005015228405,-0.5351888271145415,0.1826581891960759,0.007556029421877152,0.0004371069864800751,-0.003598452422003306,-0.03740658669207339,0.007667707574861383,-0.004674069041801454,0.0,0.0,0.0,-0.17778565040839095,-0.5352452275920567,0.18284794303757135,0.014361158061465429,1.4650815256997331e-05,-0.0050684886114650924,-0.07208639231588387,0.008844086846442778,0.0056908785260838535,0.0,0.0,0.0,0.6338622705689786,0.6273356337417433,2.458604943056439,0.6417701504212241,0.6150439136239227,2.4616886756380247,0.010653711517514458,0.0027756335383615103,-0.001432676514137303,1.5598298134141397,2.3092357880448673,1.6998775643364505,-1.3563281304203432,-0.7051847128992605,0.9903626013328355,0.01424223263550686,0.016312223919749125,-0.04700552643046908,0.1907006400986621,0.0018520634434364006,0.00742027247444753,-0.06751004289653954,0.12996302599038234,-0.2734772126872368,0.8790581060690541,0.02250550223243631,-0.07852954284464514,1.575065838549261,2.392126637804941,1.5180860496706106,-1.1614162295949166,-0.9236391599815941,1.0392371573601007,0.0,0.0,0.0,0.0,0.0,0.0,0.0,0.0,0.0,0.0,0.0,0.0,9.0,9.0,9.0,9.0,9.0,9.0,6.0,6.0,6.0,6.0,6.0,6.0,-0.07630021329612635,39.32057255028159,9.866841556500498,0.5558465413011969,-0.043154057024915815,6.0719733544045695e-05,0.08318718305540239
24.66666666666705,-0.17750393417541338,-0.5351577055506958,0.1825210232566973,0.0064491211638794,0.0007766823134543494,-0.004024960514192501,-0.03315106243160488,0.01084067450170301,-0.012775161549413671,0.0,0.0,0.0,-0.177362461217792,-0.5352350200428595,0.1826766671866406,0.012966350937874127,0.0002616444760449862,-0.005139506732586002,-0.06870285795746822,0.011998434950852399,-0.002747179709420955,0.0,0.0,0.0,0.6317212156981461,0.6356578819518172,2.4559823056103007,0.6413623174017452,0.6214633629789389,2.4600854724572465,0.0126115375288061,0.0035655600353161118,-0.0012076256275866774,1.5601958537236713,2.3098996827204457,1.6979981169068528,-1.3489564903911577,-0.7051778838739348,0.9909902089223526,0.01206821706913519,0.018715301484818175,-0.05325745740211407,0.21099968061659577,0.0007539349876619886,0.015025575948490914,-0.06522046699115007,0.07209232695207146,-0.18755792914934977,0.60897121553801,-0.03294385367323236,0.22815910422130148,1.575065838549261,2.392126637804941,1.5180860496706106,-1.1614162295949166,-0.9236391599815941,1.0392371573601007,0.0,0.0,0.0,0.0,0.0,0.0,0.0,0.0,0.0,0.0,0.0,0.0,9.0,9.0,9.0,9.0,9.0,9.0,6.0,6.0,6.0,6.0,6.0,6.0,-0.09114546686421754,39.25179284050583,9.877661877799852,0.5473649911655181,-0.042828059165403776,7.70226388630002e-05,0.09848902580291646
24.700000000000387,-0.17733936772254588,-0.5351131315904494,0.18235377472820152,0.005440521928046623,0.001163690631378253,-0.004794923064071975,-0.03014172295104916,0.012646922021306852,-0.02307564435716937,0.0,0.0,0.0,-0.17698361292607304,-0.5352150839248809,0.18249482295592723,0.011612307303900081,0.0005498342131831406,-0.005422847950429487,-0.06589942801832072,0.013811164877392201,-0.012830621125561326,0.0,0.0,0.0,0.6298154799656874,0.6450493891666984,2.452411867938454,0.6407905465421094,0.6287251749939957,2.457894510234593,0.014744916039401593,0.004014316857077964,-0.0007688519222606837,1.560453588488435,2.3106651560729556,1.6957578347972933,-1.340624242574566,-0.7056594558774848,0.9919430968435865,0.009177434318318514,0.02154790087846768,-0.06255812799189313,0.23697818320403147,-0.009380128408446962,0.02406628374084277,-0.08672348252450028,0.0849779818094851,-0.27902011769337154,0.7793550776230711,-0.3040219018832685,0.27122123377055574,1.575065838549261,2.392126637804941,1.5180860496706106,-1.1614162295949166,-0.9236391599815941,1.0392371573601007,0.0,0.0,0.0,0.0,0.0,0.0,0.0,0.0,0.0,0.0,0.0,0.0,9.0,9.0,9.0,9.0,9.0,9.0,6.0,6.0,6.0,6.0,6.0,6.0,-0.12031602823752152,39.26132106962383,9.84717556210868,0.5380060554173048,-0.04292500832052992,9.112199650518349e-05,0.32800912939127597
24.73333333333372,-0.17720103024399542,-0.535059204006956,0.18216234316781443,0.00458082748815524,0.0014860576770857692,-0.005564254132990198,-0.025610508201976964,0.011079369848277811,-0.02297045154411418,0.0,0.0,0.0,-0.1766463349055563,-0.53518623300538,0.1823018552015093,0.010336395777205564,0.0008230110534212954,-0.005751982072239191,-0.06136865161403193,0.012930669092629188,-0.014870383691400146,0.0,0.0,0.0,0.628178607866715,0.6550294876055371,2.447929524123753,0.6401226652993053,0.6366686030491469,2.45505004372372,0.01682972554494337,0.0042220919339642825,-9.284459130537784e-05,1.5606060863242863,2.3115274372561205,1.6931879909252654,-1.3315210430725433,-0.7067062013924403,0.99301725944605,0.00610910148979955,0.02442825728945284,-0.07224958677118776,0.261056717775135,-0.02406161976859282,0.029505346629551756,-0.0920499848555689,0.08641069232955481,-0.290743763378839,0.7223560371331069,-0.4404447408043758,0.16317188666126958,1.575065838549261,2.392126637804941,1.5180860496706106,-1.1614162295949166,-0.9236391599815941,1.0392371573601007,0.0,0.0,0.0,0.0,0.0,0.0,0.0,0.0,0.0,0.0,0.0,0.0,9.0,9.0,9.0,9.0,9.0,9.0,6.0,6.0,6.0,6.0,6.0,6.0,-0.1280857568740461,39.286247058563724,9.845691814878526,0.5281975760884248,-0.04266740547095971,6.974988697860951e-05,0.1418694892317008
24.766666666667057,-0.17708489681357018,-0.5349949278018998,0.18193378178605785,0.003853284300224723,0.0018076832489826245,-0.006584214499505478,-0.02148250367109062,0.011460189040742898,-0.03022219105983781,0.0,0.0,0.0,-0.1763480449111015,-0.535147752247603,0.18209051083968905,0.009139254894622084,0.0011123540090871538,-0.006275299977921166,-0.05687780772874351,0.013547639658710864,-0.02394982664623546,0.0,0.0,0.0,0.6275987988612389,0.6654473631880194,2.442335029414434,0.6397396604016204,0.6452054000726765,2.451413811440895,0.018754983530440254,0.00391192444057878,0.0008969509876706454,1.5606198773696462,2.312372746723807,1.690429380210922,-1.3223350903679527,-0.7087260757325864,0.9948169664441323,0.002312188070465575,0.02504894178355105,-0.07925540987726365,0.27073796001685546,-0.04841802672578611,0.04582925550482869,-0.11390740258001926,0.018620534822946327,-0.210174693182277,0.29043726725161423,-0.7306922087157987,0.4897172662583081,1.575065838549261,2.392126637804941,1.5180860496706106,-1.1614162295949166,-0.9236391599815941,1.0392371573601007,0.0,0.0,0.0,0.0,0.0,0.0,0.0,0.0,0.0,0.0,0.0,0.0,9.0,9.0,9.0,9.0,9.0,9.0,6.0,6.0,6.0,6.0,6.0,6.0,-0.187060994432092,39.19266447160379,9.844716379854225,0.5144602804836005,-0.04267069179937333,6.969062125961045e-05,0.18647084101014488
24.80000000000039,-0.17698815239894405,-0.5349215816796943,0.18166397453038713,0.0032290444938998684,0.00209838627535736,-0.007744454605811239,-0.01807434760936011,0.010827170913269587,-0.033975849406350796,0.0,0.0,0.0,-0.17608639858181818,-0.5350995537239157,0.18185571275797324,0.008014791505105518,0.00140628030295149,-0.006958528893952116,-0.05274532057935266,0.013609203888950816,-0.03129377361165586,0.0,0.0,0.0,0.6288043489876866,0.6760526427330689,2.435807828938558,0.6400882043957056,0.6542026084574578,2.446993008923595,0.020318975249693786,0.002907860251095148,0.0020922231534421954,1.5604866449543737,2.313038726473159,1.687777546511605,-1.3141270125985298,-0.7118473555171418,0.998056616796179,-0.0018939189486302747,0.021669242248219436,-0.07945514394543339,0.25440754206074545,-0.07856493793303747,0.08006942554254257,-0.1261832105728755,-0.10139098605994837,-0.0059920220450923375,-0.4899125386833005,-0.9044073362175409,1.027205101131416,1.575065838549261,2.392126637804941,1.5180860496706106,-1.1614162295949166,-0.9236391599815941,1.0392371573601007,0.0,0.0,0.0,0.0,0.0,0.0,0.0,0.0,0.0,0.0,0.0,0.0,9.0,9.0,9.0,9.0,9.0,9.0,6.0,6.0,6.0,6.0,6.0,6.0,-0.24901466759708102,39.03906193998164,9.871595886627187,0.5003381063090434,-0.04238875880104209,7.003822557227757e-05,0.18165081429567442
24.833333333333727,-0.1769089503909779,-0.534843080676528,0.18134714306677333,0.0026793200050719847,0.0022986745763901835,-0.009076589164550003,-0.015464963357785314,0.008520571958244485,-0.03909599366896137,0.0,0.0,0.0,-0.17585927237174603,-0.535043046166008,0.18159264424975435,0.006956357450042886,0.00166438616563529,-0.007789802588627205,-0.04899195473175322,0.011750617159039578,-0.03799117297595478,0.0,0.0,0.0,0.6313999556478971,0.6868342596486164,2.4281566679818787,0.6411802038275494,0.6636130406601888,2.4416783256034926,0.021673572627477426,0.0014927450775578154,0.0035602627887717803,1.560206756467954,2.3136201167482184,1.68501934285077,-1.306225948152215,-0.7160889754797418,1.002224862008917,-0.006229076044603085,0.018850886250596454,-0.0816491211985121,0.24282380294654327,-0.11102071189634453,0.11005471276893933,-0.13005471287918433,-0.0845506799286895,-0.06581931759236136,-0.347512173426066,-0.9736732188992121,0.8995586167919027,1.575065838549261,2.392126637804941,1.5180860496706106,-1.1614162295949166,-0.9236391599815941,1.0392371573601007,0.0,0.0,0.0,0.0,0.0,0.0,0.0,0.0,0.0,0.0,0.0,0.0,9.0,9.0,9.0,9.0,9.0,9.0,6.0,6.0,6.0,6.0,6.0,6.0,-0.24848526962703232,39.084918622564764,9.866762934723415,0.49199414610754993,-0.0419022169949681,6.279985021906409e-05,0.24171686004418003
24.86666666666706,-0.17684504302357243,-0.5347637294022554,0.180995773956245,0.0021987623531925767,0.0023783189369385406,-0.010206497821773871,-0.013069795507768604,0.005171230454672989,-0.03291737899250467,0.0,0.0,0.0,-0.17566425524404508,-0.5349802129865814,0.18130362244734388,0.005970364109041515,0.0018658330425377718,-0.008582923088789732,-0.044990501652406145,0.008925649331043672,-0.03575588728705181,0.0,0.0,0.0,0.6350753506348933,0.6975029731944835,2.419894672525197,0.6429671816123478,0.6732830064286688,2.4356393712692985,0.022670969497782738,-0.00011604544142381022,0.005049691699051019,1.5598242217095262,2.314090287216126,1.682298835770423,-1.2989044066165218,-0.7210419861578193,1.0071492065410872,-0.009727053850091892,0.015687038108356224,-0.08162651533977808,0.2273720983627125,-0.13606711752699727,0.13517179489971798,-0.10493933416466422,-0.09491544426720688,0.0006781757620207731,-0.4635511375149236,-0.751392168919582,0.7535124639233598,1.575065838549261,2.392126637804941,1.5180860496706106,-1.1614162295949166,-0.9236391599815941,1.0392371573601007,0.0,0.0,0.0,0.0,0.0,0.0,0.0,0.0,0.0,0.0,0.0,0.0,9.0,9.0,9.0,9.0,9.0,9.0,6.0,6.0,6.0,6.0,6.0,6.0,-0.21067490055629445,39.13313585775402,9.908649989379713,0.4861468556987788,-0.04079786634878868,3.833156313615138e-05,0.13515466096526862
24.900000000000396,-0.17679899519783107,-0.5346861820723648,0.18059434372438155,0.0016902160568330951,0.0023628299339222766,-0.011577349808543505,-0.013478461677162245,0.0026119162682457482,-0.04015751233698954,0.0,0.0,0.0,-0.17550095467560217,-0.5349128700210616,0.18098118089788975,0.005005555408115371,0.0020118792878870526,-0.009563150978927053,-0.04348682896761069,0.006196743444998987,-0.04427457444718419,0.0,0.0,0.0,0.639844678807531,0.7080687429133313,2.4110449200646316,0.6454965758731203,0.6831591068339103,2.4289098180513444,0.023360484781376124,-0.001910330903291113,0.006550910283502978,1.5593354214959454,2.314419830901901,1.6796173109969006,-1.292157121606779,-0.7266836116034554,1.0128631920179227,-0.013018355554978617,0.011819886418281182,-0.08083933391703965,0.21073639964909188,-0.1581882147550556,0.15933697450328105,-0.09873905114660178,-0.11601455070225125,0.023615442682152835,-0.49907096140861845,-0.66363291684175,0.7249553881068923,1.575065838549261,2.392126637804941,1.5180860496706106,-1.1614162295949166,-0.9236391599815941,1.0392371573601007,0.0,0.0,0.0,0.0,0.0,0.0,0.0,0.0,0.0,0.0,0.0,0.0,9.0,9.0,9.0,9.0,9.0,9.0,6.0,6.0,6.0,6.0,6.0,6.0,-0.20658994780238293,39.13147747523944,9.926362512906758,0.4794546425699963,-0.03996611840334596,3.153541251421643e-05,0.11192996749838637
24.93333333333373,-0.1767780336251925,-0.5346133321713157,0.18013494366018218,0.0010263689519986862,0.0022548628928646536,-0.013175633087760152,-0.017613529326266787,4.5543478632502875e-05,-0.04701765485768391,0.0,0.0,0.0,-0.175371403613252,-0.5348429705767986,0.1806187304219169,0.0039916121791192015,0.002099177999241684,-0.010741201226367823,-0.04535716845528803,0.003342886033887993,-0.0532096865348195,0.0,0.0,0.0,0.6457217512518172,0.7182442085223351,2.4019381852169244,0.6488282290922668,0.6930762091722534,2.421638853940812,0.023607345874483217,-0.003827864470107613,0.007954708535043518,1.5587449410337209,2.3145279738944162,1.6771189232987926,-1.2863701183876655,-0.7328257683384806,1.019402050986744,-0.01614906109614839,0.00610282198973012,-0.0769141986011754,0.18598553093196618,-0.17557253961885644,0.18388950421085581,-0.09392116623509315,-0.17151193285653185,0.11775405947592736,-0.7425260615137712,-0.5215297459140249,0.7365758912272429,1.575065838549261,2.392126637804941,1.5180860496706106,-1.1614162295949166,-0.9236391599815941,1.0392371573601007,0.0,0.0,0.0,0.0,0.0,0.0,0.0,0.0,0.0,0.0,0.0,0.0,9.0,9.0,9.0,9.0,9.0,9.0,6.0,6.0,6.0,6.0,6.0,6.0,-0.21763857824000432,39.08007935348941,9.958453187294275,0.4730473097375831,-0.03902830665143031,1.327045812848926e-05,0.05825747768741017
24.966666666667066,-0.1767822407532771,-0.5345449247354722,0.17963251803843375,0.0003054718178431455,0.0021219267556565613,-0.014548876074437944,-0.01886348390013211,-0.0005995681138932698,-0.04043450672139854,0.0,0.0,0.0,-0.1752753513793652,-0.5347713877066463,0.18021943119639228,0.002977128414149978,0.0021551746511919907,-0.011866609142658706,-0.04490243962092144,0.0018301052348448366,-0.05013007693972771,0.0,0.0,0.0,0.6523353533258143,0.7280239491026904,2.392858008381826,0.6528578511073319,0.702962247754859,2.413993575171729,0.02347071945609359,-0.005692564742049612,0.009138267484490134,1.558083716541749,2.314445415257235,1.6748274850998845,-1.2814424384862706,-0.739157800401531,1.0265368320886126,-0.018607510204818233,0.0003831012529471253,-0.07146683017855163,0.16054877500521764,-0.18516482113396177,0.2039921234409881,-0.0737534732600953,-0.17159162210348985,0.16342105267871354,-0.7631026778024567,-0.2877684454531598,0.6030785769039683,1.575065838549261,2.392126637804941,1.5180860496706106,-1.1614162295949166,-0.9236391599815941,1.0392371573601007,0.0,0.0,0.0,0.0,0.0,0.0,0.0,0.0,0.0,0.0,0.0,0.0,9.0,9.0,9.0,9.0,9.0,9.0,6.0,6.0,6.0,6.0,6.0,6.0,-0.1851420555544525,39.133009783455094,10.004356425917054,0.4706434703766718,-0.03803098317213882,-5.734109435051593e-07,0.08543399185619119
25.0000000000004,-0.17682862763162543,-0.534476103288182,0.17906941714011404,-0.0007772625172488262,0.0020794921342291595,-0.016199227601704776,-0.02918141116846306,0.0021800468157255164,-0.04901753050353344,0.0,0.0,0.0,-0.17521962026147175,-0.534696839403543,0.17977495724585982,0.0017864888894165462,0.0022396583442211974,-0.013199109040971732,-0.0528194052433566,0.0031808060968039342,-0.05945802600100736,0.0,0.0,0.0,0.6596152609223511,0.7374218595104306,2.3839458480786897,0.6575585662435229,0.7127705946676323,2.4060966567919664,0.022987751687272358,-0.0074863708637716185,0.010067259924092938,1.5573350187444315,2.3141213975093304,1.6727891843973517,-1.27740655541691,-0.7455313792978074,1.0342837927404136,-0.021176459347955524,-0.006352654540438011,-0.06458829077683907,0.13423391972228352,-0.18919318497018262,0.2229365875163491,-0.07706847429411874,-0.2020726738015541,0.20635618205137668,-0.7894456584880237,-0.12085091508662518,0.5683339222608297,1.575065838549261,2.392126637804941,1.5180860496706106,-1.1614162295949166,-0.9236391599815941,1.0392371573601007,0.0,0.0,0.0,0.0,0.0,0.0,0.0,0.0,0.0,0.0,0.0,0.0,9.0,9.0,9.0,9.0,9.0,9.0,6.0,6.0,6.0,6.0,6.0,6.0,-0.20289808522229658,39.10604650593195,10.035048492318573,0.4680640564009234,-0.0371713188177174,-5.940298336559735e-06,0.08535860254130187
25.033333333333736,-0.1769355326056171,-0.5343990918029731,0.17843775829690536,-0.002350049195614594,0.0022254539020329124,-0.018099804433414423,-0.043262860360871166,0.007886128800797691,-0.05690585228760767,0.0,0.0,0.0,-0.17521357563660495,-0.5346160999780425,0.17927860833001175,0.00032793521396686344,0.002411736839479207,-0.014735184132427439,-0.0650179869317844,0.007328163702917223,-0.06851844360598358,0.0,0.0,0.0,0.667494751093188,0.746648804239767,2.3753302543506827,0.6629094497876655,0.7225498241633583,2.3980636295836386,0.022259966823119707,-0.0092161262271898,0.010670395640335267,1.5564836606832715,2.313524247994716,1.6710525583554827,-1.2742748303705966,-0.7517630466266302,1.0427690695203464,-0.024085981005852016,-0.014060541805770696,-0.056261951096327215,0.10737914083369951,-0.18769774156651586,0.24401773143743988,-0.0872856497368948,-0.23123661795998057,0.2497901904153558,-0.80564336665752,0.044863302110002445,0.6324343176327232,1.575065838549261,2.392126637804941,1.5180860496706106,-1.1614162295949166,-0.9236391599815941,1.0392371573601007,0.0,0.0,0.0,0.0,0.0,0.0,0.0,0.0,0.0,0.0,0.0,0.0,9.0,9.0,9.0,9.0,9.0,9.0,6.0,6.0,6.0,6.0,6.0,6.0,-0.23339110812846853,39.07425233539652,10.069105251028656,0.466944641103592,-0.036389455612052535,2.749595095274948e-06,0.11793640752534293
25.06666666666707,-0.17712346209551666,-0.5343052532773914,0.17772973864072142,-0.004498270794686184,0.002610123091793282,-0.0202409565085626,-0.05979392098701078,0.015111983164644814,-0.0646511359857197,0.0,0.0,0.0,-0.17526893004934327,-0.5345247723214296,0.1787235022447791,-0.0014727486029595404,0.002710436535353823,-0.01647896131983398,-0.0806142715260556,0.013283704932845808,-0.07768026022076846,0.0,0.0,0.0,0.6759478775394537,0.7558783862674832,2.3671034580244967,0.668904276825339,0.7323628533048202,2.3899955884646054,0.021358939844204824,-0.01089469769220483,0.010914140571432838,1.5555063730939611,2.312621614348018,1.6696629483553986,-1.2720762521743694,-0.757711981680549,1.0521198888512093,-0.027574412121489464,-0.022739520202557546,-0.046546183700456725,0.07976461086910999,-0.18154461493388063,0.2683556304297371,-0.10465293346912344,-0.2603693519036055,0.2914730218761146,-0.8284358989376858,0.1845937989790565,0.7301369697689157,1.575065838549261,2.392126637804941,1.5180860496706106,-1.1614162295949166,-0.9236391599815941,1.0392371573601007,0.0,0.0,0.0,0.0,0.0,0.0,0.0,0.0,0.0,0.0,0.0,0.0,9.0,9.0,9.0,9.0,9.0,9.0,6.0,6.0,6.0,6.0,6.0,6.0,-0.27688969093787463,39.03164180824397,10.10325718015608,0.46680589752041,-0.03573802675101767,1.4829138809568931e-05,0.11861062260254213
25.100000000000406,-0.17738202752696725,-0.5341963294904768,0.17696696816325785,-0.006631559113771956,0.0030419318391778066,-0.022033959857869576,-0.05869267515172899,0.016530773205135713,-0.05478413864823476,0.0,0.0,0.0,-0.1753854122301192,-0.5344222276180477,0.17811517189730192,-0.003316726842564258,0.0030441095021311315,-0.018110094934860262,-0.08181913038683142,0.014808864860041737,-0.07150434535779349,0.0,0.0,0.0,0.6847772323420024,0.7650646789537915,2.359338312744608,0.6754625144578408,0.7421929899157752,2.3819844394503953,0.020301150286290932,-0.012427900571170127,0.010829475231285704,1.5544313600733692,2.311469020474809,1.6685955426788905,-1.2706982940649534,-0.763300254125529,1.0621304059457262,-0.03069173111900328,-0.030631717531691284,-0.036863508096983674,0.054147365811354084,-0.1722803205442286,0.2896622187002476,-0.09351956992541452,-0.23676591987401213,0.2904802681041914,-0.7685173517326771,0.27792883168956095,0.6391976481153152,1.575065838549261,2.392126637804941,1.5180860496706106,-1.1614162295949166,-0.9236391599815941,1.0392371573601007,0.0,0.0,0.0,0.0,0.0,0.0,0.0,0.0,0.0,0.0,0.0,0.0,9.0,9.0,9.0,9.0,9.0,9.0,6.0,6.0,6.0,6.0,6.0,6.0,-0.2512839081425815,39.084356903358206,10.142661645499153,0.4682489606606935,-0.035376829295016954,1.194810683091685e-05,0.0591425198861938
25.13333333333374,-0.177744221510311,-0.5340592659695299,0.1761253826209973,-0.00942124799476692,0.003755268811468355,-0.0241937351090731,-0.07755627828221062,0.025172050216049204,-0.06653450388623162,0.0,0.0,0.0,-0.17557876423718421,-0.5343022987001703,0.17744287942507447,-0.005573544303542344,0.003542294875510328,-0.020001640285758394,-0.10061158957757899,0.02248276587171283,-0.08316999087794885,0.0,0.0,0.0,0.6940026562985909,0.7745718951848727,2.352155243513609,0.6825742252766532,0.7521851566146698,2.374140866475517,0.01920306154918003,-0.013894624152821264,0.010320597866498787,1.5532198242382935,2.309991897959961,1.6679277491727305,-1.270209852723967,-0.7683175384391325,1.0731174378966695,-0.03446129374118169,-0.03975302280752313,-0.025643706155529244,0.02781794875684832,-0.15777245978681267,0.31629471191894537,-0.11308687866535229,-0.2736391582749554,0.33659405824363287,-0.789882511635173,0.4352358227224776,0.7989747965609331,1.575065838549261,2.392126637804941,1.5180860496706106,-1.1614162295949166,-0.9236391599815941,1.0392371573601007,0.0,0.0,0.0,0.0,0.0,0.0,0.0,0.0,0.0,0.0,0.0,0.0,9.0,9.0,9.0,9.0,9.0,9.0,6.0,6.0,6.0,6.0,6.0,6.0,-0.301033182178831,39.00930110247412,10.176544200644239,0.470198277935029,-0.03481248833286554,3.1802054922702716e-05,0.12888908354451473
25.166666666667076,-0.1782305799327047,-0.5338869682382248,0.17519197018089264,-0.012840303196929224,0.00470853223882706,-0.02673887476122148,-0.0953303644457242,0.032789605696283954,-0.07908717287310969,0.0,0.0,0.0,-0.1758632421290693,-0.5341597313955574,0.17669695281207698,-0.008259538881523004,0.004200575735358906,-0.022181363539819192,-0.11997541777671383,0.029858420198641156,-0.09603294851512434,0.0,0.0,0.0,0.7037096102385318,0.7846109480393784,2.345579647524998,0.6902682790732003,0.7624635085064279,2.36653976706936,0.01811655646295915,-0.015358243759334683,0.009395322617533482,1.55184146999874,2.3081469274894326,1.6677002749983818,-1.2706837113565332,-0.7726952449925935,1.0853115725182714,-0.03905418270480057,-0.050150417013082135,-0.013097385538815665,-0.0002045230657107787,-0.14014495099815694,0.34931426307168534,-0.13778666890856642,-0.3119218261667702,0.3763896185014074,-0.840674154676773,0.5288252636596724,0.9905865345821989,1.575065838549261,2.392126637804941,1.5180860496706106,-1.1614162295949166,-0.9236391599815941,1.0392371573601007,0.0,0.0,0.0,0.0,0.0,0.0,0.0,0.0,0.0,0.0,0.0,0.0,9.0,9.0,9.0,9.0,9.0,9.0,6.0,6.0,6.0,6.0,6.0,6.0,-0.35934846509690876,38.915066305521435,10.204816314881267,0.4723122874481623,-0.034462852215841666,5.203272659204394e-05,0.14005318690663396
25.20000000000041,-0.17881426454860255,-0.5336884626723317,0.17419500230549873,-0.01593161090748074,0.005562416476212459,-0.02885198011987446,-0.08446123142746909,0.030283202834943866,-0.06710616540502361,0.0,0.0,0.0,-0.17623338706214423,-0.5339958203580251,0.1758848038762163,-0.010867428181743558,0.004848975618241203,-0.024211728395092863,-0.11499181488270738,0.029063096446046544,-0.08794033667467804,0.0,0.0,0.0,0.7137048150755778,0.795094017115833,2.339627140887106,0.6984643825728983,0.7730334277651536,2.3592444342828993,0.017030672264656578,-0.016710920910090736,0.008133371128597047,1.5503472352645329,2.306017602877508,1.6678519577793567,-1.2719712981507263,-0.7764342807720077,1.0984543265518012,-0.042902755585743205,-0.05930329790952099,-0.0013321395601099111,-0.025819910239097913,-0.12149569925433672,0.3792931683611587,-0.11545718642827894,-0.2745864268931656,0.3529573793611726,-0.768461615201614,0.5594775523146066,0.8993671586842,1.575065838549261,2.392126637804941,1.5180860496706106,-1.1614162295949166,-0.9236391599815941,1.0392371573601007,0.0,0.0,0.0,0.0,0.0,0.0,0.0,0.0,0.0,0.0,0.0,0.0,9.0,9.0,9.0,9.0,9.0,9.0,6.0,6.0,6.0,6.0,6.0,6.0,-0.306721089397346,38.95980012860427,10.23860825485234,0.4760857575797289,-0.034503609572867466,4.943227385201254e-05,0.042856731125834435
25.233333333333746,-0.17952738306847554,-0.5334517701268142,0.1730983452906941,-0.01955562298109696,0.006629148756300615,-0.03154706182695753,-0.09902510020075941,0.03767499504972552,-0.08577573441893818,0.0,0.0,0.0,-0.17670416268374853,-0.5338046324168058,0.17499076469442085,-0.013849823665136013,0.005649091580011078,-0.02662440359709281,-0.1316303815517439,0.03597332078247106,-0.10526303485871846,0.0,0.0,0.0,0.7240196024746166,0.8064436779693033,2.3344593840764376,0.7071530056315145,0.7840922994097291,2.3523757383081985,0.016045535173903593,-0.018044763823562574,0.006404760239093221,1.5487041728801414,2.303499081492441,1.6684810812504915,-1.2741872031994317,-0.7792870547835806,1.112945950268348,-0.04716216621640993,-0.07013819367117365,0.012138422902661318,-0.05292473772047187,-0.0975540466495706,0.41626353045132203,-0.1277823189200018,-0.3250468728495797,0.4041168738831369,-0.8131448244412187,0.7182495781429834,1.1091108627049004,1.575065838549261,2.392126637804941,1.5180860496706106,-1.1614162295949166,-0.9236391599815941,1.0392371573601007,0.0,0.0,0.0,0.0,0.0,0.0,0.0,0.0,0.0,0.0,0.0,0.0,9.0,9.0,9.0,9.0,9.0,9.0,6.0,6.0,6.0,6.0,6.0,6.0,-0.34576115009929165,38.8266393229429,10.266766856274401,0.4804022174770276,-0.034153766655702134,7.275964652453393e-05,0.1831156080830799
25.26666666666708,-0.18037621807174437,-0.533169920407723,0.1718824077350355,-0.023481121545078653,0.007912032008688305,-0.03483282022468627,-0.10613042431016537,0.045785324003817074,-0.10493606395790571,0.0,0.0,0.0,-0.17728365660458628,-0.5335803985411278,0.17400089381110556,-0.017096093389478456,0.006620629614797069,-0.029453591947032745,-0.14283080773893575,0.04374538602880307,-0.12402500633399116,0.0,0.0,0.0,0.7347150162472543,0.8189899489847249,2.330177788966756,0.7163483219037877,0.7958481500205263,2.3460428247792766,0.015214826366469043,-0.01942839905069595,0.00416209579772479,1.5469151796046738,2.3005209592979763,1.6696676898025569,-1.2774535958369315,-0.7811206164569836,1.1291126856332478,-0.05150058758149046,-0.082941841779696,0.02777831200886148,-0.08296943199015093,-0.06918924901791589,0.46208921744843745,-0.13015264095241583,-0.3841094432556706,0.4691966731860048,-0.9013408280903719,0.8509439289496413,1.3747706099134624,1.575065838549261,2.392126637804941,1.5180860496706106,-1.1614162295949166,-0.9236391599815941,1.0392371573601007,0.0,0.0,0.0,0.0,0.0,0.0,0.0,0.0,0.0,0.0,0.0,0.0,9.0,9.0,9.0,9.0,9.0,9.0,6.0,6.0,6.0,6.0,6.0,6.0,-0.36877542273497843,38.67005579750391,10.295693147228524,0.4854833471622631,-0.03399047189573978,0.0001001026748942424,0.24306841871666363
25.300000000000416,-0.18135736760844176,-0.532839516283014,0.17052960144104287,-0.027436354648303733,0.009340646283010689,-0.038673669459636247,-0.10450739268384296,0.05250015119597755,-0.12319076271031769,0.0,0.0,0.0,-0.1779747787065935,-0.5333182346613308,0.1729011619812678,-0.02045591818380464,0.007743592677338624,-0.03270652533804724,-0.14677274721079225,0.05048133973966884,-0.14292956540142754,0.0,0.0,0.0,0.7457890367181859,0.8330001349925709,2.3268712367539486,0.7260452343295282,0.8085015145483143,2.340350303426659,0.014571982773903275,-0.02088418170632895,0.00138617469009854,1.544998607081994,2.297029134380808,1.671467273991234,-1.2818381633653693,-0.7818241990207204,1.1471814930639814,-0.05549831298075958,-0.09748377893660011,0.04525112110983121,-0.11534782789880721,-0.0371347342807068,0.5154058877641496,-0.11993176197807362,-0.4362581147071233,0.524184273029092,-0.9713518772596884,0.9616354421162725,1.599500109471366,1.575065838549261,2.392126637804941,1.5180860496706106,-1.1614162295949166,-0.9236391599815941,1.0392371573601007,0.0,0.0,0.0,0.0,0.0,0.0,0.0,0.0,0.0,0.0,0.0,0.0,9.0,9.0,9.0,9.0,9.0,9.0,6.0,6.0,6.0,6.0,6.0,6.0,-0.3656274682646732,38.512509634118906,10.32264610959942,0.49158402561817854,-0.034013546435852415,0.00012374542807169764,0.24922511625463606
25.33333333333375,-0.1824277628144888,-0.5324774332719273,0.16908392375260395,-0.030537777762699544,0.010476707318974803,-0.04182446489542413,-0.07668458243166257,0.04590017099678657,-0.10377147733300465,0.0,0.0,0.0,-0.17876162943093782,-0.5330216509376285,0.17170341585266358,-0.023420786139363898,0.008797998331639911,-0.0357153262538683,-0.12650019522406675,0.04667901316258316,-0.12985438899590696,0.0,0.0,0.0,0.7570028481009198,0.8480140040894754,2.324387114323666,0.7361272632869792,0.8219517910357763,2.335295892418717,0.013996165603728466,-0.022222255950742214,-0.0016415313163905864,1.543011002296295,2.2931738215959094,1.6737277169430558,-1.2870862086525452,-0.7816225640828511,1.16655993101197,-0.058251533374233694,-0.10960084867683952,0.060292566073047386,-0.14341018170978714,-0.008345546002850365,0.5593707215478229,-0.08259661180422355,-0.3635120922071821,0.4512433488964852,-0.8418706143293984,0.8636756483356931,1.3189450135101959,1.575065838549261,2.392126637804941,1.5180860496706106,-1.1614162295949166,-0.9236391599815941,1.0392371573601007,0.0,0.0,0.0,0.0,0.0,0.0,0.0,0.0,0.0,0.0,0.0,0.0,9.0,9.0,9.0,9.0,9.0,9.0,6.0,6.0,6.0,6.0,6.0,6.0,-0.2714118607858351,38.56252414858036,10.348907893633122,0.499065023639471,-0.034812603578536994,9.988982182129735e-05,0.07337871907762872
25.366666666667086,-0.18359402664829597,-0.5320709889637711,0.1675013951076593,-0.03348399717114293,0.011774630979581441,-0.04563030635806922,-0.06916501688745352,0.05363513857368639,-0.1248102497959565,0.0,0.0,0.0,-0.17964436039199136,-0.5326844610898224,0.17038896990834618,-0.026330243242591433,0.010001850775980158,-0.03917013383111048,-0.122655639990084,0.05330642834893773,-0.14980404361167077,0.0,0.0,0.0,0.768555440626827,0.8644480038416877,2.322752600100812,0.7466412905642381,0.8363931732196154,2.330925254117751,0.01357244063905003,-0.023616541354089336,-0.005003510763714485,1.5409449808668438,2.288823447757368,1.6765569845085004,-1.2933829234029162,-0.7804599559102567,1.1877488432060728,-0.06073760638043289,-0.1235410929964436,0.07668287333324325,-0.17373768891068173,0.020470314784271363,0.6102351510646599,-0.07458219018597602,-0.4182073295881227,0.49170921780587573,-0.9098252160268373,0.8644758236136518,1.5259328855051104,1.575065838549261,2.392126637804941,1.5180860496706106,-1.1614162295949166,-0.9236391599815941,1.0392371573601007,0.0,0.0,0.0,0.0,0.0,0.0,0.0,0.0,0.0,0.0,0.0,0.0,9.0,9.0,9.0,9.0,9.0,9.0,6.0,6.0,6.0,6.0,6.0,6.0,-0.2716349656160264,38.362575963421016,10.366672609337364,0.5065151171224516,-0.035314602555292174,0.00011927884103057895,0.3411652315354065
25.40000000000042,-0.18484384995447115,-0.5316188196364642,0.16577471999490492,-0.03612966896833368,0.013158941957242168,-0.04981139714401929,-0.05655806348864178,0.059556100089194874,-0.1376937394821959,0.0,0.0,0.0,-0.1806171053599088,-0.5323028485082811,0.1689481908985736,-0.029079192936458206,0.011326226322668635,-0.042939309074579164,-0.11388028778740678,0.058488571229315056,-0.16327844788465473,0.0,0.0,0.0,0.7807268958361864,0.8824384405304012,2.3219999494054147,0.7577045855839569,0.8519619557217278,2.3272888036088344,0.013251659298525313,-0.02518516471726419,-0.008687844847248853,1.538814630985601,2.283905485635285,1.6800655387118302,-1.301097021146937,-0.7784097607506387,1.2111496228165244,-0.06285286641833479,-0.1395396067738,0.09573204184434285,-0.21219451785064464,0.047827341453783506,0.6714273092305847,-0.06345780113705714,-0.4799554133206921,0.5714750553329879,-1.1537048681988868,0.8207108000853642,1.8357647449777432,1.575065838549261,2.392126637804941,1.5180860496706106,-1.1614162295949166,-0.9236391599815941,1.0392371573601007,0.0,0.0,0.0,0.0,0.0,0.0,0.0,0.0,0.0,0.0,0.0,0.0,9.0,9.0,9.0,9.0,9.0,9.0,6.0,6.0,6.0,6.0,6.0,6.0,-0.269519042464369,38.146103374123044,10.394804449297611,0.5143412839182656,-0.036064443949187064,0.00013866985718746783,0.4833198381736865
25.433333333333756,-0.18613927662843532,-0.5311417475273968,0.16396395677276182,-0.03791635638472165,0.014148103345941722,-0.05291630442902934,-0.028065637123661467,0.05025327832921339,-0.10637163128401872,0.0,0.0,0.0,-0.1816612427989503,-0.5318825406957741,0.16740101462087012,-0.03132240678987754,0.012520106703738052,-0.04623893579719586,-0.08880477074979343,0.051675765551149055,-0.1393205817805443,0.0,0.0,0.0,0.7930173529957223,0.9013446876554946,2.32192385837926,0.7691184265651319,0.8684645765670178,2.3243363784053934,0.012925945442876627,-0.026582695352413137,-0.012367081841819175,1.536667236217156,2.2786553678743373,1.6839995190266837,-1.309711034425273,-0.775691529082314,1.2358012361892285,-0.06389885084167714,-0.15151555747689066,0.11059028691185467,-0.24301177151693557,0.07030708051775775,0.7168413705309443,-0.03137953270027033,-0.3592785210927196,0.4457473520253548,-0.9245176099887277,0.6743921719192274,1.3624218390107885,1.575065838549261,2.392126637804941,1.5180860496706106,-1.1614162295949166,-0.9236391599815941,1.0392371573601007,0.0,0.0,0.0,0.0,0.0,0.0,0.0,0.0,0.0,0.0,0.0,0.0,9.0,9.0,9.0,9.0,9.0,9.0,6.0,6.0,6.0,6.0,6.0,6.0,-0.17005096934350572,38.23043563181394,10.422688234959491,0.5261128823254949,-0.03733558165396844,9.749149762361409e-05,0.14082698934549542
25.46666666666709,-0.18747368460171884,-0.5306331667753177,0.16205162177158705,-0.03928368395496842,0.015139360901198027,-0.05601416483339842,-0.012566595873349708,0.05297748326022085,-0.10705084100784862,0.0,0.0,0.0,-0.18276839496335084,-0.5314212595929797,0.16574314014157382,-0.03327359185697172,0.01375320383809834,-0.04957927717891865,-0.07421686089777513,0.05303179750248077,-0.13996074755635535,0.0,0.0,0.0,0.8056386844383776,0.9213940884164556,2.322379340120219,0.7809202557135658,0.8859843223891619,2.322011826156004,0.012663755668636686,-0.027975325309273796,-0.016030458502166098,1.5344990917179384,2.273025091108093,1.6883830709133028,-1.3193067841062505,-0.7724429075802396,1.262003557003697,-0.06466250693157768,-0.16311072115051295,0.1245344667030006,-0.27291891745852803,0.08840812354740891,0.7629935397996784,-0.022909682697016435,-0.3478549102086688,0.41832539373437777,-0.8972143782477737,0.5430312908895352,1.3845650780620238,1.575065838549261,2.392126637804941,1.5180860496706106,-1.1614162295949166,-0.9236391599815941,1.0392371573601007,0.0,0.0,0.0,0.0,0.0,0.0,0.0,0.0,0.0,0.0,0.0,0.0,9.0,9.0,9.0,9.0,9.0,9.0,6.0,6.0,6.0,6.0,6.0,6.0,-0.14845656512195138,38.09898047498624,10.44176776833719,0.5374343934888169,-0.038550011070591195,0.00010081886259449835,0.35394090380820353
25.500000000000426,-0.188828336163955,-0.5301066716728734,0.16006413646243625,-0.04013832071079352,0.015851863133549405,-0.05856898238567564,0.0049006648471125805,0.04657040149417968,-0.09102025253105629,0.0,0.0,0.0,-0.18392595120801575,-0.5309236626222044,0.16398458326170376,-0.03485517259687009,0.014871443713870188,-0.05266604450563951,-0.056124945730612996,0.04705052278288946,-0.12661602483383216,0.0,0.0,0.0,0.818191631748152,0.9420831240674875,2.323083867309241,0.7929229087635582,0.9043449761377059,2.3201879561601273,0.012414988525096963,-0.029115425672209184,-0.01939994773187243,1.5323213445369126,2.267189015564003,1.6929554977612638,-1.3292854402193182,-0.768887011882607,1.2889266159319903,-0.06510911259770681,-0.17109175126530418,0.13296002586022332,-0.29054609474753007,0.1005872884684541,0.7927923584990932,-0.013398169983873946,-0.23943090344373733,0.25276677471668174,-0.5288153186700612,0.3653749476313558,0.8939645609824427,1.575065838549261,2.392126637804941,1.5180860496706106,-1.1614162295949166,-0.9236391599815941,1.0392371573601007,0.0,0.0,0.0,0.0,0.0,0.0,0.0,0.0,0.0,0.0,0.0,0.0,9.0,9.0,9.0,9.0,9.0,9.0,6.0,6.0,6.0,6.0,6.0,6.0,-0.09169299982862777,38.109884598528815,10.448700633133464,0.5509092743010444,-0.039978410569742495,6.482965848542133e-05,0.1679792575116965
25.53333333333376,-0.19017949676612178,-0.5295891955374372,0.15804344097222384,-0.040351119671470335,0.01591236409159389,-0.06006792741416319,0.024319783768043897,0.028142131964684562,-0.05845885503422991,0.0,0.0,0.0,-0.18511857157710288,-0.5304023566249813,0.16214562091400286,-0.035985213429284436,0.01564652211987541,-0.05519042211967967,-0.034359399896787046,0.030287052244307944,-0.09876097614214441,0.0,0.0,0.0,0.8297777355261571,0.9630538616379083,2.323514871945122,0.8046698857320407,0.9233685205460018,2.3186106059187046,0.012337607268315419,-0.02963354543993832,-0.022172886648836578,1.5301643954405115,2.261488481417363,1.6971860913048422,-1.3382241273125752,-0.7651675386664764,1.315197470489324,-0.06484201946058722,-0.17104126668791067,0.12893187949164348,-0.2756224401143196,0.10791856047876516,0.7896812106463708,0.008012794113587667,0.0015145373218057587,-0.12084439105739515,0.44770963899631416,0.21993816030933164,-0.09333443558167606,1.575065838549261,2.392126637804941,1.5180860496706106,-1.1614162295949166,-0.9236391599815941,1.0392371573601007,0.0,0.0,0.0,0.0,0.0,0.0,0.0,0.0,0.0,0.0,0.0,0.0,9.0,9.0,9.0,9.0,9.0,9.0,6.0,6.0,6.0,6.0,6.0,6.0,0.032360093818091684,38.32383445513558,10.433585789378988,0.5673763132828907,-0.04138386383984338,1.4760376604305847e-05,0.3529533013686351
25.566666666667096,-0.19149655882437547,-0.529099699307741,0.15604398340657166,-0.03974111053182949,0.015359821417686161,-0.0601159785367103,0.04739574137326252,0.009738687403246786,-0.013664680165386665,0.0,0.0,0.0,-0.1863277018838202,-0.5298700092696154,0.160257334035732,-0.03656861964927808,0.016043089855044775,-0.05682750198186948,-0.008333147332078461,0.012049529040696783,-0.055798557666608684,0.0,0.0,0.0,0.8401194013191268,0.9837088695135314,2.3236562122054685,0.8158953635834857,0.9427443674564994,2.3171826019265085,0.012262478055556572,-0.029441927117251382,-0.024276071074944713,1.5280772089606809,2.2560764500308976,1.7009545976573561,-1.3459069130339774,-0.7613738275256897,1.3401203465512819,-0.06335773608347428,-0.1652543832919359,0.11834742021415716,-0.2455298611328142,0.1118470763086535,0.7616845914546154,0.04452850131338812,0.17360650187924287,-0.31753377832458957,0.9027773694451615,0.11785547489664983,-0.8398985757526594,1.575065838549261,2.392126637804941,1.5180860496706106,-1.1614162295949166,-0.9236391599815941,1.0392371573601007,0.0,0.0,0.0,0.0,0.0,0.0,0.0,0.0,0.0,0.0,0.0,0.0,9.0,9.0,9.0,9.0,9.0,9.0,6.0,6.0,6.0,6.0,6.0,6.0,0.15478760189533936,38.46564075901301,10.45604354204518,0.5820085004307876,-0.04273880173077216,-4.1065132883377764e-05,0.27535234736989483
25.60000000000043,-0.19275478624272438,-0.5286566558335448,0.15409897882958906,-0.038362597045498825,0.014217839270131618,-0.05900590003418202,0.06697014080023142,-0.008811472341635554,0.023148281356577004,0.0,0.0,0.0,-0.1875362568628843,-0.5293408282688952,0.1583462890146586,-0.036629418361815366,0.01601621841036133,-0.05764603780025685,0.016240187335347933,-0.008104570526512589,-0.016633328716756157,0.0,0.0,0.0,0.8482584651733689,1.0035795480887855,2.3236358653192757,0.8260633406107807,0.9621628341577326,2.3159011080581147,0.012180998423297644,-0.028199252121304655,-0.025740280683258204,1.5261387730236105,2.2511355781007034,1.7040462403992593,-1.3515563971516666,-0.7572102317818019,1.3625429091174075,-0.059887964102566825,-0.15390223303453238,0.10128199490945053,-0.1948329693980542,0.12055427364730799,0.7023461151407191,0.10409315942722362,0.3405645077221056,-0.5119627591411988,1.5209067520427997,0.26121592015963496,-1.7801542894168914,1.575065838549261,2.392126637804941,1.5180860496706106,-1.1614162295949166,-0.9236391599815941,1.0392371573601007,0.0,0.0,0.0,0.0,0.0,0.0,0.0,0.0,0.0,0.0,0.0,0.0,9.0,9.0,9.0,9.0,9.0,9.0,6.0,6.0,6.0,6.0,6.0,6.0,0.31331422848145896,38.618188506756326,10.483482919730344,0.5976238730537278,-0.04342838516222747,-0.00010541929270646566,0.5854300006979046
25.633333333333766,-0.19393492831396836,-0.528270677740244,0.15224713777242177,-0.03634358879904931,0.012642530608513468,-0.056713407681563674,0.08056417196643613,-0.022983653810148122,0.06159651528412489,0.0,0.0,0.0,-0.1887296086254936,-0.5288268054485082,0.15644238251964246,-0.03623485851540491,0.015616650430708817,-0.05757042540370971,0.037327456700671835,-0.02560449498056805,0.02565967816751691,0.0,0.0,0.0,0.8527750995260795,1.0225524348501642,2.3227093558760203,0.8343448978043032,0.9814496124186566,2.3144198896051287,0.01249725228124258,-0.025496774680204018,-0.026285841288466817,1.5243933607666267,2.2470851710049833,1.7057656767342433,-1.3528839253741156,-0.7526051827979524,1.3805725353353606,-0.05487089984052786,-0.13230888625924822,0.06814939166949527,-0.09149488758166703,0.13228573755942433,0.5947078960726321,0.15051192786116885,0.6478004032585244,-0.9939780971986576,3.100142454491615,0.35194391736348996,-3.229146572042611,1.575065838549261,2.392126637804941,1.5180860496706106,-1.1614162295949166,-0.9236391599815941,1.0392371573601007,0.0,0.0,0.0,0.0,0.0,0.0,0.0,0.0,0.0,0.0,0.0,0.0,9.0,9.0,9.0,9.0,9.0,9.0,6.0,6.0,6.0,6.0,6.0,6.0,0.4995311126364761,38.980378149176396,10.467243453581991,0.6154009187179903,-0.04414201158441022,-0.00015870692187469615,1.1897631719380433
25.6666666666671,-0.19502175715428244,-0.5279403968682664,0.1505069067780731,-0.03380697180764958,0.010949992630692722,-0.053694027047475,0.09038533519594524,-0.02791754555341832,0.08598066149418133,0.0,0.0,0.0,-0.18989565106202447,-0.5283350537123899,0.15457003905640884,-0.03546024379291171,0.014978145718266436,-0.05673116847083126,0.05459260613113681,-0.03653631626954024,0.061245282915398214,0.0,0.0,0.0,0.8540779905115783,1.04048715388158,2.320862889276631,0.84060460776279,1.0004332972557721,2.312598784267297,0.01303911230143558,-0.021731116104277234,-0.02603146510774931,1.522852351218125,2.2438952680303736,1.7062137260493697,-1.3502332897942566,-0.747719091946352,1.3944059717353638,-0.04911049091687758,-0.10790102157860902,0.03167745019236009,0.022514415736624188,0.14181706288514956,0.47490469335760666,0.17281226770950855,0.7322359404191758,-1.0941582443140554,3.4202790995487367,0.2859397597717571,-3.594096081450762,1.575065838549261,2.392126637804941,1.5180860496706106,-1.1614162295949166,-0.9236391599815941,1.0392371573601007,0.0,0.0,0.0,0.0,0.0,0.0,0.0,0.0,0.0,0.0,0.0,0.0,9.0,9.0,9.0,9.0,9.0,9.0,6.0,6.0,6.0,6.0,6.0,6.0,0.5639205880364435,39.02257275724591,10.492453870903503,0.6221592877027828,-0.04493700926860389,-0.00017402716159187204,0.13632943701765385
25.700000000000436,-0.19599893205813856,-0.5276829138321653,0.14891112726198066,-0.030771082252222998,0.008876674653637505,-0.04982044049801748,0.09953431831522558,-0.04134100494353118,0.11379310163384813,0.0,0.0,0.0,-0.19102123711331323,-0.5278792955340182,0.1527581374135423,-0.03428995596603779,0.01394978920963888,-0.05503274212348233,0.0724123673356849,-0.05452830634789407,0.10096872286410852,0.0,0.0,0.0,0.8518324838489854,1.0569444013022462,2.3181021338212906,0.8445293750734577,1.0188163381253559,2.3103482170065597,0.013709050710207265,-0.016841092210716443,-0.025001588292696178,1.5215499469740852,2.2417025224470666,1.7052468167937136,-1.3432169109206482,-0.7425305028383566,1.4033517293146205,-0.042418248519750665,-0.07982191885901481,-0.008779035049001294,0.1478323827177096,0.15104413645495635,0.33721671603766845,0.20076727191380753,0.8423730815878263,-1.2136945572408415,3.7595390094325625,0.2768122070942038,-4.130639319598147,1.575065838549261,2.392126637804941,1.5180860496706106,-1.1614162295949166,-0.9236391599815941,1.0392371573601007,0.0,0.0,0.0,0.0,0.0,0.0,0.0,0.0,0.0,0.0,0.0,0.0,9.0,9.0,9.0,9.0,9.0,9.0,6.0,6.0,6.0,6.0,6.0,6.0,0.6463746160388224,39.14044644564482,10.519739236636756,0.6247559101705131,-0.045303285543136784,-0.0002087387294564813,0.2726850695195226
25.73333333333377,-0.1968552314714502,-0.5275108322799962,0.1474830479675218,-0.02734409913102312,0.006433623398513964,-0.045233211108284876,0.10626197406468867,-0.05512492516542256,0.1369924832773482,0.0,0.0,0.0,-0.19209479251720332,-0.527473168108653,0.15103214285033442,-0.03276243918984505,0.012511494897682437,-0.052549453130766054,0.088211441541314,-0.07327358513281901,0.13670773837118189,0.0,0.0,0.0,0.8465850227997804,1.0715011004120971,2.3148831527647373,0.8461694150335037,1.0362694336957368,2.307790348906938,0.014174068943402007,-0.011151998645949651,-0.02341463223840999,1.5205011792891598,2.240417583787422,1.703137329060417,-1.3328467525579994,-0.7371070244624427,1.4078216492797313,-0.0351147698717575,-0.052306079479235476,-0.04511609968226487,0.2566806281588795,0.1588176130032633,0.20180397131477326,0.21910435943979498,0.82547518139338,-1.0901119389979073,3.2654473632350975,0.2332042964492085,-4.062382341686856,1.575065838549261,2.392126637804941,1.5180860496706106,-1.1614162295949166,-0.9236391599815941,1.0392371573601007,0.0,0.0,0.0,0.0,0.0,0.0,0.0,0.0,0.0,0.0,0.0,0.0,9.0,9.0,9.0,9.0,9.0,9.0,6.0,6.0,6.0,6.0,6.0,6.0,0.6658133626877385,39.10080190082657,10.579525456431822,0.618616756258684,-0.04541250392715401,-0.00023327701137509926,0.27708104342316175
25.766666666667106,-0.19759425764442495,-0.5274092676708825,0.14621697868637606,-0.02385908792789141,0.004178777004274454,-0.040530829093523436,0.10443822685233684,-0.05234457297429581,0.14166862507235822,0.0,0.0,0.0,-0.19311044306090183,-0.5271190281545131,0.14940381800995498,-0.031030828993243862,0.010951975830073023,-0.04964674181870569,0.09656019379401348,-0.07807326944301174,0.15466533944077732,0.0,0.0,0.0,0.8391711079515254,1.084122126954389,2.3113901636276446,0.8457899346444355,1.0526110536270192,2.3050045879860837,0.014310890179612585,-0.00510404604409994,-0.021415725232171102,1.5196741807676872,2.239876562083742,1.7001811173489623,-1.320095043315366,-0.731680063785356,1.4086141626765265,-0.02824489372003881,-0.028255793900008926,-0.07416293412318464,0.3405943942389648,0.16147841787615555,0.08311825837416378,0.20609628455156057,0.7215085673767965,-0.8714050332275931,2.5174129824025604,0.07982414618676767,-3.5605713882182846,1.575065838549261,2.392126637804941,1.5180860496706106,-1.1614162295949166,-0.9236391599815941,1.0392371573601007,0.0,0.0,0.0,0.0,0.0,0.0,0.0,0.0,0.0,0.0,0.0,0.0,9.0,9.0,9.0,9.0,9.0,9.0,6.0,6.0,6.0,6.0,6.0,6.0,0.602241033880321,38.931355649758196,10.640089471988396,0.6074090311857863,-0.045506846393925215,-0.00022660148433428784,0.20163947658597348
25.80000000000044,-0.19820993606275336,-0.5273910782244745,0.14513443784647193,-0.020233522152202907,0.0017372838280404548,-0.035362570301366275,0.1060598442315633,-0.061065405420664354,0.1562177500976558,0.0,0.0,0.0,-0.19405885084052868,-0.5268277176630388,0.14789279673766897,-0.029028373033090603,0.009094791779720614,-0.04617550949813468,0.10801372092038042,-0.0912313561683753,0.17954484639036616,0.0,0.0,0.0,0.8297540085247154,1.094455167443455,2.3078417813651004,0.8434587110973802,1.0675541185614323,2.3020964530621915,0.014006334910001887,0.0012603373240943014,-0.019062105683537015,1.5190740401190894,2.240094377698682,1.6964378953169796,-1.3053101003884282,-0.7263245783268396,1.4057022962349477,-0.02141777754529986,-0.005062285667868205,-0.09958541868071442,0.4092303232850786,0.1609358484623792,-0.030531242706855574,0.20481348524216855,0.6958052469642216,-0.7626745367258934,2.059077871383413,-0.016277082413290345,-3.409485032430581,1.575065838549261,2.392126637804941,1.5180860496706106,-1.1614162295949166,-0.9236391599815941,1.0392371573601007,0.0,0.0,0.0,0.0,0.0,0.0,0.0,0.0,0.0,0.0,0.0,0.0,9.0,9.0,9.0,9.0,9.0,9.0,6.0,6.0,6.0,6.0,6.0,6.0,0.5875096047909683,38.91591337764379,10.689806112968899,0.5945794859019539,-0.04525527490252634,-0.00024147134613705656,0.42040301837692495
25.833333333333776,-0.1986990022725544,-0.5274550528790573,0.1442428821264544,-0.01649716887449512,-0.0007303888663431068,-0.02989007616513294,0.10776531617578519,-0.06497252967884373,0.16541170957938323,0.0,0.0,0.0,-0.1949311497421895,-0.5266055927653104,0.14651385751383325,-0.026757416715534298,0.007029774772074645,-0.04223926463676745,0.11924859771318363,-0.09997885162914422,0.1992473281823739,0.0,0.0,0.0,0.8187078837681481,1.1021343190119446,2.3042905529328386,0.8393162032310811,1.0807816027848205,2.299118207515938,0.013174891061381458,0.007801477076706198,-0.016319765195804938,1.518680468979812,2.2410479171602455,1.6919692978125056,-1.2888380058597815,-0.7213021803304074,1.3991450917798984,-0.015010681967315913,0.017383360675309514,-0.12256708964971597,0.46585199833462493,0.15409324274943892,-0.141321170003269,0.19221286733951845,0.6733693902953316,-0.6894501290700464,1.6986502514863902,-0.20527817138820878,-3.3236978188924025,1.575065838549261,2.392126637804941,1.5180860496706106,-1.1614162295949166,-0.9236391599815941,1.0392371573601007,0.0,0.0,0.0,0.0,0.0,0.0,0.0,0.0,0.0,0.0,0.0,0.0,9.0,9.0,9.0,9.0,9.0,9.0,6.0,6.0,6.0,6.0,6.0,6.0,0.556766253863652,38.915267825234615,10.725473457097607,0.5791017943594681,-0.045040846879294216,-0.00025971890064568903,0.6432358008649588
25.86666666666711,-0.19906065570492323,-0.527593726941882,0.14354230647273647,-0.012708405924667626,-0.0030471316733587297,-0.02431372338659383,0.10866808721910569,-0.06332340609112051,0.16827370434478262,0.0,0.0,0.0,-0.1957193680831254,-0.5264550257351439,0.14527732980266403,-0.024241485940282782,0.004873282583273096,-0.03796847852698849,0.12926172959930637,-0.1031087139316309,0.2125563968728077,0.0,0.0,0.0,0.8063003691788234,1.1069074084978168,2.300828795211349,0.8334871418144701,1.0920085288249726,2.29613614065069,0.01177864429104016,0.014416832914188438,-0.01321929434379714,1.51847779468139,2.242693706573457,1.6868588235565716,-1.2709929973488758,-0.7167816507657561,1.3890290774832417,-0.009057046624208843,0.038710241822673616,-0.14306518166858523,0.5121841696629892,0.14177500554283756,-0.24942734260089322,0.17860906029321208,0.639806434420923,-0.6149427605660777,1.389965139850928,-0.36954711619804104,-3.2431851779287273,1.575065838549261,2.392126637804941,1.5180860496706106,-1.1614162295949166,-0.9236391599815941,1.0392371573601007,0.0,0.0,0.0,0.0,0.0,0.0,0.0,0.0,0.0,0.0,0.0,0.0,9.0,9.0,9.0,9.0,9.0,9.0,6.0,6.0,6.0,6.0,6.0,6.0,0.5209598974599428,38.916768048400165,10.758058935605629,0.5621055263349847,-0.044607090508527625,-0.00027530239989481675,0.858861445782964
25.900000000000446,-0.1993113129863351,-0.5277851159346524,0.14300765322950024,-0.009230482580442553,-0.004866014809731999,-0.01918674472878918,0.09959447717958249,-0.05059253296394825,0.15447974815063176,0.0,0.0,0.0,-0.1964231009930803,-0.5263702699240188,0.14418093367961382,-0.02167970874078311,0.0028524548059428324,-0.03370850839989458,0.12971377685226892,-0.09541784890388172,0.20932655137328338,0.0,0.0,0.0,0.7931761003746556,1.1092503934043128,2.297457020562491,0.8262699471099891,1.1012673373423436,2.2931843435489827,0.009959807216234993,0.02073304006401572,-0.009939258743222261,1.5184219557112109,2.244869497568785,1.6813286771526068,-1.2524253254366795,-0.7128835053867818,1.3763062491308433,-0.004135794944987921,0.056419233847440624,-0.15829132196882442,0.5420814947982595,0.12522124276043242,-0.3375990145816004,0.14763755037662768,0.5312697607430102,-0.4567842090071758,0.89691975405811,-0.49661288347215443,-2.6451501594212155,1.575065838549261,2.392126637804941,1.5180860496706106,-1.1614162295949166,-0.9236391599815941,1.0392371573601007,0.0,0.0,0.0,0.0,0.0,0.0,0.0,0.0,0.0,0.0,0.0,0.0,9.0,9.0,9.0,9.0,9.0,9.0,6.0,6.0,6.0,6.0,6.0,6.0,0.42947525162593436,38.807952259923184,10.791164005402608,0.5427819465106158,-0.04388981188795338,-0.0002413979891165985,0.5413317216422807
25.93333333333378,-0.19944715649482095,-0.5280283363312703,0.1426413918748064,-0.005780407206708267,-0.006489062030887281,-0.01420226411118953,0.09956393100121601,-0.046232939507722295,0.14899155843311276,0.0,0.0,0.0,-0.1970354313648864,-0.5263513263825794,0.14323112801741622,-0.018933304781973394,0.0008523819871277039,-0.02928469599314596,0.1367992858155498,-0.09331131966324158,0.21450112832533552,0.0,0.0,0.0,0.7790340477150679,1.1090407952787709,2.2936376123829194,0.8176199420273363,1.1084164943775434,2.2900555331507526,0.007954457714961519,0.026958136438817094,-0.006255798953542221,1.518490932467567,2.24776492847191,1.6750204468026697,-1.2321458938337009,-0.709905513831112,1.3602475316750213,9.368121271250904e-07,0.07671502934498714,-0.17892838098834923,0.586282463658994,0.10130024536687356,-0.4337073539769723,0.12410195271345138,0.6088738649263955,-0.6191117705857445,1.326029065822034,-0.717629921806766,-2.8832501818611567,1.575065838549261,2.392126637804941,1.5180860496706106,-1.1614162295949166,-0.9236391599815941,1.0392371573601007,0.0,0.0,0.0,0.0,0.0,0.0,0.0,0.0,0.0,0.0,0.0,0.0,9.0,9.0,9.0,9.0,9.0,9.0,6.0,6.0,6.0,6.0,6.0,6.0,0.4188546828968418,38.99427821536225,10.77969808602862,0.5251587419700487,-0.04329973909741103,-0.00023965922303759157,1.7528223184686944
25.966666666667116,-0.19947170400534808,-0.5283161371631394,0.1424326347577556,-0.002408565980056231,-0.007894961861352478,-0.009510596008724077,0.09854300854013391,-0.04067195955773644,0.13887763831827618,0.0,0.0,0.0,-0.1975517680210504,-0.5263956043855316,0.14242850358927953,-0.01604181840596744,-0.001077031660506492,-0.024822792846385,0.14195334009396987,-0.08887783377575076,0.21368351966650811,0.0,0.0,0.0,0.7639286766066093,1.1065683881051216,2.2891912996898047,0.8075726295023511,1.1134741766304985,2.2866271847409325,0.005912802626642061,0.03300695627417852,-0.0022695326043083008,1.518668749840605,2.2513956365252112,1.6678894300854492,-1.210034425346186,-0.7079432756641834,1.3410265818536484,0.003556659731470702,0.09818583751435125,-0.2022631280071913,0.6376568576366262,0.07301151179419786,-0.5289881144197818,0.1066716875803073,0.6441242450809234,-0.7000424105652616,1.5412318193289662,-0.8486620071802707,-2.8584228132842844,1.575065838549261,2.392126637804941,1.5180860496706106,-1.1614162295949166,-0.9236391599815941,1.0392371573601007,0.0,0.0,0.0,0.0,0.0,0.0,0.0,0.0,0.0,0.0,0.0,0.0,9.0,9.0,9.0,9.0,9.0,9.0,6.0,6.0,6.0,6.0,6.0,6.0,0.40218752133898983,39.145008907158335,10.781001307214899,0.5050731042317615,-0.042301124562964976,-0.00022059156603304597,1.4055844320926323
26.00000000000045,-0.19940719979463165,-0.5286326583844446,0.1423540381859064,0.0004945040953844202,-0.008916925676753187,-0.005426717937792277,0.08605825016472762,-0.029755808537894095,0.12010804395818918,0.0,0.0,0.0,-0.19797624096694463,-0.5264954966704244,0.14176363786007315,-0.013236559652938488,-0.002798752591787487,-0.02060025595597535,0.13607483558454625,-0.07799807654744306,0.1997262853426074,0.0,0.0,0.0,0.7484849864760864,1.102532686097638,2.284404018890363,0.7964120263849267,1.1166899947206765,2.2829747119207773,0.0038581431481312916,0.038479954828680114,0.0016584729462987557,1.5189276442840445,2.2555230549858085,1.6603187872838063,-1.1871830705156392,-0.7068504162644882,1.320000626495496,0.006363442112612644,0.11527698171672944,-0.21883389870192058,0.6695793824898123,0.04619435859196849,-0.5968484786363097,0.08420347143425826,0.5127343260713455,-0.4971231208418787,0.9576757455955829,-0.8045145960668809,-2.035810926495838,1.575065838549261,2.392126637804941,1.5180860496706106,-1.1614162295949166,-0.9236391599815941,1.0392371573601007,0.0,0.0,0.0,0.0,0.0,0.0,0.0,0.0,0.0,0.0,0.0,0.0,9.0,9.0,9.0,9.0,9.0,9.0,6.0,6.0,6.0,6.0,6.0,6.0,0.3158368172286927,39.07019656018899,10.81805573475045,0.48055567475894245,-0.04065252975872191,-0.0001650582031428316,0.7215840090732477
26.033333333333786,-0.1992506448173837,-0.5289756716453582,0.14240014366177897,0.003303147417697219,-0.009767237687449344,-0.0016657733156615565,0.08496513201603036,-0.024787033185422455,0.10923430448137995,0.0,0.0,0.0,-0.1983051283618101,-0.5266475085230355,0.1412345420007147,-0.010348856548886832,-0.004398821882796995,-0.016466008642572742,0.13832833269462164,-0.07136203253891082,0.1931758418866325,0.0,0.0,0.0,0.7325462184501798,1.0970515579342675,2.279105118494181,0.784167253972034,1.1181396888190864,2.279023365473335,0.001900204241555816,0.0435050037640909,0.005568020323409237,1.5192671852092576,2.2602016837368657,1.6522082734663175,-1.1632916243369251,-0.7066869388198754,1.2970455704716746,0.008911965875136482,0.13199823559338553,-0.235154909250416,0.701022051070882,0.01866766842291126,-0.6580506133551991,0.07645571287571515,0.5016376162996825,-0.4896303164548628,0.9432800574320924,-0.825800705071717,-1.8360640415666816,1.575065838549261,2.392126637804941,1.5180860496706106,-1.1614162295949166,-0.9236391599815941,1.0392371573601007,0.0,0.0,0.0,0.0,0.0,0.0,0.0,0.0,0.0,0.0,0.0,0.0,9.0,9.0,9.0,9.0,9.0,9.0,6.0,6.0,6.0,6.0,6.0,6.0,0.298468839124745,39.198038683278654,10.830842715508485,0.4566770411624604,-0.03908825775713609,-0.00014202311196431783,1.4608324019110528
26.06666666666712,-0.1990058853970291,-0.5293350396673694,0.1425627836836637,0.006005092796840074,-0.010363548633520472,0.001843045454000718,0.08355647668121757,-0.01714970014947577,0.10072432718282719,0.0,0.0,0.0,-0.19853663021921886,-0.5268450303170086,0.14083771315168309,-0.007403338467587639,-0.005809554959659985,-0.012436683492832395,0.13941690618005653,-0.061601288569054446,0.1859593971291469,0.0,0.0,0.0,0.7163410955171157,1.0904371080805468,2.2733920679391995,0.7709797580517151,1.1179721785361958,2.2747840236039476,5.1072135790922873e-05,0.04795785150360036,0.009325770565895567,1.5196838413702307,2.2653345942019447,1.6437285774582866,-1.1388202028989003,-0.7074057844937699,1.2727344217169918,0.011303778511172478,0.146657621166042,-0.24797888991075392,0.7231024457841245,-0.008154357336917422,-0.7055731795453911,0.07175437908107991,0.43978156717969424,-0.38471941981013835,0.6624118413972756,-0.8046607727948605,-1.4256769857057594,1.575065838549261,2.392126637804941,1.5180860496706106,-1.1614162295949166,-0.9236391599815941,1.0392371573601007,0.0,0.0,0.0,0.0,0.0,0.0,0.0,0.0,0.0,0.0,0.0,0.0,9.0,9.0,9.0,9.0,9.0,9.0,6.0,6.0,6.0,6.0,6.0,6.0,0.26762376120052966,39.27363164555649,10.858008695559683,0.4309103889800795,-0.03732300514297826,-0.00011338345593991939,1.2191010896749495
26.100000000000456,-0.19867331031105692,-0.5297009714685124,0.14284621955868793,0.008664925822770736,-0.01068668606182523,0.005345853814705884,0.08418429623789299,-0.008790609530817318,0.0992027829224338,0.0,0.0,0.0,-0.1986681497814201,-0.527080666962964,0.14057503581308164,-0.004383055361767189,-0.007000675315179967,-0.008375423178234717,0.14133279124820275,-0.05053107525058387,0.18538605751572979,0.0,0.0,0.0,0.699478584227265,1.0827446581067357,2.267322721340854,0.7567508819087252,1.1162507019940706,2.270264601197881,-0.0016523883449714658,0.052041325351939255,0.012868950679505352,1.5201904226402052,2.2709632665677586,1.6348591329808264,-1.1135369244905553,-0.7088578923775709,1.2468174032925041,0.013899551569881013,0.16145932103829208,-0.26004851951945573,0.7466997167616071,-0.03176027678832682,-0.75353142833822,0.07787319176125605,0.4440509961675023,-0.36208888826105406,0.7079181293244761,-0.7081775835422819,-1.4387474637848658,1.575065838549261,2.392126637804941,1.5180860496706106,-1.1614162295949166,-0.9236391599815941,1.0392371573601007,0.0,0.0,0.0,0.0,0.0,0.0,0.0,0.0,0.0,0.0,0.0,0.0,9.0,9.0,9.0,9.0,9.0,9.0,6.0,6.0,6.0,6.0,6.0,6.0,0.27700402289642234,39.47958914047081,10.887195134027559,0.40670847640943775,-0.035339353469113544,-0.00010933497368004197,1.796411298927001
26.13333333333379,-0.19827503481527686,-0.5300653646339771,0.14323141260265687,0.01086902350314076,-0.010762234941742381,0.00847233200704325,0.0723149755144056,-0.0011426196630161915,0.08680114469992822,0.0,0.0,0.0,-0.1987065933579335,-0.5273472029816025,0.1404388629874137,-0.001531118929400431,-0.007972412849376564,-0.004508249649410161,0.13169083939685944,-0.03961592607113751,0.174106812416571,0.0,0.0,0.0,0.6821366601877316,1.0742519340438463,2.2608313456613187,0.7415637072616609,1.1131252169337065,2.2654264227799867,-0.0031545025206229545,0.055645343781875384,0.016173231884943823,1.5207433450381398,2.277029299675665,1.6256562141764894,-1.087631701865884,-0.7110570316682321,1.2197088369537012,0.015691631815314494,0.17514043583755542,-0.27074121592656164,0.7670043580806252,-0.05456954474266369,-0.7933484695554606,0.05376240736300439,0.4104334439779002,-0.32078089221317735,0.6091392395705414,-0.6842780386301064,-1.1945112365172181,1.575065838549261,2.392126637804941,1.5180860496706106,-1.1614162295949166,-0.9236391599815941,1.0392371573601007,0.0,0.0,0.0,0.0,0.0,0.0,0.0,0.0,0.0,0.0,0.0,0.0,9.0,9.0,9.0,9.0,9.0,9.0,6.0,6.0,6.0,6.0,6.0,6.0,0.22162939827300931,39.61167958737572,10.898654927790265,0.37894892166847477,-0.033306235293177444,-8.863365411315716e-05,1.3294506426436692
26.166666666667126,-0.19779313834150422,-0.5304324697389562,0.14375547978379113,0.013281028550749899,-0.010843248946672757,0.012181930415268471,0.08096802246416152,-0.0009277407005622226,0.10238598852480021,0.0,0.0,0.0,-0.1986447664256003,-0.5276425579420345,0.1404439494089028,0.0014809376766576803,-0.008857611610649994,-0.00028958211440778666,0.1378264451621396,-0.03516144949934663,0.18896418939666182,0.0,0.0,0.0,0.6636243666597145,1.0644444635287396,2.253938266894674,0.7251675821573803,1.1084277596684828,2.2602578574477046,-0.004549044586767029,0.05919340579094355,0.019330304411052115,1.521374604242512,2.2837253297564,1.6159354579519396,-1.060542658622351,-0.7140126910626403,1.1904359304032306,0.01785572802588436,0.19230074689388493,-0.2846621964665159,0.7974489842308712,-0.07730303613571862,-0.849907620861232,0.06492288631709596,0.514809331689885,-0.41762941619862815,0.9133387845073812,-0.6820047417916477,-1.6967745391731412,1.575065838549261,2.392126637804941,1.5180860496706106,-1.1614162295949166,-0.9236391599815941,1.0392371573601007,0.0,0.0,0.0,0.0,0.0,0.0,0.0,0.0,0.0,0.0,0.0,0.0,9.0,9.0,9.0,9.0,9.0,9.0,6.0,6.0,6.0,6.0,6.0,6.0,0.2734251812096655,40.011736803133395,10.920229527769713,0.3523844346486706,-0.03135660936902429,-0.00012521497441153606,2.648677444969779
26.20000000000046,-0.19722490493667527,-0.5308069468020624,0.14445367807750045,0.015815421819955218,-0.011030028171456804,0.01680087076659499,0.08793763342822705,-0.003737104973754818,0.12780704526826098,0.0,0.0,0.0,-0.1984785784873322,-0.5279659126815399,0.14060827591360167,0.004621624385904889,-0.009708630070454525,0.00444488955057599,0.1424207613963433,-0.03325818004224779,0.21150146637281741,0.0,0.0,0.0,0.6433120765805953,1.0530692391430778,2.2472046343850587,0.7072335152375642,1.1020376542590986,2.254986109426475,-0.0060107945152613265,0.06290392658711075,0.022087203785700903,1.5221306994736798,2.2910965343141507,1.6057925885532507,-1.0323696940837854,-0.717306700767924,1.1585570537722503,0.02107381396531585,0.21152434011963817,-0.29774478679595107,0.8292756188482695,-0.09164787281758126,-0.9208800729066802,0.09654257818294473,0.5767077967725966,-0.39247770988305414,0.9547990385219485,-0.43034510045587904,-2.129173561363447,1.575065838549261,2.392126637804941,1.5180860496706106,-1.1614162295949166,-0.9236391599815941,1.0392371573601007,0.0,0.0,0.0,0.0,0.0,0.0,0.0,0.0,0.0,0.0,0.0,0.0,9.0,9.0,9.0,9.0,9.0,9.0,6.0,6.0,6.0,6.0,6.0,6.0,0.3443454056388875,40.397948096870216,10.97321529714025,0.3248453114051464,-0.028682095805529606,-0.00017079900889704902,2.374514749384981
26.233333333333796,-0.19659915648390813,-0.5311828972342353,0.1452958538033602,0.017815615351368403,-0.01113578161116736,0.021120459539266234,0.07541069809207651,-0.000905380622578774,0.11705403001250826,0.0,0.0,0.0,-0.19821747124611694,-0.5283128467330129,0.14092461130139264,0.007536473530585724,-0.01044017183794336,0.009067752260283436,0.13012426071007566,-0.027324356531725158,0.20395646897776576,0.0,0.0,0.0,0.6217934168521756,1.040565635265543,2.2401741415922647,0.6879210017037783,1.0941109626639902,2.2494761857046344,-0.007334139221015005,0.06640591998285489,0.02461558302882718,1.5229217184286636,2.299092288071019,1.5952035779547171,-1.0033031205041474,-0.7212921377279676,1.1248142196032471,0.022844983754780664,0.23042318851057722,-0.31102847423598695,0.8577566778755187,-0.11025803014006538,-0.9818167076822915,0.05313509368394447,0.5669654517281715,-0.39851062320107705,0.8544317708174762,-0.5583047196745238,-1.828099043268338,1.575065838549261,2.392126637804941,1.5180860496706106,-1.1614162295949166,-0.9236391599815941,1.0392371573601007,0.0,0.0,0.0,0.0,0.0,0.0,0.0,0.0,0.0,0.0,0.0,0.0,9.0,9.0,9.0,9.0,9.0,9.0,6.0,6.0,6.0,6.0,6.0,6.0,0.26216478853099723,40.59888137435775,10.962527318727563,0.29021401359580906,-0.02658290418548015,-0.0001455914635258848,1.1388122706375048
26.26666666666713,-0.19590214729898214,-0.5315735297019836,0.14634397642283398,0.019917141742426227,-0.011475648453712755,0.02654032335975354,0.08345233461879474,-0.0072777496301579606,0.1474188400671957,0.0,0.0,0.0,-0.1978568356360362,-0.5286864451982362,0.14142008218484384,0.010536142171642969,-0.011233619450158324,0.014374009171105494,0.13278775169318502,-0.030097077568246533,0.23437620109544977,0.0,0.0,0.0,0.5986845942649581,1.0264313175987692,2.2325633798411633,0.6670911382148511,1.0844639786667247,2.243584649027398,-0.008563251294054795,0.07000121247088675,0.027140613224052215,1.5237383109594473,2.3079825706213977,1.5839076376238466,-0.9728955273570415,-0.726314396678332,1.0884536617499065,0.023946845200600395,0.2546133805110977,-0.32959496469607563,0.8940707555672891,-0.1371978557206426,-1.0544833929609099,0.03305584337459195,0.7257057600156152,-0.5569947138026612,1.0894223307531128,-0.8081947674173166,-2.180000558358555,1.575065838549261,2.392126637804941,1.5180860496706106,-1.1614162295949166,-0.9236391599815941,1.0392371573601007,0.0,0.0,0.0,0.0,0.0,0.0,0.0,0.0,0.0,0.0,0.0,0.0,9.0,9.0,9.0,9.0,9.0,9.0,6.0,6.0,6.0,6.0,6.0,6.0,0.2736318350651046,41.12956681656719,10.968853545683869,0.254962601878414,-0.02476061808978791,-0.00017139046518954704,2.334591473803636
26.300000000000466,-0.1951446684849839,-0.5319872693919763,0.1476278869800457,0.021841851229282713,-0.012061555832263728,0.032919376102849576,0.0845418216653652,-0.01401909351525154,0.17375853870536967,0.0,0.0,0.0,-0.19739895534327678,-0.5290895093800332,0.14211487656723498,0.0134885877885936,-0.012108550046738477,0.020302162272738542,0.12916423280343547,-0.03377192122695405,0.261550611673655,0.0,0.0,0.0,0.5741442416359605,1.0108869568004408,2.22412169984777,0.6447669573758534,1.0731560252456909,2.2371578198172624,-0.009599622586508847,0.073553116410583,0.029680785158275776,1.5245378479438043,2.317854710406271,1.5718524388248074,-0.9412936441747336,-0.7325850986307002,1.049813622882069,0.023973021420670208,0.28231392253450127,-0.35096896421280915,0.9300612488352545,-0.17114665762091041,-1.1242952416770569,0.000785286602094419,0.8310162607021065,-0.6412199855020054,1.079714798038964,-1.0184640570080346,-2.094355461484407,1.575065838549261,2.392126637804941,1.5180860496706106,-1.1614162295949166,-0.9236391599815941,1.0392371573601007,0.0,0.0,0.0,0.0,0.0,0.0,0.0,0.0,0.0,0.0,0.0,0.0,9.0,9.0,9.0,9.0,9.0,9.0,6.0,6.0,6.0,6.0,6.0,6.0,0.24214075299981008,41.59624105569825,10.976036200431226,0.21618418743847923,-0.02262412034378647,-0.00016275701199169879,1.4403916004697008
26.3333333333338,-0.19434764851356742,-0.5324258438908404,0.1491531910106403,0.023294927993714357,-0.012764118076449001,0.03976614394692054,0.07757409100701873,-0.017027419672907884,0.18614880403420725,0.0,0.0,0.0,-0.19685157616347204,-0.5295225990593823,0.14301904188017436,0.016233062812409018,-0.01300990896134037,0.026580811904956723,0.11796258318367991,-0.034787449545561344,0.2755366767423313,0.0,0.0,0.0,0.5486507879886999,0.9942763145721693,2.2146754537041367,0.6211375452986273,1.060351076018216,2.2300609812214516,-0.010397787231924992,0.07679930238492379,0.03223920701011742,1.5252616676477744,2.328653175129158,1.5591340002642773,-0.9090422208301864,-0.7402740805808046,1.0096970771758043,0.022467401219628584,0.3100739353025838,-0.37135842594820534,0.9550488831693623,-0.21082852487572476,-1.1770959946843107,-0.04516860603124868,0.8328003830424762,-0.6116838520618865,0.7496290300232327,-1.1904560176444305,-1.5840225902176144,1.575065838549261,2.392126637804941,1.5180860496706106,-1.1614162295949166,-0.9236391599815941,1.0392371573601007,0.0,0.0,0.0,0.0,0.0,0.0,0.0,0.0,0.0,0.0,0.0,0.0,9.0,9.0,9.0,9.0,9.0,9.0,6.0,6.0,6.0,6.0,6.0,6.0,0.14922286409595298,41.907383623193944,10.974715818493864,0.17389260317563082,-0.02020941366400253,-0.0001294338517456306,0.9854515405253917
26.366666666667136,-0.1935487225047868,-0.5328746300937944,0.1508528101152572,0.023836160931280034,-0.013220334621889438,0.04553222998590125,0.05593391664977049,-0.009705243307126035,0.15386895735990658,0.0,0.0,0.0,-0.19623167712762468,-0.5299789310613784,0.14410914649916692,0.01850713293169217,-0.013739718282722089,0.03230423686153703,0.09443271611628079,-0.026375143359160802,0.2463128346775565,0.0,0.0,0.0,0.5229302027850048,0.9774298967104001,2.204579909261119,0.5965387609908505,1.0464805208382206,2.2223734311127568,-0.010960490137618635,0.079279109068338,0.03449973934360558,1.5258759210172308,2.3399860785178936,1.5461961630605934,-0.8772215267205384,-0.7489906855499819,0.9696301645370433,0.019774201129003424,0.3300160462089124,-0.3825428860564166,0.9547635099160794,-0.2446082743421207,-1.193703584336656,-0.0807960027187548,0.598263327189858,-0.33553380324633847,-0.008561197598488095,-1.0133924839918786,-0.498227689570355,1.575065838549261,2.392126637804941,1.5180860496706106,-1.1614162295949166,-0.9236391599815941,1.0392371573601007,0.0,0.0,0.0,0.0,0.0,0.0,0.0,0.0,0.0,0.0,0.0,0.0,9.0,9.0,9.0,9.0,9.0,9.0,6.0,6.0,6.0,6.0,6.0,6.0,-0.0009600844003680997,41.833209461568515,10.957936932536933,0.13124827089194185,-0.016871483089022643,-6.068243062234968e-05,0.4657613118342901
26.40000000000047,-0.19276272953528908,-0.533330510004469,0.1527467668995059,0.02377940063457243,-0.01352993950991797,0.05136963303285152,0.043585255139141604,-0.00573879690259145,0.1560505523003814,0.0,0.0,0.0,-0.1955515656693362,-0.5304551721751618,0.14539235040407053,0.020392759149892067,-0.014357818917784069,0.038128925783933676,0.07510577058845769,-0.02091535675616818,0.24873176112103312,0.0,0.0,0.0,0.4971069206803187,0.9605171844926682,2.1936024151485376,0.5711477250130068,1.0317567188559362,2.213977420986959,-0.01123265371309342,0.08105283121337797,0.03660367434578503,1.526336973567443,2.351892032997983,1.533011810785531,-0.8458873818157507,-0.7588612267668917,0.9298533096201435,0.015812451380579892,0.34812443833809364,-0.3912013408533879,0.9449374014011144,-0.27894691578556957,-1.1934382931168834,-0.11885249245270599,0.5432517638754376,-0.2597536439091388,-0.29478325544894884,-1.0301592433034665,0.007958736593174332,1.575065838549261,2.392126637804941,1.5180860496706106,-1.1614162295949166,-0.9236391599815941,1.0392371573601007,0.0,0.0,0.0,0.0,0.0,0.0,0.0,0.0,0.0,0.0,0.0,0.0,9.0,9.0,9.0,9.0,9.0,9.0,6.0,6.0,6.0,6.0,6.0,6.0,-0.10207068857355983,42.080041931938865,10.945629871548489,0.08942421232205927,-0.014077503799239555,-2.2836711350171512e-05,0.8815288600846103
26.433333333333806,-0.19201310621543224,-0.533784091613154,0.15481422407085896,0.023047766892432736,-0.013598050620047795,0.056890142703255674,0.027919469814778455,0.0006729459326479045,0.14770295879711487,0.0,0.0,0.0,-0.1948269447620413,-0.5309457409074441,0.14686262444121448,0.021814483743615557,-0.0148150207927691,0.043811446632017026,0.05243497751024284,-0.01318269385513915,0.23958698726340177,0.0,0.0,0.0,0.471398902095855,0.943871341722258,2.1822646588588497,0.5451362415553411,1.0164545546709112,2.2050379813778838,-0.01134947813079279,0.08200708621814991,0.03827393593405929,1.5266510517390326,2.3641288079979383,1.5199047553281577,-0.8156844626614377,-0.7693784612279259,0.8910077998328436,0.011552380558650075,0.36077697944514053,-0.3925415560985969,0.9190375168866318,-0.3033269944825391,-1.1747229601182925,-0.1278021246578945,0.3795762332114064,-0.04020645735627041,-0.7769965354344764,-0.7314023609090852,0.5614599899577266,1.575065838549261,2.392126637804941,1.5180860496706106,-1.1614162295949166,-0.9236391599815941,1.0392371573601007,0.0,0.0,0.0,0.0,0.0,0.0,0.0,0.0,0.0,0.0,0.0,0.0,9.0,9.0,9.0,9.0,9.0,9.0,6.0,6.0,6.0,6.0,6.0,6.0,-0.1832854709880376,42.172758011169385,10.938607369381277,0.04949068674456991,-0.010599404808849133,6.918459999866178e-06,0.5973601170837268
26.46666666666714,-0.1913178993750455,-0.5342234045595597,0.15697503275278535,0.021722229512036447,-0.0133417709816562,0.06076929028781612,0.012173402213397015,0.009357392615090415,0.10037964258639154,0.0,0.0,0.0,-0.19407344340482705,-0.5314433235739127,0.14848664002114978,0.022763176771556568,-0.015059300712159072,0.04861011433260111,0.029611246243736122,-0.0030679791387431266,0.19530643588443164,0.0,0.0,0.0,0.44639806415533684,0.9278775973602423,2.1709184804680186,0.5188526515589393,1.0008828118579889,2.1957239205186196,-0.01140052395005716,0.08189778909455178,0.039410699972109255,1.5268199359690697,2.3763217835134096,1.5072094992678817,-0.7872823556417508,-0.7801882623726688,0.8539954200365855,0.007228478120292904,0.3641185034578116,-0.3847523065717184,0.8743879793559493,-0.31730502105570435,-1.1318219159645924,-0.12971707315071512,0.10024572038013246,0.23367748580635644,-1.339486125920478,-0.41934079719495854,1.2870313246110028,1.575065838549261,2.392126637804941,1.5180860496706106,-1.1614162295949166,-0.9236391599815941,1.0392371573601007,0.0,0.0,0.0,0.0,0.0,0.0,0.0,0.0,0.0,0.0,0.0,0.0,9.0,9.0,9.0,9.0,9.0,9.0,6.0,6.0,6.0,6.0,6.0,6.0,-0.2791155500608413,42.02752279118089,10.884009571722038,0.010064587209589693,-0.007200452235143651,4.80810452282987e-05,0.4214185884928114
26.500000000000476,-0.1906880124960659,-0.5346413626945816,0.15921888714546925,0.01997255936544396,-0.012830055411304109,0.06390013476597775,0.0006624567222592789,0.01601708877176812,0.07963774885354132,0.0,0.0,0.0,-0.1933059251318285,-0.5319418517068444,0.1502535083307663,0.02325742722864806,-0.01511518967501547,0.05299515980514036,0.007949680304780049,0.005759582879875325,0.17397284500079468,0.0,0.0,0.0,0.42176108397078865,0.9122946358987684,2.1599288792108413,0.492312306339655,0.9850892328795845,2.186230618199659,-0.011521726662020712,0.08104864391355573,0.039956715862866324,1.5268584935336305,2.388422697145758,1.4949720293807358,-0.7605372180832806,-0.7909560232436103,0.8183681329741023,0.0031806439979784077,0.3633911071328948,-0.3730001666001584,0.8263654109547198,-0.3211235577707299,-1.0898197132378622,-0.1214350236694349,-0.021821889747504996,0.3525641991467996,-1.4406770520368843,-0.11455610145076564,1.260066081801908,1.575065838549261,2.392126637804941,1.5180860496706106,-1.1614162295949166,-0.9236391599815941,1.0392371573601007,0.0,0.0,0.0,0.0,0.0,0.0,0.0,0.0,0.0,0.0,0.0,0.0,9.0,9.0,9.0,9.0,9.0,9.0,6.0,6.0,6.0,6.0,6.0,6.0,-0.3071283482654934,42.158380962081154,10.84665068811959,-0.025364363545327784,-0.004026082593562297,3.599610623894467e-05,0.86083595318077
26.53333333333381,-0.19013089838765715,-0.5350289903147506,0.16150863752783245,0.017928848328048426,-0.012061130622410064,0.06599362477679155,-0.007323509187077901,0.022609050677466738,0.0498218503746959,0.0,0.0,0.0,-0.19253781706056028,-0.5324341232874151,0.15214374061773997,0.023337271063157118,-0.01495708829445971,0.05681427144428915,-0.011548615719928268,0.015703144709632966,0.14567858826661606,0.0,0.0,0.0,0.3970190478530986,0.8969152032611121,2.149298680227725,0.465404495203937,0.969065165677922,2.1766236982761624,-0.011690628788758532,0.0797872021220425,0.03999203401520168,1.526759475371524,2.4004601953152367,1.483059473462846,-0.734865842731395,-0.8016208374408815,0.7834772821746335,-0.0009201485761393081,0.36188033243387524,-0.36258450722451585,0.7888826440226168,-0.3203374698690021,-1.061090253735328,-0.12302377722353149,-0.04532324097058723,0.312469781269277,-1.124483007963091,0.023582637051833173,0.8618837850760306,1.575065838549261,2.392126637804941,1.5180860496706106,-1.1614162295949166,-0.9236391599815941,1.0392371573601007,0.0,0.0,0.0,0.0,0.0,0.0,0.0,0.0,0.0,0.0,0.0,0.0,9.0,9.0,9.0,9.0,9.0,9.0,6.0,6.0,6.0,6.0,6.0,6.0,-0.322669803558187,42.417265122681556,10.791410412673645,-0.058277438104095136,-0.001419170893063093,9.125906015365615e-06,1.0594108591909805
26.566666666667146,-0.18964981898027955,-0.5353754676302296,0.16381305312163374,0.01571886252438215,-0.010993848065178231,0.06709815350712559,-0.011857293952327624,0.03083490263658796,0.021708122422589966,0.0,0.0,0.0,-0.1917804083956946,-0.5329118992452676,0.154136423596926,0.02306404291512087,-0.014554455115501378,0.060008222824811726,-0.02790109553629261,0.026986678954319387,0.11492997856184717,0.0,0.0,0.0,0.37200471407389096,0.8813996222705962,2.139256586425158,0.43807847258444244,0.9527184886039414,2.1670517753518226,-0.01204667330393384,0.07827006008569738,0.03952765706971718,1.5265304385229914,2.4123419853028665,1.471530826836016,-0.7102223944772362,-0.8120582505767622,0.7489634278318449,-0.004887453162695606,0.35826257723055444,-0.35143443494476856,0.7558298464240459,-0.31552741934061335,-1.0439738381008814,-0.11901913759668893,-0.10853265609962336,0.33450216839241825,-0.9915839279571235,0.14430151585166176,0.5134924690333983,1.575065838549261,2.392126637804941,1.5180860496706106,-1.1614162295949166,-0.9236391599815941,1.0392371573601007,0.0,0.0,0.0,0.0,0.0,0.0,0.0,0.0,0.0,0.0,0.0,0.0,9.0,9.0,9.0,9.0,9.0,9.0,6.0,6.0,6.0,6.0,6.0,6.0,-0.33767854917570883,42.60695796863972,10.73644559839152,-0.0905368328598728,0.0009946524869106632,-2.6331506897287263e-05,0.7691026310717584
26.60000000000048,-0.18924316721131307,-0.5356801093301541,0.16607845586915576,0.013484254100285819,-0.009815559727168511,0.06679468638951937,-0.013555607101461954,0.03366034852378679,-0.01873494223654161,0.0,0.0,0.0,-0.1910423182054414,-0.5333705061143452,0.15619916415391039,0.02251597244183641,-0.013994991689158154,0.06227171199376567,-0.04034580898985318,0.0339700288482927,0.07003943985069006,0.0,0.0,0.0,0.3470869063108666,0.8660269022093297,2.1297958223623246,0.41051060635980374,0.9361864545349077,2.157581969447978,-0.012513048826336904,0.07630664471207968,0.03861818111599571,1.5261820892591509,2.423903413989285,1.4604728747751876,-0.6867437003400886,-0.822207624994891,0.7152677750455478,-0.008596136331041808,0.35064943280522853,-0.33830385286482817,0.7215171648843008,-0.30816329480944693,-1.0219043350929018,-0.11126049505038604,-0.2283943327597764,0.3939174623982114,-1.0293804461923513,0.22092373593499282,0.6620850902393882,1.575065838549261,2.392126637804941,1.5180860496706106,-1.1614162295949166,-0.9236391599815941,1.0392371573601007,0.0,0.0,0.0,0.0,0.0,0.0,0.0,0.0,0.0,0.0,0.0,0.0,9.0,9.0,9.0,9.0,9.0,9.0,6.0,6.0,6.0,6.0,6.0,6.0,-0.35595408995862066,42.66914665106973,10.656888323261903,-0.12322829566153687,0.003206781283600968,-1.3418050065876208e-05,0.17763087486804335
26.633333333333816,-0.18891362388841265,-0.5359354123128378,0.1682985473007839,0.011188277703093736,-0.008449773750063061,0.06588350785279502,-0.016553507693962202,0.039267099665748366,-0.03517802716821948,0.0,0.0,0.0,-0.19033382380667804,-0.5338031130224777,0.15831585498569425,0.02166188932780547,-0.013235996461163654,0.06398067750122334,-0.054138688247628686,0.04291203134278909,0.04358367758730841,0.0,0.0,0.0,0.32211678638832353,0.850355626268403,2.121006679479324,0.3827160807793314,0.9193370968146303,2.1483097285176846,-0.013219343749172694,0.07412820583792909,0.037354437146124464,1.5257081377037784,2.435122207655424,1.4498940910008038,-0.6643818692857808,-0.8320861234338022,0.681968963020469,-0.012344409884465796,0.3412590175911894,-0.3243436264426177,0.6877423427142559,-0.3002910670480402,-1.0066110188658761,-0.11244820660271966,-0.2817124564211751,0.4188067926663143,-1.0132446651013483,0.23616683284220213,0.4587994868107695,1.575065838549261,2.392126637804941,1.5180860496706106,-1.1614162295949166,-0.9236391599815941,1.0392371573601007,0.0,0.0,0.0,0.0,0.0,0.0,0.0,0.0,0.0,0.0,0.0,0.0,9.0,9.0,9.0,9.0,9.0,9.0,6.0,6.0,6.0,6.0,6.0,6.0,-0.37471167309449616,42.85213417012549,10.599248745397714,-0.15445465604834357,0.00513467295437664,-3.8825502215594776e-05,0.3929756209615185
26.66666666666715,-0.1886615344624547,-0.5361410293606828,0.17045889633352052,0.008864771920175105,-0.007006956454720338,0.06448632201338679,-0.019023685738966317,0.042069836392340944,-0.04777550186892708,0.0,0.0,0.0,-0.18966373460809804,-0.534205328427908,0.1604692835941909,0.020535192973543438,-0.012334235541606403,0.06516254811142363,-0.06619393371559523,0.04905778004895289,0.01874890021910547,0.0,0.0,0.0,0.29735925895091403,0.8343010735200714,2.1130070755022863,0.35484768458525967,0.9021299182758826,2.139349224808625,-0.014219402661459928,0.07166618537185161,0.03577149423977857,1.5251170798576241,2.4458803578840485,1.4399050446746908,-0.6434060617746756,-0.8416216608490427,0.64923638162021,-0.0159359602179073,0.3289160104362127,-0.30789546866979833,0.6487635977935211,-0.2908077706541574,-0.9901886342938061,-0.10774651000324507,-0.3702902146493003,0.4934447331845818,-1.1693623476220456,0.2844988918164832,0.4926715371620989,1.575065838549261,2.392126637804941,1.5180860496706106,-1.1614162295949166,-0.9236391599815941,1.0392371573601007,0.0,0.0,0.0,0.0,0.0,0.0,0.0,0.0,0.0,0.0,0.0,0.0,9.0,9.0,9.0,9.0,9.0,9.0,6.0,6.0,6.0,6.0,6.0,6.0,-0.38890217315514075,42.965292114901104,10.539158035538996,-0.1852529274215145,0.0070371150742043476,-4.694442441660618e-05,0.19117251042645753
26.700000000000486,-0.18847822376524886,-0.5363052017376162,0.17252869181256317,0.006704518052582462,-0.005697854426551416,0.06231065793942355,-0.016987943406539842,0.03850248302371271,-0.06930258509818882,0.0,0.0,0.0,-0.18903648966593636,-0.5345767526376455,0.16263539589534276,0.01925387787787346,-0.011401352064858365,0.06564472157050052,-0.072509790058779,0.0498311391793802,-0.014008922398443424,0.0,0.0,0.0,0.2732425993740658,0.8183874413253215,2.1057677859402752,0.3271615135996712,0.8847921692823834,2.1307507875641316,-0.015335909461883599,0.068685243052342,0.033879373548484096,1.5244411665988185,2.4560669826115484,1.430569693999453,-0.6239250692279921,-0.8506865926757121,0.6176684111730815,-0.01883025191541762,0.3133711646954029,-0.2893388363946935,0.6058743835315117,-0.27823456008477604,-0.9614222870405069,-0.08682875092530963,-0.4663453722242957,0.5566989682531451,-1.286676427860284,0.3771963170814415,0.8629904175989755,1.575065838549261,2.392126637804941,1.5180860496706106,-1.1614162295949166,-0.9236391599815941,1.0392371573601007,0.0,0.0,0.0,0.0,0.0,0.0,0.0,0.0,0.0,0.0,0.0,0.0,9.0,9.0,9.0,9.0,9.0,9.0,6.0,6.0,6.0,6.0,6.0,6.0,-0.3662353892483159,43.0383337095031,10.466735914838441,-0.21434420784527275,0.00890619406303328,-8.530961608826937e-06,0.1181869956488033
26.73333333333382,-0.18836840745742742,-0.5364328254288927,0.17451114130333947,0.0045060094116598295,-0.004522495079451547,0.059938535819581265,-0.021434503099425302,0.03504105497943519,-0.07340898398529178,0.0,0.0,0.0,-0.1884613075245696,-0.5349171340875611,0.16480247100573128,0.017711953684284833,-0.010457747392191158,0.06572057564077621,-0.08381518836800605,0.049638858721195334,-0.03242810688948872,0.0,0.0,0.0,0.25007754993035447,0.8026041732854018,2.099172991936244,0.2999078685805692,0.867383220670136,2.122517034158517,-0.016577744070684006,0.06518447198245787,0.03183361222166258,1.5236650571282713,2.465651092327662,1.4218982053717877,-0.6060930668455699,-0.8593548839535685,0.5874781333534979,-0.02179894004941357,0.2961392492207437,-0.26987605135153553,0.5585981754922815,-0.2661106789187217,-0.9242796520718426,-0.08906064401987854,-0.5169574642397751,0.5838835512947392,-1.418286241176906,0.3637164349816296,1.1142790490599284,1.575065838549261,2.392126637804941,1.5180860496706106,-1.1614162295949166,-0.9236391599815941,1.0392371573601007,0.0,0.0,0.0,0.0,0.0,0.0,0.0,0.0,0.0,0.0,0.0,0.0,9.0,9.0,9.0,9.0,9.0,9.0,6.0,6.0,6.0,6.0,6.0,6.0,-0.3796963532403441,43.175022102290946,10.403509409956566,-0.24278353772587224,0.010428847140274033,1.4362326869354902e-05,0.15701841009829748
26.766666666667156,-0.18833666807760718,-0.5365300170476673,0.17640432626871652,0.002201744253005858,-0.0035130436594822227,0.05744512213589725,-0.028145553131259465,0.030223045264164618,-0.0754401105180898,0.0,0.0,0.0,-0.18794769334824424,-0.5352270857078906,0.16695955286073083,0.015886339817401642,-0.009528786387602826,0.06545355126582103,-0.09610670908116514,0.048256124538507805,-0.04762814121791026,0.0,0.0,0.0,0.22780317463343094,0.7873474239637831,2.09319492770528,0.27318352848129585,0.850115656735227,2.114659449452358,-0.017753258346468074,0.061202577284835934,0.029589265170903795,1.5227999862453991,2.4746902454477824,1.4138084951620113,-0.5895963883358557,-0.867470241584265,0.5587189061867209,-0.02456773100724679,0.2794961454759828,-0.251752887979374,0.5161329620250436,-0.25101071225350213,-0.8832777606928197,-0.08306372873499653,-0.4992931123428274,0.5436949011648458,-1.2739564040171403,0.45299899995658627,1.2300567413706867,1.575065838549261,2.392126637804941,1.5180860496706106,-1.1614162295949166,-0.9236391599815941,1.0392371573601007,0.0,0.0,0.0,0.0,0.0,0.0,0.0,0.0,0.0,0.0,0.0,0.0,9.0,9.0,9.0,9.0,9.0,9.0,6.0,6.0,6.0,6.0,6.0,6.0,-0.358651585662344,43.41964375426547,10.35688900542422,-0.2671180549382499,0.012049355304383669,4.33642874249629e-05,0.08385159875347174
26.80000000000049,-0.18836480304772665,-0.5366019491462259,0.17818893346000148,0.00022614392956125245,-0.002664120033637647,0.05451082962916329,-0.022222247912873194,0.025381240004129717,-0.08741027318437675,0.0,0.0,0.0,-0.18749522939757668,-0.5355077519011432,0.16908875539289692,0.014030165255678066,-0.008631955016525101,0.0646740318869096,-0.09623162496730497,0.04607166242707095,-0.07074125589826163,0.0,0.0,0.0,0.20653099673849035,0.7728564474135176,2.0878205785428983,0.24712329648651482,0.833172440052725,2.107199511226861,-0.018796561091916818,0.05673421062140045,0.027171591780015204,1.5218880374334973,2.483153660422043,1.4062980658412683,-0.5743349371810725,-0.8749731126385253,0.531546115445189,-0.026428219907116187,0.26243368131053446,-0.2341262157413166,0.47727334377067837,-0.23372765850304097,-0.8378817350615777,-0.055814666996081924,-0.5118739249634495,0.5288001671417221,-1.165788547630955,0.518491612513835,1.361880768937262,1.575065838549261,2.392126637804941,1.5180860496706106,-1.1614162295949166,-0.9236391599815941,1.0392371573601007,0.0,0.0,0.0,0.0,0.0,0.0,0.0,0.0,0.0,0.0,0.0,0.0,9.0,9.0,9.0,9.0,9.0,9.0,6.0,6.0,6.0,6.0,6.0,6.0,-0.2968051383708177,43.59319157681863,10.303963148940673,-0.28942904988065626,0.013397111822546881,7.029712739564653e-05,0.16017014184935693
26.833333333333826,-0.18845513032854902,-0.5366528514338829,0.1798773425342001,-0.0016852215857466168,-0.0019518179116983746,0.051666510620268995,-0.024058108727531093,0.021202621902859993,-0.08359861430758822,0.0,0.0,0.0,-0.1871093999802561,-0.5357604854582166,0.17118391382349243,0.012028441640137028,-0.007775213338913844,0.0636599477888504,-0.10185365168419791,0.0435476705504918,-0.08038034138162775,0.0,0.0,0.0,0.18629634349906793,0.7591774647305456,2.082960135247594,0.22183349895884616,0.816654437490097,2.1001272710883385,-0.01968487762284783,0.05186244776253881,0.02466927351961265,1.520923197283475,2.4910932771012675,1.3993085915040464,-0.5602096913264587,-0.8818934421444499,0.5059501427814105,-0.028106209636153425,0.2462702273546603,-0.21783155865820938,0.44159603168250255,-0.21631580961950525,-0.7912133649627628,-0.05033969187111715,-0.4849036186762245,0.488839712493216,-1.0703193626452745,0.5223554665060718,1.4000511029644445,1.575065838549261,2.392126637804941,1.5180860496706106,-1.1614162295949166,-0.9236391599815941,1.0392371573601007,0.0,0.0,0.0,0.0,0.0,0.0,0.0,0.0,0.0,0.0,0.0,0.0,9.0,9.0,9.0,9.0,9.0,9.0,6.0,6.0,6.0,6.0,6.0,6.0,-0.2731947661774299,43.827224159250484,10.265226257913827,-0.310972802572192,0.014549218342623238,8.498298421838468e-05,0.20419940871921832
26.86666666666716,-0.18860252379513134,-0.5366862572850185,0.18147256366501646,-0.003470716878397827,-0.0013544960977600069,0.048905312667608856,-0.0238288195335035,0.017731367483862684,-0.0801697482525558,0.0,0.0,0.0,-0.18679268977042998,-0.5359866795049478,0.17323783872573925,0.009941654136553712,-0.006960761436804466,0.06242612576198017,-0.10455713343699813,0.04096147404277595,-0.08923020348668187,0.0,0.0,0.0,0.16721471764851933,0.7462398844391601,2.0785037883008393,0.19744510380119568,0.8005944104224431,2.0934159729402446,-0.02045013822147599,0.04665482584409623,0.022196330757562412,1.5199044320251016,2.498516473669397,1.392815066934734,-0.5472386568486874,-0.8883330280104852,0.4819581025711976,-0.029744041712853237,0.2305540071474769,-0.20248101093898718,0.4066193667829251,-0.20089698719387492,-0.7435785925251792,-0.049134962300994345,-0.47148660621550215,0.4605164315766658,-1.0492999469873234,0.4625646727689101,1.4290431731275102,1.575065838549261,2.392126637804941,1.5180860496706106,-1.1614162295949166,-0.9236391599815941,1.0392371573601007,0.0,0.0,0.0,0.0,0.0,0.0,0.0,0.0,0.0,0.0,0.0,0.0,9.0,9.0,9.0,9.0,9.0,9.0,6.0,6.0,6.0,6.0,6.0,6.0,-0.26195709457386096,44.020116092626964,10.224175071840522,-0.3316322692945421,0.015436750666058208,9.17427330238696e-05,0.32690657079986934
26.900000000000496,-0.18879707594094364,-0.5367042153017041,0.1829778625635551,-0.005014277914779725,-0.0008356290252341247,0.04623158811508527,-0.019930031411785672,0.015426179858372151,-0.07686598281297433,0.0,0.0,0.0,-0.1865442840757762,-0.536187273726955,0.1752440937808051,0.00786406735100749,-0.006177181239769609,0.06099427492405548,-0.1027701967655501,0.03896096357360257,-0.0969744257076699,0.0,0.0,0.0,0.1494225210443093,0.7340078815011499,2.074352288433484,0.17409950239244082,0.7850196910609135,2.0870330587236836,-0.02111199773986936,0.04115409806775512,0.019838503302745333,1.5188402504857363,2.505418700050624,1.386813930433107,-0.5354720939949178,-0.8943829637500699,0.45964472728493266,-0.031198311358255276,0.2148958633403617,-0.18751640034552822,0.3708710460030358,-0.18796437718965112,-0.6941270365670252,-0.04362808936206116,-0.46974431421345575,0.4489383178037688,-1.072449623396679,0.38797830012671414,1.4835466787446208,1.575065838549261,2.392126637804941,1.5180860496706106,-1.1614162295949166,-0.9236391599815941,1.0392371573601007,0.0,0.0,0.0,0.0,0.0,0.0,0.0,0.0,0.0,0.0,0.0,0.0,9.0,9.0,9.0,9.0,9.0,9.0,6.0,6.0,6.0,6.0,6.0,6.0,-0.24402707187345496,44.18222185100001,10.185455979164434,-0.35077909280978603,0.016159418805112846,9.824897672927602e-05,0.46144870118359416
26.93333333333383,-0.1890204501001442,-0.5367099393624843,0.18438407349558847,-0.0061100427064866,-0.0004096115603232208,0.04339554537850627,-0.009833055846186493,0.012646724291229192,-0.08143861471576416,0.0,0.0,0.0,-0.1863581231426239,-0.5363637076440603,0.1771915904663447,0.0059452225919019415,-0.0054356774186554435,0.05924740193586518,-0.09391599359564085,0.03646182954943633,-0.11022769988532533,0.0,0.0,0.0,0.13294451121845208,0.7226188880549157,2.0705134914102534,0.15188959627961907,0.7700269757132162,2.0809822430969547,-0.02162336424316265,0.035391384245662544,0.017572381489858346,1.5177698929042702,2.5117915632713506,1.3813024926239161,-0.5248212345645158,-0.9000032713008163,0.4390646273452284,-0.03180658874874326,0.1990892188613293,-0.17273422296566102,0.33664087060905196,-0.17506094341147665,-0.6429776776497609,-0.018248321714639405,-0.4741993343709717,0.44346532139601613,-1.0269052618195151,0.38710301334523356,1.5344807675179306,1.575065838549261,2.392126637804941,1.5180860496706106,-1.1614162295949166,-0.9236391599815941,1.0392371573601007,0.0,0.0,0.0,0.0,0.0,0.0,0.0,0.0,0.0,0.0,0.0,0.0,9.0,9.0,9.0,9.0,9.0,9.0,6.0,6.0,6.0,6.0,6.0,6.0,-0.18266251616771823,44.32289759562415,10.149342315093973,-0.36706374052596874,0.016899983423304343,0.00010930202355780017,0.5708691679904051
26.966666666667166,-0.18926418140042564,-0.536704792296985,0.18570665590703508,-0.006885946975069446,-4.297786742484509e-05,0.04080740792866078,-0.00310145621170169,0.01092176990536209,-0.0739172092228175,0.0,0.0,0.0,-0.18623023780696746,-0.5365170009635446,0.1790788285628539,0.004153209409747961,-0.004727039489091806,0.05741604436820384,-0.08671181045323317,0.034440741654208296,-0.11238866294843719,0.0,0.0,0.0,0.11766006995076761,0.7118915258915738,2.0669176810482743,0.1308355011576345,0.7555879864531322,2.0752415586448727,-0.022025501527011382,0.02954090276924172,0.015450448190254377,1.5166976028335013,2.5176951751859287,1.3762269146166832,-0.5151958240748808,-0.9052953049461917,0.4199977710445227,-0.03204799766495747,0.18443531124534318,-0.15908963446654442,0.30472183332904784,-0.16419432071133272,-0.5956630185640346,-0.007242267486426327,-0.43961722847958334,0.40933765497349783,-0.957571118400124,0.3259986810043184,1.4194397725717884,1.575065838549261,2.392126637804941,1.5180860496706106,-1.1614162295949166,-0.9236391599815941,1.0392371573601007,0.0,0.0,0.0,0.0,0.0,0.0,0.0,0.0,0.0,0.0,0.0,0.0,9.0,9.0,9.0,9.0,9.0,9.0,6.0,6.0,6.0,6.0,6.0,6.0,-0.14472436935198885,44.52628302285079,10.126733954815046,-0.3824576205293215,0.01744566629322275,0.00010126416226013957,0.540951173914087
27.0000000000005,-0.18951774773774194,-0.5366891362706356,0.1869560815702859,-0.00734444954406864,0.0002943035201828526,0.03850333736056566,0.004012944479815553,0.010063857104559096,-0.06548823312129486,0.0,0.0,0.0,-0.18615503325795466,-0.5366477299482073,0.18090493846950007,0.0025252471103370234,-0.004038418835290626,0.05555072308773078,-0.07784587036650414,0.03306433132944697,-0.11215761195129303,0.0,0.0,0.0,0.10336592168263158,0.7018315833085373,2.063582914974165,0.11089264428993917,0.7417254946472445,2.0698175048172884,-0.022279056495828738,0.023720533712929197,0.013427879815069717,1.5156456728631995,2.5231954821757143,1.3715361821048315,-0.5063926071207092,-0.9102374038915135,0.40223461361428153,-0.03172126529435426,0.1714845768774888,-0.14684452839254747,0.27763828352644837,-0.15357341914354758,-0.5538174881261675,0.009801971118096338,-0.3885220310356314,0.3673531822199082,-0.8125064940779843,0.3186270470335545,1.2553659131360142,1.575065838549261,2.392126637804941,1.5180860496706106,-1.1614162295949166,-0.9236391599815941,1.0392371573601007,0.0,0.0,0.0,0.0,0.0,0.0,0.0,0.0,0.0,0.0,0.0,0.0,9.0,9.0,9.0,9.0,9.0,9.0,6.0,6.0,6.0,6.0,6.0,6.0,-0.09044831003128961,44.75532209846255,10.115159698260488,-0.3955811400292568,0.018027441704467906,9.31452351248252e-05,0.6185704533360206
27.033333333333836,-0.18976927396313686,-0.5366649478926392,0.18814360221469267,-0.00745841672606689,0.0005824527071342563,0.03651664696649961,0.012298589369902944,0.008686140365926392,-0.05618340812498161,0.0,0.0,0.0,-0.18612524484763698,-0.536757210146802,0.1826704864988424,0.0011099507825783985,-0.0033870025514849867,0.05369603119642711,-0.06679344475542193,0.030895029853642342,-0.10984480021384746,0.0,0.0,0.0,0.09013954451066737,0.6923043258596356,2.0604214656225497,0.09211115437700815,0.7284057612692482,2.0646807375684566,-0.022449042940121056,0.017967860337566484,0.01158341606993887,1.5146220359015654,2.528299870914778,1.3672292212020327,-0.4984992627723926,-0.9149501036147751,0.3857782838710487,-0.0310464943307987,0.15924930040711316,-0.13508739418682392,0.2504129814751476,-0.14544513417974686,-0.5137324242400456,0.02024312890666694,-0.36705829411126956,0.3527140261717067,-0.8167590615390228,0.24384854891402197,1.2025519165836571,1.575065838549261,2.392126637804941,1.5180860496706106,-1.1614162295949166,-0.9236391599815941,1.0392371573601007,0.0,0.0,0.0,0.0,0.0,0.0,0.0,0.0,0.0,0.0,0.0,0.0,9.0,9.0,9.0,9.0,9.0,9.0,6.0,6.0,6.0,6.0,6.0,6.0,-0.057279153755929624,44.918007001273956,10.096591618431535,-0.40889890405880785,0.018391031884612108,8.721486226032082e-05,0.8381777361015829
27.06666666666717,-0.19000958103562296,-0.5366359164065848,0.1892625841611708,-0.007274231466112044,0.0007786285656876928,0.03449871384126475,0.019258079863102164,0.005943617352126272,-0.057480035164938825,0.0,0.0,0.0,-0.18613364352528805,-0.5368476316982395,0.18436956944284524,-8.646784869493162e-05,-0.0027979293146561113,0.05169132921814159,-0.05559568869843545,0.027563382760712685,-0.11524003355289603,0.0,0.0,0.0,0.07796637170817379,0.6835169321206409,2.057461909931637,0.07451295062167983,0.7157269772187733,2.0598386102098196,-0.022457459812451678,0.012259041438969658,0.009860678587453008,1.5136536177872653,2.533018978428793,1.3632884797541338,-0.4913873499153981,-0.9193537622597623,0.3706902797683383,-0.029717193729604425,0.147465250416001,-0.12384396035358701,0.22570925096493924,-0.136554884292992,-0.4730042234675562,0.03987901803582819,-0.35352149973336444,0.33730301499710713,-0.7411119153062512,0.26670749660264537,1.2218460231746817,1.575065838549261,2.392126637804941,1.5180860496706106,-1.1614162295949166,-0.9236391599815941,1.0392371573601007,0.0,0.0,0.0,0.0,0.0,0.0,0.0,0.0,0.0,0.0,0.0,0.0,9.0,9.0,9.0,9.0,9.0,9.0,6.0,6.0,6.0,6.0,6.0,6.0,-0.005095193197399039,45.05202603244715,10.07613076965289,-0.41972878716527806,0.018906530232049246,9.612843792117243e-05,1.04132284665289
27.100000000000506,-0.19023025253575743,-0.536605018745717,0.19033190042712428,-0.006821506103027569,0.0008846278183862379,0.032845684071299334,0.025660728625787645,0.003277516758374785,-0.04694867370136248,0.0,0.0,0.0,-0.18617292781834524,-0.5369213513046059,0.18600607371679795,-0.0010612998034571785,-0.002279209845377943,0.0497658248538579,-0.044417960805831935,0.023897541689079205,-0.1096997448306567,0.0,0.0,0.0,0.06680437802802613,0.6753330337407206,2.0546150536399637,0.05810502233320755,0.703667632351437,2.0552560410724166,-0.02235337468927394,0.006690124424212169,0.008318379658242812,1.5127423223343741,2.5374042172662987,1.3596737418707892,-0.48504895439788515,-0.9235657451277087,0.35686690505280055,-0.028131640301023303,0.1368598602221145,-0.11357607778475673,0.20200432733857263,-0.1297579521232593,-0.43413556879994025,0.04756660285743366,-0.3181617058165952,0.30803647706490844,-0.7111477087909984,0.2039079650919809,1.1660596400284795,1.575065838549261,2.392126637804941,1.5180860496706106,-1.1614162295949166,-0.9236391599815941,1.0392371573601007,0.0,0.0,0.0,0.0,0.0,0.0,0.0,0.0,0.0,0.0,0.0,0.0,9.0,9.0,9.0,9.0,9.0,9.0,6.0,6.0,6.0,6.0,6.0,6.0,0.02471963963084467,45.22085109121908,10.063095826658307,-0.43080322263400694,0.019194572918225905,9.223577532008198e-05,0.9540276104609071
27.13333333333384,-0.19042629997565433,-0.5365757858729853,0.19136279003525283,-0.006179014170471736,0.0008897214117469842,0.03153710528209904,0.029980725639695047,0.0002929224991686224,-0.03705006417556621,0.0,0.0,0.0,-0.18623667760001256,-0.5369811055018991,0.18758343440892716,-0.00183700716765053,-0.0018418227735948487,0.04794182415696,-0.03445475647881846,0.019759299636717742,-0.10319977829963012,0.0,0.0,0.0,0.056601994605566974,0.6676993907667726,2.05182925474551,0.04288026701753606,0.6922165519238985,2.0509021020754434,-0.022147832985476075,0.0013163530835511605,0.006967414359102572,1.5118908258172754,2.541498238754112,1.356345055614715,-0.4794358089373645,-0.9276440557740352,0.3442316957284163,-0.02640714377565049,0.1275003831636339,-0.10443241771640396,0.17959768498993753,-0.12481886363428149,-0.39741604275433173,0.05173489576118442,-0.28078431175441776,0.2743098020505832,-0.6721992704590529,0.14817265466933421,1.101585781368256,1.575065838549261,2.392126637804941,1.5180860496706106,-1.1614162295949166,-0.9236391599815941,1.0392371573601007,0.0,0.0,0.0,0.0,0.0,0.0,0.0,0.0,0.0,0.0,0.0,0.0,9.0,9.0,9.0,9.0,9.0,9.0,6.0,6.0,6.0,6.0,6.0,6.0,0.046449735485314836,45.38357459570215,10.051025494547774,-0.4408456537843084,0.01945780755052029,8.765619592904228e-05,0.9989937872318796
27.166666666667176,-0.19059539327247177,-0.5365500004285668,0.19234915104462527,-0.005426736181099108,0.0008242004912059351,0.03021883636430104,0.032012548938522775,-0.0018050109484568288,-0.03776772562811618,0.0,0.0,0.0,-0.18631951267672128,-0.5370290839165412,0.18909857808472136,-0.0024438783413048685,-0.001473230372543315,0.046054343720472395,-0.02606110105859516,0.016272270219143792,-0.10466154379851522,0.0,0.0,0.0,0.04729527777234007,0.66062789019372,2.049120769500236,0.028816862890184976,0.6813865755917544,2.046772189127456,-0.02183420870145138,-0.0038346126919076504,0.005771727603726085,1.5111061665657823,2.545309831589637,1.3532818438780412,-0.47446013979675195,-0.9315682188728919,0.33272052960588755,-0.024495566288412124,0.11873198443171672,-0.09607504063894313,0.15937927780889666,-0.12008954985522796,-0.36269533670201876,0.05734732461715098,-0.2630519619575157,0.2507213123238248,-0.6065522154312262,0.14187941337160584,1.0416211815693897,1.575065838549261,2.392126637804941,1.5180860496706106,-1.1614162295949166,-0.9236391599815941,1.0392371573601007,0.0,0.0,0.0,0.0,0.0,0.0,0.0,0.0,0.0,0.0,0.0,0.0,9.0,9.0,9.0,9.0,9.0,9.0,6.0,6.0,6.0,6.0,6.0,6.0,0.06656999795161078,45.496978369777516,10.033891279601455,-0.44897828376943255,0.019769344053900628,8.486416698633148e-05,1.0726568917940846
27.20000000000051,-0.19073456927065635,-0.5365309234817136,0.1933143616977331,-0.0045781979237712305,0.0006704060672060178,0.029363834314831583,0.033927304433813144,-0.004411407898478299,-0.024258495427996234,0.0,0.0,0.0,-0.18641601495900295,-0.5370681246879982,0.1905598881972975,-0.0028854919146583417,-0.001188307693240442,0.044375016962472,-0.017944770442020364,0.012123185645005918,-0.09321199911932077,0.0,0.0,0.0,0.03879887727554859,0.6540298505267629,2.0464342902985635,0.015877029332091612,0.6711504871468766,2.042836261416002,-0.021433600556528026,-0.008696533763135785,0.004748449114439647,1.5103857216543106,2.5489070707998693,1.3504344510096953,-0.47008035721232216,-0.935408671118106,0.3222142138419263,-0.02257408699223813,0.1115221123485479,-0.08897287091323297,0.14072207762489455,-0.11683889485602533,-0.3310247608465641,0.05764437888521983,-0.21629616249506434,0.2130650917713048,-0.5597160055200632,0.09751964997607895,0.9501172756636389,1.575065838549261,2.392126637804941,1.5180860496706106,-1.1614162295949166,-0.9236391599815941,1.0392371573601007,0.0,0.0,0.0,0.0,0.0,0.0,0.0,0.0,0.0,0.0,0.0,0.0,9.0,9.0,9.0,9.0,9.0,9.0,6.0,6.0,6.0,6.0,6.0,6.0,0.08016337686353103,45.66723019358697,10.029090813343226,-0.4572755607142464,0.01998169895226476,7.765323403935431e-05,1.0120014921711096
27.233333333333846,-0.19084622702695328,-0.5365188495805167,0.19427470453122053,-0.003745127466906868,0.0004816457441380933,0.028988196910245154,0.03277299580394625,-0.005379450591218261,-0.010201619164468493,0.0,0.0,0.0,-0.18652292396246334,-0.5370999721759057,0.1919759246283029,-0.003218206857345696,-0.000960961151668577,0.04294863742769561,-0.012611825338685989,0.009268456553895632,-0.0797983468565362,0.0,0.0,0.0,0.031010541924115557,0.6477427249267165,2.043737129058035,0.004006585663664244,0.6614378044534269,2.03906693679157,-0.020992495131954624,-0.013192771824997318,0.003900034665440741,1.509717581130908,2.552336760033838,1.3477677361581413,-0.4662731052398255,-0.9392283699626007,0.3125440573356799,-0.020887506132128583,0.10576782212889044,-0.08299192066882602,0.12305239865823116,-0.11534027517523646,-0.3037447170737825,0.0505974258032864,-0.17262870658972393,0.17942850733220844,-0.530090368999902,0.044958590423666324,0.8184013131834502,1.575065838549261,2.392126637804941,1.5180860496706106,-1.1614162295949166,-0.9236391599815941,1.0392371573601007,0.0,0.0,0.0,0.0,0.0,0.0,0.0,0.0,0.0,0.0,0.0,0.0,9.0,9.0,9.0,9.0,9.0,9.0,6.0,6.0,6.0,6.0,6.0,6.0,0.07506532795039367,45.82667910289776,10.02575181688581,-0.46484647542712426,0.02014490644037359,6.397314227984952e-05,0.9588517328827442
27.26666666666718,-0.19093224827898095,-0.5365118099277753,0.19522108500488783,-0.002954896106558493,0.00031948083086486955,0.02858892781940733,0.030873370344121902,-0.004499315956556683,-0.011189137549705306,0.0,0.0,0.0,-0.18663729000181653,-0.5371251252277305,0.19334555649041488,-0.0034584622173736866,-0.0007551020637750375,0.04153126241830683,-0.008127561741821054,0.008167244027838194,-0.07817989347441134,0.0,0.0,0.0,0.023858185748520486,0.6417302107484079,2.041056823787749,-0.006846519415282831,0.6522160171438778,2.035461450146416,-0.020514681971224483,-0.01731191648218683,0.0031855174606005704,1.509100657043634,2.5555927269362395,1.345277810786948,-0.4629758264379851,-0.9430063879736725,0.3036193766957888,-0.019300983789522254,0.10037527875766503,-0.07746248098013965,0.10696304225621829,-0.11400711861318173,-0.2797418518224173,0.04759567027818983,-0.1617763011367624,0.16588319066059093,-0.48268069206038594,0.03999469686164159,0.7200859575409563,1.575065838549261,2.392126637804941,1.5180860496706106,-1.1614162295949166,-0.9236391599815941,1.0392371573601007,0.0,0.0,0.0,0.0,0.0,0.0,0.0,0.0,0.0,0.0,0.0,0.0,9.0,9.0,9.0,9.0,9.0,9.0,6.0,6.0,6.0,6.0,6.0,6.0,0.07168449269911759,45.91332781954692,10.013089308002252,-0.4704413892410774,0.020338421850118582,5.491480216440747e-05,1.013346527518778
27.300000000000516,-0.19099870279022468,-0.5365052571547138,0.1961788458356518,-0.0023000051762914545,0.00025775645919332534,0.028688150133700317,0.02642395953597949,-0.0013624251819449344,0.0035617384355334856,0.0,0.0,0.0,-0.18675836161490825,-0.5371426234967883,0.19468039347097016,-0.0036655495826563977,-0.0005276469033545857,0.040415966321018376,-0.006519662231946111,0.009130820153888664,-0.06265900319309292,0.0,0.0,0.0,0.017243294382122343,0.6358696008641445,2.038362682209136,-0.01674857204189426,0.6434190785521849,2.0319972771631685,-0.020026427024207608,-0.021003790319171274,0.0026070362379654165,1.5085178224758153,2.558731460873781,1.342942613620716,-0.4601775317930267,-0.9467884163542986,0.2952920724579065,-0.01809035261954858,0.09623310500338247,-0.07252477031801824,0.09162024031790857,-0.11364294048358127,-0.2597933686984514,0.036318935099210185,-0.12426521262847665,0.14813131986364242,-0.46028405814929185,0.010925343888013691,0.5984544937189766,1.575065838549261,2.392126637804941,1.5180860496706106,-1.1614162295949166,-0.9236391599815941,1.0392371573601007,0.0,0.0,0.0,0.0,0.0,0.0,0.0,0.0,0.0,0.0,0.0,0.0,9.0,9.0,9.0,9.0,9.0,9.0,6.0,6.0,6.0,6.0,6.0,6.0,0.053158097047340425,46.059737288005046,10.016542492533569,-0.4761046340808391,0.02047729146229238,4.278915514516202e-05,0.9138785130773674
27.33333333333385,-0.19105628344146358,-0.5364910881503716,0.19715563225701666,-0.0019040641705934704,0.0003916837630787177,0.02910545798459008,0.018366870377902758,0.004613689929071829,0.012972029875990845,0.0,0.0,0.0,-0.1868880857466058,-0.5371493839552512,0.1959877743132913,-0.003918031295554221,-0.00021733810110628976,0.03953574771527333,-0.00866981750021667,0.012999151175449697,-0.050534026103669305,0.0,0.0,0.0,0.011116713392586693,0.6301782340030047,2.0356537443151974,-0.02575328052410782,0.6350308082468027,2.0286611478601952,-0.019510264923846648,-0.02428773112383838,0.0021412477946542545,1.5079515226567823,2.561771788800639,1.340764244143996,-0.45783788960213495,-0.9505508692238012,0.2875140574500373,-0.01735611392051277,0.09288426020495552,-0.06774231297374034,0.07733292392380331,-0.11313003755124544,-0.24215808972353609,0.02202716097107435,-0.1004653439528086,0.14347372032833702,-0.4286194918231576,0.015387087970074861,0.5290583692474592,1.575065838549261,2.392126637804941,1.5180860496706106,-1.1614162295949166,-0.9236391599815941,1.0392371573601007,0.0,0.0,0.0,0.0,0.0,0.0,0.0,0.0,0.0,0.0,0.0,0.0,9.0,9.0,9.0,9.0,9.0,9.0,6.0,6.0,6.0,6.0,6.0,6.0,0.02328547257289859,46.176895233028795,10.019365831579188,-0.4803859105126279,0.020655222528534356,3.8288059430735544e-05,0.9440801411063157
27.366666666667186,-0.19111406107058587,-0.5364590345474125,0.19815314277857043,-0.0017759284912846895,0.000795969304596654,0.029661464657030106,0.010049876712654117,0.012783122762792495,0.01705727578510524,0.0,0.0,0.0,-0.18702888530962897,-0.5371405850828677,0.19727235766221893,-0.0042398596484344055,0.0002298300823939373,0.03881129077037527,-0.01193437768987371,0.01939284809287045,-0.04234637073484748,0.0,0.0,0.0,0.005455998464769188,0.6247229310607522,2.0329331155838912,-0.03390321850583426,0.6270658011377422,2.0254435105647395,-0.018941419275751017,-0.027202553369376357,0.0017667232817810078,1.5073885430430358,2.564715765470802,1.33876072042786,-0.4559176040739476,-0.954256933351909,0.2802833026083708,-0.017044963581767977,0.0898409534715785,-0.06265124531396613,0.06418335187168121,-0.11183129507923788,-0.2253344600745073,0.009334510162343716,-0.09129920200131043,0.15273202979322642,-0.39448716156366287,0.038962274160226705,0.5047088894708636,1.575065838549261,2.392126637804941,1.5180860496706106,-1.1614162295949166,-0.9236391599815941,1.0392371573601007,0.0,0.0,0.0,0.0,0.0,0.0,0.0,0.0,0.0,0.0,0.0,0.0,9.0,9.0,9.0,9.0,9.0,9.0,6.0,6.0,6.0,6.0,6.0,6.0,-0.006789878168852237,46.263844017478604,10.020310950974775,-0.48350228100236803,0.02082550059266519,3.978671637805409e-05,0.9408850186696028
27.40000000000052,-0.1911723730494242,-0.5364110276230596,0.1991507717760266,-0.0017439829145559907,0.0012503601320435868,0.02985049181287287,0.006804385331270684,0.014306554990961964,0.005996069123635296,0.0,0.0,0.0,-0.18718014077141168,-0.5371158297241863,0.1985286710167399,-0.004555928215921495,0.0007074731953000136,0.037968886152407344,-0.011586957858460867,0.02065072066673146,-0.047296048758505016,0.0,0.0,0.0,0.0002329882576055584,0.6194919940140023,2.0302133363057986,-0.041241104368144064,0.6195147086555923,2.0223398261121623,-0.01833089945217169,-0.029759647516975848,0.0014662482107821676,1.5068296270693218,2.567537634028267,1.3369241852965192,-0.4543599480600958,-0.9578974329080928,0.27356420396971176,-0.01685997400153621,0.08638435563982089,-0.05761445106479987,0.05254757090093021,-0.11008708948342223,-0.20949345946468306,0.00554968740695307,-0.10369793495272825,0.15110382747498757,-0.3490734291225301,0.05232616787446956,0.4752300182947271,1.575065838549261,2.392126637804941,1.5180860496706106,-1.1614162295949166,-0.9236391599815941,1.0392371573601007,0.0,0.0,0.0,0.0,0.0,0.0,0.0,0.0,0.0,0.0,0.0,0.0,9.0,9.0,9.0,9.0,9.0,9.0,6.0,6.0,6.0,6.0,6.0,6.0,-0.017862471586032713,46.28682414704652,9.999566072884269,-0.4863304999039306,0.020924071852189252,3.86633112112178e-05,0.8373600773575797
27.433333333333856,-0.19124116354501877,-0.536335307316326,0.20015544527701087,-0.0019430530589202933,0.001956690880708145,0.03005456772569359,-0.0005248943730524723,0.021834503993596172,0.006432520998447386,0.0,0.0,0.0,-0.18734499502705224,-0.5370697450779334,0.19976015516821233,-0.004952340095914499,0.0013284001286546624,0.03719831243713661,-0.015342321930041258,0.02726549002457901,-0.043169825487097135,0.0,0.0,0.0,-0.004561224087717103,0.6145914127045026,2.0274962149192826,-0.047802359143109575,0.6124149534622415,2.0193435681505307,-0.01764352099380323,-0.03200924222790852,0.0012239812930386045,1.5062609398480764,2.5702470458894693,1.3352766110295229,-0.45312998040497127,-0.9614264871382159,0.2673835279382362,-0.016993735758752307,0.08298302243732472,-0.052156302361531154,0.042115210069467224,-0.10727678109693603,-0.193444673784405,-0.004012852716482935,-0.10203999607488504,0.16374446109806154,-0.31297082494388945,0.08430925159458591,0.48146357040834176,1.575065838549261,2.392126637804941,1.5180860496706106,-1.1614162295949166,-0.9236391599815941,1.0392371573601007,0.0,0.0,0.0,0.0,0.0,0.0,0.0,0.0,0.0,0.0,0.0,0.0,9.0,9.0,9.0,9.0,9.0,9.0,6.0,6.0,6.0,6.0,6.0,6.0,-0.04215789533184444,46.3511480757119,9.996684572605709,-0.4884441587684824,0.021058963273187903,4.386179883403285e-05,0.8134506467638764
27.46666666666719,-0.19131982620848412,-0.5362273066427866,0.20116208696016113,-0.00220703248121954,0.0028380037933767085,0.03016112394520889,-0.0029053530134260912,0.02701530213482817,0.003498824027172728,0.0,0.0,0.0,-0.18752319557607383,-0.5369987665282779,0.20096675402945985,-0.005354090317755577,0.002062579044882181,0.03643732255710675,-0.015485358799848026,0.03237672021769633,-0.04206898218849009,0.0,0.0,0.0,-0.008960088834139561,0.6100407260599372,2.0248042083186055,-0.05363066523778284,0.6057792246842874,2.016456745656262,-0.016882046517651836,-0.03396479425220307,0.0010192978115553131,1.5056859741342496,2.5728356028029244,1.3338315111003014,-0.4521918541161267,-0.9648205712048137,0.261713881338613,-0.01716389286278726,0.0794321457482083,-0.04628743270494089,0.03280092913338038,-0.10364060836426747,-0.17787448992059948,-0.005104713121048577,-0.1065263006734928,0.17606608969770807,-0.27942842808260515,0.10908518198005653,0.4671055159141653,1.575065838549261,2.392126637804941,1.5180860496706106,-1.1614162295949166,-0.9236391599815941,1.0392371573601007,0.0,0.0,0.0,0.0,0.0,0.0,0.0,0.0,0.0,0.0,0.0,0.0,9.0,9.0,9.0,9.0,9.0,9.0,6.0,6.0,6.0,6.0,6.0,6.0,-0.046824759706999064,46.39748819127976,9.988074651646693,-0.4903596347267077,0.021136111622100495,4.53328441316625e-05,0.6944267269645608
27.500000000000526,-0.19140276839998546,-0.5360943172189466,0.2021549366250604,-0.0023810629741399412,0.003631165823527553,0.029919083986664294,-0.0006324884862987205,0.02426075705064191,-0.006971151605121019,0.0,0.0,0.0,-0.18771183704895872,-0.5369045032434918,0.2021430943532049,-0.005681472248751063,0.0027717882161488088,0.035539222443218554,-0.011836148240774058,0.030855632093388152,-0.047974644928211685,0.0,0.0,0.0,-0.013113530055243539,0.605839038399828,2.0221860493739023,-0.058821516371063524,0.599607667538463,2.013694664849776,-0.01602990780742285,-0.035594169265765405,0.000807846686191268,1.5051194774984733,2.5753173773598474,1.3325421823552706,-0.4513858549282347,-0.9680501476145253,0.25641531710953336,-0.017051230336456797,0.07611287305453235,-0.04121571913559478,0.027053626802301056,-0.09913839764899035,-0.16526278122179353,0.003379875789913866,-0.09957818081027865,0.1521514070803832,-0.17241906993237985,0.13506632145831388,0.37835126096417876,1.575065838549261,2.392126637804941,1.5180860496706106,-1.1614162295949166,-0.9236391599815941,1.0392371573601007,0.0,0.0,0.0,0.0,0.0,0.0,0.0,0.0,0.0,0.0,0.0,0.0,9.0,9.0,9.0,9.0,9.0,9.0,6.0,6.0,6.0,6.0,6.0,6.0,-0.023916116737609405,46.445421362225495,9.9674743095551,-0.49226140018638614,0.02120573833089412,4.027137515988377e-05,0.5402684781303124
27.53333333333386,-0.1914858494821559,-0.5359332210591287,0.20313848225052084,-0.002442202998033758,0.004457283382564467,0.029649861389265533,0.0024661375865929194,0.025138878109572205,-0.007802172162226533,0.0,0.0,0.0,-0.18790785809945212,-0.5367854860658473,0.203290734971441,-0.005918646389958361,0.003515088511103946,0.034661445267093645,-0.007478829226652106,0.03216974616667834,-0.046331289197027115,0.0,0.0,0.0,-0.017224167915471326,0.6018854438580638,2.0196653810083958,-0.06350780253239738,0.5938541354054818,2.0110659557826485,-0.015097294374323784,-0.03682695533942297,0.0005677124863843024,1.504566797270518,2.5777298407910423,1.3313832903134497,-0.45059621899805286,-0.9711304326400617,0.25126065477665815,-0.016737348004592412,0.07362022630873642,-0.03691641388161854,0.024810594204403676,-0.09465183306039136,-0.15818084039810223,0.0094164699559315,-0.07477940237387788,0.12897915761928747,-0.06729097793692136,0.13459693765796948,0.212458224710739,1.575065838549261,2.392126637804941,1.5180860496706106,-1.1614162295949166,-0.9236391599815941,1.0392371573601007,0.0,0.0,0.0,0.0,0.0,0.0,0.0,0.0,0.0,0.0,0.0,0.0,9.0,9.0,9.0,9.0,9.0,9.0,6.0,6.0,6.0,6.0,6.0,6.0,-0.004270019049255058,46.53592782401001,9.959309664294889,-0.49416258978153027,0.021205743062318705,2.6251565461543613e-05,0.389937225205467
27.566666666667196,-0.19156030473827312,-0.5357527107296667,0.20411384473665375,-0.0022904041390487233,0.005120512205360037,0.029394538429196794,0.00860275580769667,0.020180347132834894,-0.00741575284691854,0.0,0.0,0.0,-0.1881058728704029,-0.5366447894202974,0.20441110667798004,-0.006003207749696299,0.004183801211172237,0.03382403636152919,-0.00020509928909895336,0.028303068964724787,-0.04376732167980535,0.0,0.0,0.0,-0.021209053347393644,0.5981506545939951,2.0172237218770124,-0.06771638840708936,0.5884917569433067,2.0085633606297573,-0.0141276752699919,-0.037734857566793255,0.0003306671226737598,1.5040404780349246,2.580066086132586,1.3303489265792334,-0.44989441185321544,-0.974097878913349,0.2463187560450208,-0.01610550071339908,0.07126498226711889,-0.032992745978199144,0.02230634096488299,-0.09089953648587538,-0.15156492143211464,0.018955418735799933,-0.07065732124852607,0.11771003710258189,-0.0751275971856206,0.1125688972354795,0.1984775689796277,1.575065838549261,2.392126637804941,1.5180860496706106,-1.1614162295949166,-0.9236391599815941,1.0392371573601007,0.0,0.0,0.0,0.0,0.0,0.0,0.0,0.0,0.0,0.0,0.0,0.0,9.0,9.0,9.0,9.0,9.0,9.0,6.0,6.0,6.0,6.0,6.0,6.0,0.021279332144060525,46.5808100187547,9.93883266439685,-0.4975675568261033,0.021179443584222524,2.2993152989869703e-05,0.46970257035898916
27.60000000000053,-0.19161978511669214,-0.5355648200591392,0.20507974157205136,-0.0019408930338798286,0.005488929182526914,0.029118661878944643,0.014279710226486862,0.011253273493482324,-0.008077957994571009,0.0,0.0,0.0,-0.1883007856296795,-0.5364880993576346,0.2055047950557957,-0.005933439869387876,0.004694315902461242,0.033008100017788776,0.007063627924016824,0.02051022103537825,-0.04214599773991434,0.0,0.0,0.0,-0.025054691756089615,0.5947212354126742,2.014856585900528,-0.07148033327638766,0.5835439447851871,2.006182034147217,-0.013095707645087648,-0.03837830397815441,9.631554480812876e-05,1.503554402154932,2.582348438567317,1.3293941203139512,-0.44922704030343524,-0.9769461939987715,0.24164217236497698,-0.015090017837651576,0.06940204278366965,-0.03009370729837531,0.020782877983897503,-0.08726614720374225,-0.14405331407824779,0.03046448627242519,-0.055888184503477024,0.086971160394715,-0.04570388942956461,0.10900167846399395,0.22534822061600576,1.575065838549261,2.392126637804941,1.5180860496706106,-1.1614162295949166,-0.9236391599815941,1.0392371573601007,0.0,0.0,0.0,0.0,0.0,0.0,0.0,0.0,0.0,0.0,0.0,0.0,9.0,9.0,9.0,9.0,9.0,9.0,6.0,6.0,6.0,6.0,6.0,6.0,0.05460012911030798,46.63717594614737,9.915094669879725,-0.5010904054795697,0.021219543497688287,2.7176551503471646e-05,0.4551332159103568
27.633333333333866,-0.1916638893943442,-0.5353777213755868,0.20602343516128202,-0.0015175038989684543,0.005594880000035768,0.028581840277682638,0.016245998151626084,0.003320627529690886,-0.01595528651456214,0.0,0.0,0.0,-0.18848988870951308,-0.5363205850578893,0.2065672513004079,-0.005770862895624228,0.005047635156151678,0.03207809975067865,0.011320089029974945,0.012863062502464828,-0.0470055210350413,0.0,0.0,0.0,-0.028759170556646205,0.5914937525128642,2.012545758563297,-0.07483260441008112,0.5789661737256391,2.003909606622254,-0.012055188879195579,-0.03875284339486619,-0.0001161709332149069,1.503105065592691,2.584561814417133,1.328494781316434,-0.4486017085940773,-0.9797181012671168,0.23719037299355158,-0.014016737190703704,0.06740153125754222,-0.02801801571647071,0.01943426018179127,-0.08452686110148544,-0.1370537587879236,0.032198419408436166,-0.060015345783822935,0.06227074745713807,-0.040458534063187016,0.08217858306770438,0.20998665870972508,1.575065838549261,2.392126637804941,1.5180860496706106,-1.1614162295949166,-0.9236391599815941,1.0392371573601007,0.0,0.0,0.0,0.0,0.0,0.0,0.0,0.0,0.0,0.0,0.0,0.0,9.0,9.0,9.0,9.0,9.0,9.0,6.0,6.0,6.0,6.0,6.0,6.0,0.0610760074649459,46.64649018724959,9.88185401924942,-0.5044915863272774,0.021210961646495052,2.3357194673889747e-05,0.3253748694212892
27.6666666666672,-0.1916875535879659,-0.5352009668790241,0.20694983498291838,-0.0009683562199662623,0.005422571052771942,0.028056698593937703,0.01977172138372861,-0.005093532287015143,-0.015660540503899756,0.0,0.0,0.0,-0.18866900460772787,-0.5361483356834563,0.2075999904459433,-0.005486645601771813,0.005220182155096189,0.031170676562794902,0.016901122517203326,0.004188279677014961,-0.045316818811955706,0.0,0.0,0.0,-0.032313200051168785,0.5885592355570763,2.0102782373454815,-0.07780202041423964,0.5747817917359921,2.0017351662342127,-0.010974409181792499,-0.03891492590774581,-0.00030667815788084155,1.5027032408247711,2.5867378057569095,1.3276090072361568,-0.44797026981815735,-0.9824114471978448,0.2330144092097777,-0.012708741088630291,0.06598700388137292,-0.027054820177701968,0.019106862245661476,-0.08204253898172191,-0.12920386193811928,0.039239883062202364,-0.04243582128507907,0.02889586616306225,-0.009821938083893901,0.0745296635929059,0.23549690549413027,1.575065838549261,2.392126637804941,1.5180860496706106,-1.1614162295949166,-0.9236391599815941,1.0392371573601007,0.0,0.0,0.0,0.0,0.0,0.0,0.0,0.0,0.0,0.0,0.0,0.0,9.0,9.0,9.0,9.0,9.0,9.0,6.0,6.0,6.0,6.0,6.0,6.0,0.08413541230600607,46.704366102135594,9.859002622293275,-0.5079553261531858,0.021253481471397162,2.7595446901840237e-05,0.3271920797032933
27.700000000000536,-0.1916929258105592,-0.5350390855172286,0.20785518257109256,-0.0004202902489230942,0.005066864157855351,0.02746062883731291,0.019487629362460887,-0.010672518215838436,-0.017836983150005467,0.0,0.0,0.0,-0.1888367467998498,-0.5359758228069057,0.20860201924594907,-0.005148683896949535,0.005250327603372804,0.03024126496659126,0.019189238537820508,-0.002556086305467886,-0.04578125963745183,0.0,0.0,0.0,-0.03570562945809021,0.58592603277738,2.008043617083974,-0.08041326155005342,0.5709937877637411,1.9996480027106451,-0.009864521479619451,-0.03889137561085202,-0.00046954961796916855,1.5023451609402207,2.5888791285269055,1.326717007397698,-0.4473169063063627,-0.9850303723849516,0.2291270329879513,-0.011397844720551017,0.06482212336038151,-0.02685827016174221,0.019436224317779062,-0.079726016736045,-0.12081547841590126,0.03932689104237822,-0.03494641562974234,0.005896500478792785,0.009880862163527538,0.06949566737030738,0.25165150566654043,1.575065838549261,2.392126637804941,1.5180860496706106,-1.1614162295949166,-0.9236391599815941,1.0392371573601007,0.0,0.0,0.0,0.0,0.0,0.0,0.0,0.0,0.0,0.0,0.0,0.0,9.0,9.0,9.0,9.0,9.0,9.0,6.0,6.0,6.0,6.0,6.0,6.0,0.08778190055662383,46.74190310802802,9.835853281099292,-0.5110158589525047,0.02130576993316513,3.0040608160808446e-05,0.26421877134778504
27.73333333333387,-0.19168306214699748,-0.5348919956403956,0.20872924303966284,6.641818997098464e-05,0.0046510073595729465,0.026636469419242616,0.017409644123936897,-0.012518329344663777,-0.02472453106032768,0.0,0.0,0.0,-0.18899283281300805,-0.5358053730142687,0.20956908951388303,-0.004795608027551345,0.005199257214425523,0.029199111463633666,0.01961741997319333,-0.006309455916492013,-0.05057042766791486,0.0,0.0,0.0,-0.038944614701694295,0.5834665034724741,2.0058351845852056,-0.08269568699835397,0.5675448935942663,1.9976375337835492,-0.008783858708810117,-0.03866471613836216,-0.0005963823911722711,1.502021296730355,2.5909600216006137,1.3258255665018392,-0.44667362264052174,-0.9876070830534165,0.2254649527554544,-0.010276565770828399,0.06322523592762753,-0.02678157463775414,0.019344414756079925,-0.07810955228131161,-0.11351343078857189,0.03363836849167856,-0.04790662298261944,0.0023008657196421276,-0.0027542868509741443,0.04849393364200167,0.21906142881988117,1.575065838549261,2.392126637804941,1.5180860496706106,-1.1614162295949166,-0.9236391599815941,1.0392371573601007,0.0,0.0,0.0,0.0,0.0,0.0,0.0,0.0,0.0,0.0,0.0,0.0,9.0,9.0,9.0,9.0,9.0,9.0,6.0,6.0,6.0,6.0,6.0,6.0,0.07287695915560355,46.73932982300445,9.809794960887787,-0.5136436589040029,0.021301175631438518,2.380688131198294e-05,0.17244362011648748
27.766666666667206,-0.19166047025618724,-0.534758780352996,0.20957470887695306,0.00048265884158001787,0.004233421150821906,0.02579026300036314,0.015088990764655726,-0.012579569321038143,-0.02542510688988033,0.0,0.0,0.0,-0.18913725606038834,-0.53563840313077,0.21050143447164632,-0.004440283978328105,0.005099594770503261,0.02814660287081786,0.019434189228539456,-0.008468089487104535,-0.05044232393119774,0.0,0.0,0.0,-0.0420394734310875,0.5811329229956699,2.0036442736852247,-0.08467918189629563,0.5643951578484103,1.995692720374939,-0.007746894062216118,-0.03824551279128129,-0.0006854105491341522,1.5017251262948528,2.592983460071075,1.3249341352380992,-0.44605463698394826,-0.990156691898905,0.22199835110189817,-0.00934893063365274,0.061543848051770635,-0.026755816820718443,0.018827851383496602,-0.07702869433687502,-0.10716984333398223,0.0278290541152698,-0.05044163627570695,0.000772734511070949,-0.015496901177499663,0.032425738333097816,0.19030762363768952,1.575065838549261,2.392126637804941,1.5180860496706106,-1.1614162295949166,-0.9236391599815941,1.0392371573601007,0.0,0.0,0.0,0.0,0.0,0.0,0.0,0.0,0.0,0.0,0.0,0.0,9.0,9.0,9.0,9.0,9.0,9.0,6.0,6.0,6.0,6.0,6.0,6.0,0.05892800955890132,46.76396809133612,9.79271769605079,-0.5162043512436105,0.02130892817365071,1.900969268509023e-05,0.1488987314610946
27.80000000000054,-0.19162846776598602,-0.5346366224418813,0.21039426304285297,0.0008093073409314692,0.003871522918133377,0.02499055771182137,0.012256124327023825,-0.010868971273440135,-0.024065626888425794,0.0,0.0,0.0,-0.18927064247439712,-0.5354751341844887,0.21140017972245448,-0.004100966620162117,0.004987105608208442,0.027121998510700077,0.01839036879283862,-0.008902308071705889,-0.048507774512883906,0.0,0.0,0.0,-0.0450183035361537,0.578778199484226,2.0014556417437026,-0.08640041954206669,0.5614617630704539,1.99379857551698,-0.0068018881569682586,-0.03760950720322492,-0.0007278733371024245,1.5014448117873476,2.594944519914068,1.3240507752307171,-0.44550680412527077,-0.9927226576400614,0.21863885873518793,-0.008722600361320188,0.05973581287711874,-0.026585805754548306,0.017232607634715662,-0.07699554626875292,-0.10291312844553219,0.01878990816997655,-0.05424105523955695,0.0051003319851041255,-0.047857312463428225,0.0009944420436628666,0.12770144665350153,1.575065838549261,2.392126637804941,1.5180860496706106,-1.1614162295949166,-0.9236391599815941,1.0392371573601007,0.0,0.0,0.0,0.0,0.0,0.0,0.0,0.0,0.0,0.0,0.0,0.0,9.0,9.0,9.0,9.0,9.0,9.0,6.0,6.0,6.0,6.0,6.0,6.0,0.03655010911229861,46.788310693255255,9.778451878247154,-0.5187411923490701,0.02127434145461926,8.781681776093286e-06,0.09650363945604233
27.833333333333876,-0.19158928396339214,-0.5345221458974732,0.21119268762845028,0.0010617865450809451,0.003595646518610237,0.02430220242326435,0.009969541947655619,-0.008185325716963789,-0.020763175157219534,0.0,0.0,0.0,-0.18939347666938788,-0.5353150558616264,0.21226777799916222,-0.003776703083191172,0.004886004309296543,0.02616526200083448,0.017410012551650755,-0.008182697913849069,-0.04470686364487264,0.0,0.0,0.0,-0.047925756148915394,0.5762210537850044,1.99926020364519,-0.08790420498967406,0.558633512232767,1.9919412334246758,-0.005998369199995952,-0.036724690258921756,-0.0007210103446276764,1.5011698012581185,2.5968395109984046,1.3231867831068844,-0.44508610458457015,-0.9953530151458277,0.21526895417130545,-0.008407744038355019,0.057811759312441494,-0.026141777728169155,0.014158193358916854,-0.07827233220491173,-0.1017024674261602,0.009445689688955072,-0.0577216069403174,0.013320840791374564,-0.09223242827396425,-0.03830357808476425,0.036319830581159694,1.575065838549261,2.392126637804941,1.5180860496706106,-1.1614162295949166,-0.9236391599815941,1.0392371573601007,0.0,0.0,0.0,0.0,0.0,0.0,0.0,0.0,0.0,0.0,0.0,0.0,9.0,9.0,9.0,9.0,9.0,9.0,6.0,6.0,6.0,6.0,6.0,6.0,0.013208334759161389,46.81534040881416,9.76694528483755,-0.5211978235864647,0.021208049914670957,-5.773148071597234e-06,0.06202062495815504
27.86666666666721,-0.19154386483330077,-0.5344145454646086,0.21196474402829904,0.0012706252609099872,0.0033643404791483937,0.023546104153171772,0.008614181277763781,-0.006728691359516497,-0.022834975053445863,0.0,0.0,0.0,-0.1895058079607194,-0.535158339692638,0.2131028862700629,-0.0034560906073090444,0.0047822547858914774,0.025184181696217767,0.01698925137573548,-0.008143140688350314,-0.045350543993270875,0.0,0.0,0.0,-0.050769338722711,0.5734536933396639,1.9970775809965087,-0.08922239868010419,0.5558602953450029,1.9901206094745567,-0.005320356289585541,-0.03563016009043102,-0.0006849413078868077,1.5009004047191727,2.5986563039448183,1.3223504005987006,-0.4447880676205925,-0.998030649012051,0.21187511820316401,-0.008190512125033245,0.05560644536575361,-0.025441576073066595,0.010680137065859439,-0.07964345472610261,-0.10177754183821515,0.006516957399653225,-0.06615941840063654,0.021006049653076828,-0.10434168879172247,-0.04113367563572645,-0.002252232361648676,1.575065838549261,2.392126637804941,1.5180860496706106,-1.1614162295949166,-0.9236391599815941,1.0392371573601007,0.0,0.0,0.0,0.0,0.0,0.0,0.0,0.0,0.0,0.0,0.0,0.0,9.0,9.0,9.0,9.0,9.0,9.0,6.0,6.0,6.0,6.0,6.0,6.0,0.00443259961424447,46.82895737724405,9.752901984670665,-0.5229377371758559,0.021201494982220126,-1.1624220847883393e-05,0.07605116454271171
27.900000000000546,-0.19149225379622106,-0.5343077827764002,0.21272360903701767,0.001464259036540792,0.0032689069862144125,0.02303096917555102,0.008178719473583737,-0.0024960746467123968,-0.015651426230689918,0.0,0.0,0.0,-0.18960733904592864,-0.535002931057055,0.21391119337291373,-0.0031284711765943896,0.004731312240498666,0.02434682448249477,0.017085652229982706,-0.005468603204924705,-0.037999633890748896,0.0,0.0,0.0,-0.05359094663948324,0.5703550976935452,1.9949020776826676,-0.09039770748177772,0.5530549212437205,1.9883287020767169,-0.00479190272701957,-0.034310607142828055,-0.0006184664464273619,1.5006315432455621,2.600404678565189,1.321559741445596,-0.44466411647908305,-1.0007887440463181,0.20836878770568726,-0.008107400180557481,0.05350297419600121,-0.024293708419783018,0.006039068518808394,-0.0817097189273774,-0.1040524572289398,0.002493358334272897,-0.06310413509257198,0.03443602959850729,-0.13923205641153136,-0.061987926038243595,-0.06824746172173934,1.575065838549261,2.392126637804941,1.5180860496706106,-1.1614162295949166,-0.9236391599815941,1.0392371573601007,0.0,0.0,0.0,0.0,0.0,0.0,0.0,0.0,0.0,0.0,0.0,0.0,9.0,9.0,9.0,9.0,9.0,9.0,6.0,6.0,6.0,6.0,6.0,6.0,-0.005666779777803388,46.87484315625228,9.750056229476115,-0.524756972434218,0.021138691234064977,-2.1440340278511272e-05,0.037948291679802855
27.93333333333388,-0.19143458522979584,-0.5342001638228636,0.21347342455861987,0.0016501496349952492,0.003252889000818864,0.02267885962475737,0.007979875410701618,3.7132033278365574e-05,-0.010807966843438465,0.0,0.0,0.0,-0.18969774978646847,-0.5348479113880368,0.21469629382154856,-0.002791670054134949,0.004712025370427412,0.023623953218200672,0.017289194147612985,-0.0038356010111098016,-0.032137689826578164,0.0,0.0,0.0,-0.05638634513592925,0.5669793087657137,1.9927367971328758,-0.091455797157122,0.5501964114224026,1.9865616550054757,-0.004374667071707728,-0.03282203290959118,-0.0005317389526631848,1.500364871826085,2.602092585101427,1.32081785890358,-0.4447032950654947,-1.00361022545212,0.20477562453594367,-0.008035895116399265,0.05159245545676164,-0.02293555364691687,0.0012294511113685128,-0.08366620109183319,-0.10654741580451833,0.002145151924746491,-0.05731556217718718,0.04074464318598441,-0.14428852222319644,-0.05869446493367385,-0.07484875726735593,1.575065838549261,2.392126637804941,1.5180860496706106,-1.1614162295949166,-0.9236391599815941,1.0392371573601007,0.0,0.0,0.0,0.0,0.0,0.0,0.0,0.0,0.0,0.0,0.0,0.0,9.0,9.0,9.0,9.0,9.0,9.0,6.0,6.0,6.0,6.0,6.0,6.0,-0.0061335738687791075,46.921910289996596,9.746146283745215,-0.5261449755006926,0.02111950901968651,-2.1710751509251836e-05,0.051445870043655445
27.966666666667216,-0.19137252934755228,-0.5340937296545215,0.21420675513373474,0.0017997239706831186,0.003222816513283711,0.022231950867371834,0.006859546733150559,-0.000297087056185454,-0.013686770055893189,0.0,0.0,0.0,-0.189777433170702,-0.534694036176322,0.21545674631123735,-0.002463795865451549,0.0046779704414096806,0.022881017152838294,0.01663335701657509,-0.0044336207548312245,-0.032756326890382326,0.0,0.0,0.0,-0.059127841125521545,0.5635275018775812,1.9906224873736134,-0.09240804940196935,0.5473424534599262,1.9848339591827686,-0.003989659503411069,-0.031262147371067,-0.0004589525743213148,1.5001085518889494,2.6037204591600056,1.320117439816355,-0.4448267345624011,-1.0064087660092802,0.20119897898290182,-0.007805030448176349,0.04975496632382102,-0.021653566293467267,-0.0020589729010053706,-0.08385954484048205,-0.10704871632900992,0.006925940046687496,-0.055124673988218374,0.03845962060348818,-0.0986527203712165,-0.0058003124594659845,-0.015039015734747405,1.575065838549261,2.392126637804941,1.5180860496706106,-1.1614162295949166,-0.9236391599815941,1.0392371573601007,0.0,0.0,0.0,0.0,0.0,0.0,0.0,0.0,0.0,0.0,0.0,0.0,9.0,9.0,9.0,9.0,9.0,9.0,6.0,6.0,6.0,6.0,6.0,6.0,0.005572321241852141,46.952964980830345,9.736419980321164,-0.5267757714851462,0.021207123969666286,-1.0664840700835843e-05,0.08868207070902502
28.00000000000055,-0.19130754151288143,-0.5339844386948642,0.214933773405546,0.0019081262024556074,0.00326926902712853,0.021956780853646805,0.005593129132198933,0.0020638635033693054,-0.008559188229235848,0.0,0.0,0.0,-0.18984700423068857,-0.5345398922943346,0.21619735438858867,-0.002153269393715048,0.004678312055327976,0.02225945628967358,0.01558929765484418,-0.002687184710124413,-0.026644078202503696,0.0,0.0,0.0,-0.061810693580753764,0.5600072092800512,1.9885370487717298,-0.0932689944878642,0.5444945452249951,1.9831374587536825,-0.003638651501595045,-0.02964436356270917,-0.0003833322986310818,1.4998576437859457,2.6053023006780633,1.3194644098986563,-0.4450514931980762,-1.0091983305867154,0.19764736999695764,-0.007619838876133065,0.04822181913576087,-0.020278453785131555,-0.0051814970138359655,-0.08374447316219828,-0.10671508516188673,0.005555747161298525,-0.04599441564180474,0.04125337525007134,-0.09367572338491784,0.0034521503485131534,0.010008935013695902,1.575065838549261,2.392126637804941,1.5180860496706106,-1.1614162295949166,-0.9236391599815941,1.0392371573601007,0.0,0.0,0.0,0.0,0.0,0.0,0.0,0.0,0.0,0.0,0.0,0.0,9.0,9.0,9.0,9.0,9.0,9.0,6.0,6.0,6.0,6.0,6.0,6.0,0.003205305486720267,47.003705498598315,9.733893966642404,-0.5277915365199517,0.02119069115372163,-6.0450623121099945e-06,0.029901834456204923
28.033333333333886,-0.19123937250980558,-0.5338724661381387,0.21565766721936416,0.0020076580057988586,0.0033382337066706455,0.021802368204446154,0.005266614453473496,0.0027618053724271082,-0.004951206613514447,0.0,0.0,0.0,-0.18990649002692103,-0.5343853245482626,0.21692135804187693,-0.0018461334006842826,0.0046878215234042895,0.021739809860308386,0.015226222840737602,-0.0021642197332703006,-0.02153732053480706,0.0,0.0,0.0,-0.06441332299110393,0.5565594781581128,1.986488418808287,-0.09404495660497149,0.5417047293524623,1.9814732567006264,-0.003272906354878309,-0.028030430796633247,-0.0003156964040635004,1.4996177576694254,2.6068529032428094,1.3188519016461941,-0.44533405554856953,-1.0119388063292298,0.19419852351877254,-0.007337668622449107,0.04708599100683901,-0.019009649644290725,-0.007378412681145332,-0.0827243392376906,-0.10454862461766445,0.00846510761051872,-0.03407484386765565,0.0380641242252249,-0.06590747001928098,0.030604017735230547,0.06499381632666813,1.575065838549261,2.392126637804941,1.5180860496706106,-1.1614162295949166,-0.9236391599815941,1.0392371573601007,0.0,0.0,0.0,0.0,0.0,0.0,0.0,0.0,0.0,0.0,0.0,0.0,9.0,9.0,9.0,9.0,9.0,9.0,6.0,6.0,6.0,6.0,6.0,6.0,0.011993646521206491,47.0568747600528,9.730347344640458,-0.5285795752920253,0.021208435032490147,3.736410575438942e-06,0.03979343410558808
28.06666666666722,-0.19116921044473145,-0.5337582075223023,0.2163787669405803,0.0020803659258528642,0.003407104388978597,0.021694657893595027,0.0043792482329577265,0.002746069774472513,-0.0035529204993786268,0.0,0.0,0.0,-0.1899564781895928,-0.5342304685672209,0.21763071553844376,-0.0015548004131418504,0.0046952314590853585,0.02128602106215439,0.014280907636210927,-0.002185379415033495,-0.018212207552497528,0.0,0.0,0.0,-0.06692875276265735,0.5532485829462299,1.9844855741502458,-0.094744440897094,0.5390072056379693,1.9798442153478761,-0.0028791660873546056,-0.026446079046051802,-0.0002617138376861186,1.4993899365093295,2.608378582500509,1.3182746248064663,-0.4456487859992629,-1.0146057748608976,0.19088364459338358,-0.007002312742735308,0.046208915489601814,-0.017882086675987657,-0.008754079907582556,-0.08091415037925037,-0.1011471200470003,0.010060676391413982,-0.026312265517115872,0.03382688904909206,-0.04127001679311668,0.054305665753206944,0.1020451371199248,1.575065838549261,2.392126637804941,1.5180860496706106,-1.1614162295949166,-0.9236391599815941,1.0392371573601007,0.0,0.0,0.0,0.0,0.0,0.0,0.0,0.0,0.0,0.0,0.0,0.0,9.0,9.0,9.0,9.0,9.0,9.0,6.0,6.0,6.0,6.0,6.0,6.0,0.017108076309574782,47.09769025482395,9.723342462509171,-0.5293424630795794,0.021219297924444103,1.0581169095913445e-05,0.02310016578381088
28.100000000000556,-0.19109786101518103,-0.5336437954316691,0.21708688717107022,0.002128012195359978,0.0034328657391162476,0.02139888591148136,0.0035355284593347573,0.0014366192654784078,-0.009193142267898288,0.0,0.0,0.0,-0.18999757050446714,-0.5340762948324638,0.21832255147211058,-0.0012814705221563002,0.004677289073566262,0.020767771497469115,0.013246054338619917,-0.003314354597147684,-0.021131617112335466,0.0,0.0,0.0,-0.06936325143569765,0.550000285514045,1.9825289855631454,-0.09537992742393786,0.5363777750117864,1.9782498884385395,-0.0024950486347030906,-0.02487227348828222,-0.0002150900834712189,1.4991709836449052,2.60985946978256,1.317732193842042,-0.44600586871775216,-1.0172152702053323,0.18766462639171683,-0.006713161536064806,0.04502071747089314,-0.01680931484714509,-0.010059681005646224,-0.07916129034844506,-0.09809607071566841,0.008674536200115063,-0.0356459405612603,0.032183154865277015,-0.039168032941910035,0.052585800924159244,0.09153147993995661,1.575065838549261,2.392126637804941,1.5180860496706106,-1.1614162295949166,-0.9236391599815941,1.0392371573601007,0.0,0.0,0.0,0.0,0.0,0.0,0.0,0.0,0.0,0.0,0.0,0.0,9.0,9.0,9.0,9.0,9.0,9.0,6.0,6.0,6.0,6.0,6.0,6.0,0.01266277769708668,47.09543961600605,9.705491384640506,-0.5301833539134635,0.02116346517384593,8.645213775415606e-06,0.006307814961616394
28.13333333333389,-0.19102503059127468,-0.5335272391488698,0.21778662796944503,0.0021730759406675304,0.0034844193409729936,0.021132206930133724,0.003352644765342507,0.0021783877422850593,-0.008315976490567777,0.0,0.0,0.0,-0.19002996476608294,-0.5339222535782593,0.218998911047323,-0.0010160189475991546,0.004669844019276317,0.020292918537192794,0.012708892248724624,-0.0027255952691103147,-0.018886995533522466,0.0,0.0,0.0,-0.07171478335730302,0.5469073854702221,1.9806406206261753,-0.09596085950614738,0.5338497654756365,1.9766994862087872,-0.002086255327539952,-0.023346962456646504,-0.00019214336235686726,1.4989663237835478,2.6113070962094977,1.3172277999862287,-0.44637644600778376,-1.0197275265727026,0.18457976463661335,-0.006330917739170988,0.043959434362381686,-0.0156909820653171,-0.010764772802513898,-0.07663222413021867,-0.09439592534062587,0.011467313906814549,-0.031838493255343533,0.0335499834548396,-0.021152753906030206,0.07587198654679163,0.11100436125127605,1.575065838549261,2.392126637804941,1.5180860496706106,-1.1614162295949166,-0.9236391599815941,1.0392371573601007,0.0,0.0,0.0,0.0,0.0,0.0,0.0,0.0,0.0,0.0,0.0,0.0,9.0,9.0,9.0,9.0,9.0,9.0,6.0,6.0,6.0,6.0,6.0,6.0,0.019743981997148774,47.128541145595726,9.69871710994372,-0.5307428446046281,0.021161755459426335,1.2749173345816267e-05,0.016336142638985095
28.166666666667226,-0.1909518910425779,-0.533409039001386,0.21847870219102145,0.002194067068640556,0.003534178332363055,0.020889806572661384,0.0025628643394105984,0.002122677240232578,-0.007584899737971444,0.0,0.0,0.0,-0.19005442920091248,-0.5337685024486063,0.21966109928010352,-0.0007716814072738589,0.004659928751677853,0.01985832594682678,0.01155158783812027,-0.002762694902061824,-0.016821925054710363,0.0,0.0,0.0,-0.07399828252082903,0.5438053796331563,1.9787760840857944,-0.09650170693329738,0.5313596013823506,1.9751752935240048,-0.0017187143692178127,-0.021817839264485113,-0.00015603973185884974,1.498764359789502,2.612715689769121,1.3167586754994094,-0.44681642135761734,-1.0222170467753038,0.18155031346549583,-0.006149585793973465,0.04282501597992845,-0.01461281709149332,-0.012387764597509733,-0.07533447876209719,-0.09205433186922599,0.005439958355925687,-0.034032551473597,0.03234494921471346,-0.04868975384987505,0.03893236104364459,0.0702478041419963,1.575065838549261,2.392126637804941,1.5180860496706106,-1.1614162295949166,-0.9236391599815941,1.0392371573601007,0.0,0.0,0.0,0.0,0.0,0.0,0.0,0.0,0.0,0.0,0.0,0.0,9.0,9.0,9.0,9.0,9.0,9.0,6.0,6.0,6.0,6.0,6.0,6.0,0.005212750468177374,47.142797619828215,9.685567415500355,-0.5320105094183505,0.021031674737037598,5.46348204366609e-06,0.01303970885669433
28.20000000000056,-0.19087896491963277,-0.5332917843547043,0.21915628413529664,0.002196385222030832,0.003531686031751816,0.02051880535099041,0.0019069695441421568,0.0005310539418839407,-0.011435597373440912,0.0,0.0,0.0,-0.1900715708607434,-0.5336161834803551,0.2203071455724292,-0.0005462473235338456,0.004620172838624006,0.019378844603716305,0.010516318472790331,-0.004103390835721754,-0.018836196056270627,0.0,0.0,0.0,-0.07620765968125659,0.5408208155639213,1.9769823099604191,-0.09700940230785753,0.5289447517277609,1.973693476530145,-0.00134110201608358,-0.02034094168164885,-0.00014344541797423668,1.4985734824251615,2.61408466978762,1.3163173670402,-0.44726280177394934,-1.024614088415273,0.17862905990997233,-0.0058674092181316,0.04165460569661903,-0.013697108214685495,-0.013056863192476223,-0.07305232572008523,-0.0891098484002118,0.008465297275255948,-0.03511230849928271,0.027471266304234764,-0.020072957848994676,0.06846459126035866,0.08833450407042556,1.575065838549261,2.392126637804941,1.5180860496706106,-1.1614162295949166,-0.9236391599815941,1.0392371573601007,0.0,0.0,0.0,0.0,0.0,0.0,0.0,0.0,0.0,0.0,0.0,0.0,9.0,9.0,9.0,9.0,9.0,9.0,6.0,6.0,6.0,6.0,6.0,6.0,0.012674642064473662,47.15730109618356,9.67225835251335,-0.5324635995123967,0.021049122945855148,9.328545016729084e-06,0.018980200841127035
28.233333333333896,-0.19080377623827216,-0.5331757716039953,0.21982962372856987,0.002242331696459954,0.0035055389396395887,0.02031040590294886,0.003195029350845337,-0.00014679707236975531,-0.006563187570145237,0.0,0.0,0.0,-0.1900807585582861,-0.5334657685335817,0.22094146400577383,-0.00030737401181038716,0.004563843487595294,0.019006875335608884,0.0110351123601653,-0.004798447023310004,-0.013577085988597748,0.0,0.0,0.0,-0.07838297228286187,0.5377092210392822,1.9751953050303617,-0.09750728883851363,0.526505812946346,1.972228823070583,-0.0010410972146484984,-0.01882983841247932,-0.00010464867198865108,1.4983834319776306,2.6154217400442614,1.3158992707955597,-0.4478026786181062,-1.0270339697298383,0.17568604597579884,-0.005756812023330457,0.04062627369836624,-0.012927627631032753,-0.015149824613961986,-0.07274840153132962,-0.08856356148354035,0.003317915844034273,-0.03084995994758372,0.02308441750958224,-0.0627888426445729,0.009117725662668255,0.016388607500143638,1.575065838549261,2.392126637804941,1.5180860496706106,-1.1614162295949166,-0.9236391599815941,1.0392371573601007,0.0,0.0,0.0,0.0,0.0,0.0,0.0,0.0,0.0,0.0,0.0,0.0,9.0,9.0,9.0,9.0,9.0,9.0,6.0,6.0,6.0,6.0,6.0,6.0,0.0017436229719514085,47.18459922287434,9.66136242673688,-0.5340708662942296,0.020862469076934342,-2.905811326336938e-06,0.02978313400143779
28.26666666666723,-0.19072668922950894,-0.5330635837873077,0.22050647918262498,0.002295596292825884,0.0034201266591528754,0.02031153555689262,0.0034331442808928805,-0.001873263482878741,-0.00028755987736978875,0.0,0.0,0.0,-0.19008217694795299,-0.5333185760138537,0.22156890936889628,-7.134951860047388e-05,0.004471032685913502,0.018776398796467454,0.010775129027060792,-0.006434451363453775,-0.006766426777252921,0.0,0.0,0.0,-0.08053978097378015,0.5344918326483465,1.9734153576754743,-0.0980128194977246,0.5240239740845221,1.9707751331049876,-0.0007929351231338174,-0.017305708222548316,-5.0014281448803634e-05,1.4981945437308,2.6167507206301384,1.3154849760902687,-0.44841691981947573,-1.0294715294322745,0.17271642835055728,-0.005696702277718995,0.040121702950328936,-0.01259510331616286,-0.017334765565377556,-0.07300066122583258,-0.08891353966601116,0.0018032923683438595,-0.015137122441118962,0.009975729446096806,-0.06554822854246711,-0.007567790835088626,-0.010499345474124448,1.575065838549261,2.392126637804941,1.5180860496706106,-1.1614162295949166,-0.9236391599815941,1.0392371573601007,0.0,0.0,0.0,0.0,0.0,0.0,0.0,0.0,0.0,0.0,0.0,0.0,9.0,9.0,9.0,9.0,9.0,9.0,6.0,6.0,6.0,6.0,6.0,6.0,0.001498580543092265,47.23493151770879,9.654603058405327,-0.5353192001886,0.020784284987041435,-6.374576533463294e-06,0.01692370750097837
28.300000000000566,-0.19064941014257722,-0.5329568312488849,0.2211768762404097,0.0023170592861143273,0.0032826616421275227,0.020182945667496042,0.002477420122134592,-0.003401957712254773,-0.004184359747346802,0.0,0.0,0.0,-0.19007671982270108,-0.5331757404463848,0.2221872392338243,0.00014108136853011106,0.004343547606155789,0.018508964739239922,0.009533627316051785,-0.007967045265647954,-0.008529740274080488,0.0,0.0,0.0,-0.08266602315554544,0.5312249701153688,1.9716661524757422,-0.0985308035867151,0.5215087982891237,1.9693391558123636,-0.0005742506592376127,-0.01580495235401834,2.4816925162955347e-06,1.498008594403604,2.618058201106885,1.3150736809613341,-0.4490744325327459,-1.0318905857852547,0.16975041824570097,-0.005617887303163526,0.03952351051837884,-0.01242427035074334,-0.018928509453862638,-0.07271468080154904,-0.08895804865246341,0.002364449236664083,-0.017945772958503033,0.005124988962585611,-0.04781231665455242,0.008579412728506307,-0.0013352695935677159,1.575065838549261,2.392126637804941,1.5180860496706106,-1.1614162295949166,-0.9236391599815941,1.0392371573601007,0.0,0.0,0.0,0.0,0.0,0.0,0.0,0.0,0.0,0.0,0.0,0.0,9.0,9.0,9.0,9.0,9.0,9.0,6.0,6.0,6.0,6.0,6.0,6.0,0.0027592485663152644,47.24332735911378,9.640489025376644,-0.5356704812956454,0.0207623488213049,-4.462479992806134e-06,0.01749915272808462
28.3333333333339,-0.19057166102608697,-0.5328536255501054,0.22184306152966582,0.002333079916731411,0.0031661456243828852,0.020055580573474507,0.002306651406898038,-0.0027185847688667338,-0.004159625587294026,0.0,0.0,0.0,-0.19006468284993336,-0.5330369539721362,0.22279768494868724,0.0003423088064395666,0.004218948209201096,0.018267880757930257,0.008898866214976042,-0.007696533707088449,-0.007259545655108113,0.0,0.0,0.0,-0.08473839383280911,0.5278612973192821,1.9701086791709037,-0.09905710132102283,0.5189350323058313,1.967990488613339,-0.0004225720485619858,-0.014345535110356373,-2.9127179399043683e-05,1.4978426183480036,2.619312635266484,1.3147205658326708,-0.44985491426944274,-1.0341619317493964,0.16676607738164798,-0.00519215021306354,0.038263186698104294,-0.011203726023513291,-0.021919137885224087,-0.06966514621668456,-0.08933950016521423,0.012772112702999574,-0.03780971460823625,0.03661632981690145,-0.0897188529408435,0.09148603754593447,-0.011443545382524477,1.575065838549261,2.392126637804941,1.5180860496706106,-1.1614162295949166,-0.9236391599815941,1.0392371573601007,0.0,0.0,0.0,0.0,0.0,0.0,0.0,0.0,0.0,0.0,0.0,0.0,9.0,9.0,9.0,9.0,9.0,9.0,6.0,6.0,6.0,6.0,6.0,6.0,0.02329098014838271,47.23448152623673,9.632539942262365,-0.5357163177903622,0.02088290106674351,-8.215441181236294e-06,0.025666786924345455
28.366666666667236,-0.19049266768071427,-0.532748747605915,0.22249468404126865,0.002362350311166727,0.0031613029145119067,0.019720812761675467,0.002624992287816055,0.0006487327562882856,-0.01039104181304764,0.0,0.0,0.0,-0.19004605034389851,-0.5329000693017811,0.22339655731646033,0.0005422256606177504,0.004150352977039505,0.0179353514905734,0.008744455147417618,-0.0049043221194278175,-0.011610005242437715,0.0,0.0,0.0,-0.08670301882898451,0.5245644056901159,1.9688517621181756,-0.09957090945967192,0.516361464003562,1.9667960251869827,-0.000285823415069848,-0.01300661253494306,-0.00018971846417920133,1.4977145093472484,2.6204791113600963,1.3144739889077384,-0.45074133910163144,-1.036154027123707,0.1638654774213943,-0.004292896752789262,0.03608391743827204,-0.008666113839821177,-0.02503487593884848,-0.06306362289177642,-0.08779183259347867,0.02697760380822833,-0.06537807779496779,0.07612836551076342,-0.09347214160873175,0.19804569974724423,0.04643002715206704,1.575065838549261,2.392126637804941,1.5180860496706106,-1.1614162295949166,-0.9236391599815941,1.0392371573601007,0.0,0.0,0.0,0.0,0.0,0.0,0.0,0.0,0.0,0.0,0.0,0.0,9.0,9.0,9.0,9.0,9.0,9.0,6.0,6.0,6.0,6.0,6.0,6.0,0.05096071013158343,47.21033220672841,9.624959432273693,-0.5346063588473606,0.02102469482999547,-5.117966871970303e-07,0.0346445089740904
28.40000000000057,-0.19040881048701505,-0.5326382566567054,0.2231211130348516,0.0024686304221323103,0.003271783720200654,0.01910426932100609,0.004816056123062672,0.004091356867019733,-0.01885248345591304,0.0,0.0,0.0,-0.19001953888101533,-0.5327628774687497,0.2239786840369699,0.0007750711773641304,0.004147222094918423,0.017455582519402536,0.010223000217434386,-0.001697714987818344,-0.018563728987952555,0.0,0.0,0.0,-0.08856128839658411,0.5213539512024288,1.9677841565334837,-0.10006833244546307,0.5138079697869572,1.9657332433835046,-0.00014855288018936577,-0.011769480452098628,-0.00039474530539455877,1.4976179308295454,2.6215485581883287,1.3143291988966228,-0.45169929240226164,-1.0379635930302762,0.16107232022968362,-0.003362535938324717,0.03341690904407292,-0.005784504835584911,-0.02750402465888609,-0.05721252576197738,-0.08512708803203936,0.027910824433936367,-0.08001025182597347,0.086448270127088,-0.0740744616011283,0.1755329138939712,0.07994233684317908,1.575065838549261,2.392126637804941,1.5180860496706106,-1.1614162295949166,-0.9236391599815941,1.0392371573601007,0.0,0.0,0.0,0.0,0.0,0.0,0.0,0.0,0.0,0.0,0.0,0.0,9.0,9.0,9.0,9.0,9.0,9.0,6.0,6.0,6.0,6.0,6.0,6.0,0.050337329773083805,47.195232880579184,9.611713062803297,-0.5338966569485388,0.020852325835637897,4.932777876387462e-06,0.024259247433822063
28.433333333333906,-0.1903207432400168,-0.5325232387081493,0.22371458217558368,0.002587588826719692,0.0033986050578404484,0.018238582014705018,0.0050492511575066425,0.004542458499645506,-0.02633020972726646,0.0,0.0,0.0,-0.18998530181480397,-0.5326251162507756,0.22453924097653954,0.001008782117496378,0.004160618000564787,0.01682933617572281,0.01016005267733222,-0.0008597372593506236,-0.02539960474673908,0.0,0.0,0.0,-0.0903090381228344,0.5182585643881238,1.9668776545453182,-0.10054552278517837,0.5112941209750823,1.964793399085965,-2.0032967958618546e-06,-0.010635449635876162,-0.0006261474561593105,1.4975496869751093,2.6225160794175135,1.3142758870355913,-0.4526987385257112,-1.0396078088747571,0.15840555716109742,-0.002485722401498758,0.030489394265056594,-0.0029944054991590655,-0.029156930688619246,-0.051955158810279206,-0.0817109573824037,0.02630440610477876,-0.08782544337048981,0.08370298009277538,-0.04958718089199473,0.15772100855094523,0.10248391948906968,1.575065838549261,2.392126637804941,1.5180860496706106,-1.1614162295949166,-0.9236391599815941,1.0392371573601007,0.0,0.0,0.0,0.0,0.0,0.0,0.0,0.0,0.0,0.0,0.0,0.0,9.0,9.0,9.0,9.0,9.0,9.0,6.0,6.0,6.0,6.0,6.0,6.0,0.04550684407328398,47.18615325982072,9.596075213481814,-0.5335208666395879,0.020725524251469007,8.933272225009059e-06,0.022288577279037075
28.46666666666724,-0.1902214540582295,-0.532391713593564,0.22425898431624403,0.0028510733409037895,0.003769827158381556,0.016967495165236754,0.009197088929438515,0.011827884985034169,-0.03851756136194173,0.0,0.0,0.0,-0.189940463898061,-0.5324813137247473,0.22506950703252118,0.0013168826792103782,0.0043179284953275025,0.015956042136982554,0.013598572096892525,0.006028916007890572,-0.03694254503041483,0.0,0.0,0.0,-0.0919107039706443,0.5152598728607283,1.9661084085465197,-0.10098497646451807,0.508819830898383,1.9639680570602762,0.00013511424166245403,-0.009605603849265329,-0.0008634689659497612,1.4975168213999364,2.6233230500880365,1.314381260235908,-0.45378580843648025,-1.0411193500840465,0.1558945400880957,-0.0014858856372932264,0.026302544832137675,0.001109328839949714,-0.031460375111588376,-0.04754921045588331,-0.07745732725416898,0.02999510292616595,-0.12560548298756752,0.1231120301732634,-0.06910333268907395,0.13217845063187691,0.12760890384704163,1.575065838549261,2.392126637804941,1.5180860496706106,-1.1614162295949166,-0.9236391599815941,1.0392371573601007,0.0,0.0,0.0,0.0,0.0,0.0,0.0,0.0,0.0,0.0,0.0,0.0,9.0,9.0,9.0,9.0,9.0,9.0,6.0,6.0,6.0,6.0,6.0,6.0,0.04643227717386589,47.12806102776166,9.582104592912955,-0.5321219450574248,0.020508303904058334,1.0932491927573285e-05,0.01773419546746783
28.500000000000576,-0.19011217916784068,-0.5322276622403452,0.22473359492783992,0.0031384311947513298,0.0045418227897764335,0.015147072066127473,0.00968660688130862,0.02380087407162428,-0.055037379008114826,0.0,0.0,0.0,-0.18988489168128905,-0.5323228230679515,0.22555736184676095,0.0016393969919255005,0.004720083803363681,0.01473298131486084,0.014144360935292699,0.01763759163333667,-0.053240449616199115,0.0,0.0,0.0,-0.09334163041433914,0.5122919397683132,1.9652673341579614,-0.10136953441864761,0.5063602176453669,1.96316770118064,0.00024822758617642723,-0.008645512057573957,-0.0009857367849384342,1.4974902323874022,2.6239207327088407,1.3146809249039537,-0.4549838291333566,-1.0426879136766738,0.15355803922162078,-0.001027075463114448,0.020721167360128325,0.00636306964090028,-0.034447205641389624,-0.04722100867117105,-0.07254912641422093,0.01376430522536335,-0.16744132416028054,0.15761222402851696,-0.0896049158940374,0.009846053541367875,0.14724602519844188,1.575065838549261,2.392126637804941,1.5180860496706106,-1.1614162295949166,-0.9236391599815941,1.0392371573601007,0.0,0.0,0.0,0.0,0.0,0.0,0.0,0.0,0.0,0.0,0.0,0.0,9.0,9.0,9.0,9.0,9.0,9.0,6.0,6.0,6.0,6.0,6.0,6.0,-0.001966745296040351,47.05017708985166,9.564714622991245,-0.5304511096215064,0.02005900380527237,1.231232981169228e-05,0.04367113773703101
28.53333333333391,-0.18999713244651006,-0.5320120481324855,0.22511736720322748,0.0033514693560122047,0.005825242939803313,0.012724586185304755,0.007179706010761115,0.03905890413434561,-0.07313840233646081,0.0,0.0,0.0,-0.18982027583841699,-0.5321382900330014,0.22598896356865283,0.0019202686964617946,0.00545197165400138,0.013100513027409263,0.012019090965220691,0.03314849866031544,-0.0721896400670623,0.0,0.0,0.0,-0.09468919991743958,0.5092748908705538,1.9635870900881576,-0.10172891636869194,0.5038769529892957,1.9620380877224832,0.00039402822751149764,-0.007627186434446931,-0.000601715549352616,1.4973716143011118,2.624351659162459,1.3150644883332776,-0.4561357998829326,-1.0449868390347135,0.15138563304823313,-0.0027147202135158173,0.015525584859084002,0.009792291800109812,-0.034521816871983885,-0.061718843384520286,-0.06763116560582691,-0.05062934251204108,-0.1558674750313297,0.10287666477628594,-0.0022383369178278906,-0.4349350414004771,0.1475388242518207,1.575065838549261,2.392126637804941,1.5180860496706106,-1.1614162295949166,-0.9236391599815941,1.0392371573601007,0.0,0.0,0.0,0.0,0.0,0.0,0.0,0.0,0.0,0.0,0.0,0.0,9.0,9.0,9.0,9.0,9.0,9.0,6.0,6.0,6.0,6.0,6.0,6.0,-0.1551500989974568,47.03678319256941,9.542360706104477,-0.5295978959141701,0.018853120910611754,1.779336016999311e-05,0.39347174021234627
28.566666666667246,-0.18988117841143126,-0.5317538697417065,0.22541864733117692,0.003443046550848475,0.007098878037389355,0.010268819790680466,0.003177362245736918,0.038708877384867495,-0.07417318512295716,0.0,0.0,0.0,-0.1897491822498529,-0.5319271417436034,0.22636196375965476,0.0021285690652864406,0.00624741609360463,0.011346985664195917,0.008450263842977535,0.035812867296010964,-0.07720352131771957,0.0,0.0,0.0,-0.09594108162222312,0.5063088926235138,1.9612676355166607,-0.1020632129661314,0.5014015459998981,1.9605569593849255,0.000580692392841435,-0.0066296857149003964,7.02891328306309e-05,1.497179032615287,2.62462973092499,1.3155283736591679,-0.4572263244262131,-1.0478155084337815,0.1494014365535213,-0.0047565404543335995,0.010736630203641727,0.012541803784509744,-0.03331776315627075,-0.07714633577619995,-0.062227651762845546,-0.061254607224533464,-0.14366863966326826,0.08248535953199797,0.036121611471394185,-0.46282477175038983,0.16210541528944084,1.575065838549261,2.392126637804941,1.5180860496706106,-1.1614162295949166,-0.9236391599815941,1.0392371573601007,0.0,0.0,0.0,0.0,0.0,0.0,0.0,0.0,0.0,0.0,0.0,0.0,9.0,9.0,9.0,9.0,9.0,9.0,6.0,6.0,6.0,6.0,6.0,6.0,-0.17832391537236192,47.053507273846684,9.533291059185936,-0.5293419723916584,0.018716861040830368,2.2166391246858375e-05,0.02010333217061131
28.60000000000058,-0.18976971142113877,-0.5314325402852272,0.2256163660060917,0.0033903303460752652,0.008774426611543679,0.0073823829566436495,-0.0016925494792669434,0.050586149118278835,-0.08705830380645539,0.0,0.0,0.0,-0.18967492360269492,-0.5316784023533709,0.2266639968165195,0.0022404283857564255,0.007335779279928041,0.009256312724126234,0.0037903634753546633,0.04936693914881829,-0.09245530546804304,0.0,0.0,0.0,-0.09727637382100095,0.503640461688201,1.9574231196908078,-0.10244984265852251,0.49904649115307415,1.9583002967467602,0.0010136497619185987,-0.005571352583722883,0.0014430336838577966,1.496806265761403,2.6248686744927308,1.3158850135977855,-0.4578445555333064,-1.0518824367723196,0.14767399947455154,-0.009040850562458668,0.008357748089361478,0.011313400033857588,-0.023470543193956514,-0.10705401202949706,-0.055291292167010384,-0.12852930324375206,-0.07136646342840744,-0.03685211251956469,0.295416598869427,-0.8972302875989135,0.20809078787505475,1.575065838549261,2.392126637804941,1.5180860496706106,-1.1614162295949166,-0.9236391599815941,1.0392371573601007,0.0,0.0,0.0,0.0,0.0,0.0,0.0,0.0,0.0,0.0,0.0,0.0,9.0,9.0,9.0,9.0,9.0,9.0,6.0,6.0,6.0,6.0,6.0,6.0,-0.3268679742400502,47.14495698025604,9.523985718587822,-0.5282325241850616,0.017533163239724647,4.486132236269924e-05,0.5035021217022547
28.633333333333916,-0.18966331771231387,-0.5310421425345996,0.22570493742975786,0.0032841033851083792,0.01068948492099458,0.004241278981963836,-0.004141959336847334,0.057547313343755756,-0.09458047971691942,0.0,0.0,0.0,-0.18959926524508447,-0.5313849788643235,0.22688715056020356,0.0022923307151438738,0.008650663111952336,0.0069116183339273845,0.0009233505570671596,0.059608203414510896,-0.1035864508573221,0.0,0.0,0.0,-0.09892510048490581,0.5013670302174486,1.9514508981281231,-0.10300980485487313,0.49688756349945545,1.9548627561625005,0.0017852663767226006,-0.004357101435389814,0.00368403237991264,1.4961830432011327,2.625187500117417,1.3159591922081337,-0.4576561044147478,-1.0576946527207,0.1461322199652691,-0.015478068059557162,0.009162428523518088,0.0052547055515841205,-0.004054492026813905,-0.15192898964410467,-0.049266020907985666,-0.19311652491295483,0.024140413024698288,-0.18176083446820404,0.5824815350142782,-1.346249328438228,0.18075813777074146,1.575065838549261,2.392126637804941,1.5180860496706106,-1.1614162295949166,-0.9236391599815941,1.0392371573601007,0.0,0.0,0.0,0.0,0.0,0.0,0.0,0.0,0.0,0.0,0.0,0.0,9.0,9.0,9.0,9.0,9.0,9.0,6.0,6.0,6.0,6.0,6.0,6.0,-0.4635015527305295,47.27885718283656,9.517803251002729,-0.5282568488477606,0.016306801896820655,5.919911522528354e-05,0.5455446026963838
28.66666666666725,-0.18956094245978616,-0.5305991218771343,0.22570299274510208,0.003182998701676234,0.012349154461496353,0.001385881527963458,-0.005051139200165267,0.049904723647005496,-0.08582304680257849,0.0,0.0,0.0,-0.18952303247869975,-0.5310499836615331,0.22703460832022435,0.0023140106633112224,0.009918358521092064,0.0046121039138285625,-0.0004944017997998706,0.05671435693355775,-0.1003673556346758,0.0,0.0,0.0,-0.10085714195541542,0.4995000316001149,1.9437903929655116,-0.10377221946798999,0.4949628960366918,1.9502595305080697,0.0027898446398453517,-0.0030868436572908174,0.006398550058138293,1.4953609787289777,2.6255800790210415,1.3157944011437566,-0.45675212184336655,-1.0648725560250347,0.1447542951772279,-0.021600645462953826,0.010905720913659399,-0.001544252770347987,0.016728154085353535,-0.1942010626347286,-0.043980502730152464,-0.1836773221018999,0.05229877170423931,-0.20396874965796324,0.6234793833650232,-1.2681621897187179,0.15856554533499606,1.575065838549261,2.392126637804941,1.5180860496706106,-1.1614162295949166,-0.9236391599815941,1.0392371573601007,0.0,0.0,0.0,0.0,0.0,0.0,0.0,0.0,0.0,0.0,0.0,0.0,9.0,9.0,9.0,9.0,9.0,9.0,6.0,6.0,6.0,6.0,6.0,6.0,-0.43491928317494266,47.33868904414715,9.519814516892593,-0.5297741792408033,0.01637457999750591,5.852363173447506e-05,0.02804478000764425
28.700000000000585,-0.18946001476888785,-0.5300914743226849,0.22559482203322198,0.00314473610191858,0.014137966962839213,-0.001690634294214224,-0.004602406709843904,0.05366435582713831,-0.09213111448344632,0.0,0.0,0.0,-0.1894462394911356,-0.5306667619387077,0.22709798673238937,0.002330857876488069,0.01135071683505744,0.002103182514389591,-0.0006875656472935532,0.06394887041579445,-0.10932256443421773,0.0,0.0,0.0,-0.10339191751096784,0.49818422305094723,1.9335159238466368,-0.10489801566082031,0.49335990313405254,1.9440210502428112,0.00420868072859517,-0.0016061575076042759,0.009989173062873955,1.4942363555793157,2.626199185492934,1.315156374878696,-0.4546554411727434,-1.0741970111841481,0.1434682245742114,-0.029692678147554635,0.016017369742402386,-0.013275276224658815,0.047509664774247645,-0.25122279072717685,-0.04038157963704721,-0.24276098053802425,0.15334946486228956,-0.3519307036293248,0.9234453206668232,-1.7106518427734474,0.1079676927931576,1.575065838549261,2.392126637804941,1.5180860496706106,-1.1614162295949166,-0.9236391599815941,1.0392371573601007,0.0,0.0,0.0,0.0,0.0,0.0,0.0,0.0,0.0,0.0,0.0,0.0,9.0,9.0,9.0,9.0,9.0,9.0,6.0,6.0,6.0,6.0,6.0,6.0,-0.5572774548313537,47.49072684062996,9.51788996320372,-0.5313431119621306,0.015108197864567519,6.967679830349738e-05,0.8157260896415996
28.73333333333392,-0.18935256491167637,-0.5295150629133,0.2253726409192815,0.0033015661983136976,0.016012263903488134,-0.004995010510816811,-0.0008460705102977919,0.056237728281697257,-0.0984024451585858,0.0,0.0,0.0,-0.18936649979114728,-0.5302301075608201,0.22706999093875777,0.002408695290833686,0.012941703976852249,-0.0006247592222260326,0.0022529688462649133,0.0708224563388633,-0.1186492478333463,0.0,0.0,0.0,-0.10636967072475129,0.49750500294993466,1.9197866449119663,-0.10637948390915918,0.49215508113348566,1.935600492454057,0.006028816150664416,2.2499961667926324e-05,0.014767991661806989,1.4927233616080626,2.6270865360600992,1.3139425647713898,-0.4513340500686697,-1.086373154563961,0.1425815286558725,-0.04015743880757869,0.023086134590768245,-0.028701294221008956,0.08226437700622244,-0.32726379783865345,-0.03119444491246077,-0.3139428198007215,0.2120629454509758,-0.4627805398905042,1.042641366959244,-2.281230213344299,0.27561404173759313,1.575065838549261,2.392126637804941,1.5180860496706106,-1.1614162295949166,-0.9236391599815941,1.0392371573601007,0.0,0.0,0.0,0.0,0.0,0.0,0.0,0.0,0.0,0.0,0.0,0.0,9.0,9.0,9.0,9.0,9.0,9.0,6.0,6.0,6.0,6.0,6.0,6.0,-0.7164725054619514,47.565353561993966,9.504174519636578,-0.5354827459964706,0.013489698681579787,9.745381187176161e-05,1.2499017940477695
28.766666666667255,-0.18923700022265766,-0.5288881959199779,0.22505684687418326,0.0035600731279433473,0.017527164844238073,-0.007964009790961499,-0.0002898067233315397,0.04604691716020454,-0.08768603286337678,0.0,0.0,0.0,-0.18928339394606053,-0.5297449573889039,0.2269553386954965,0.002506430781681216,0.014428210095138252,-0.00326259710687849,0.0032024343316869874,0.06510808915830424,-0.11317778124231559,0.0,0.0,0.0,-0.10958712806398986,0.4974039612312742,1.902963232341428,-0.1081527204530526,0.4913650225239198,1.9249128678267442,0.00807677406143355,0.0016629486909371227,0.020338003708898426,1.4908612291042265,2.6281961913117535,1.3122414330306997,-0.44704414121686314,-1.1010895533196308,0.14221086798516314,-0.05062846301258214,0.029888483230004873,-0.043589732887475544,0.11321963603820577,-0.4034159077262812,-0.017811361718341308,-0.3141307261501037,0.2040704591770989,-0.4466531599939975,0.9286577709595,-2.2845632966288334,0.4014924958235839,1.575065838549261,2.392126637804941,1.5180860496706106,-1.1614162295949166,-0.9236391599815941,1.0392371573601007,0.0,0.0,0.0,0.0,0.0,0.0,0.0,0.0,0.0,0.0,0.0,0.0,9.0,9.0,9.0,9.0,9.0,9.0,6.0,6.0,6.0,6.0,6.0,6.0,-0.7192772522115367,47.574582283918744,9.503159252293543,-0.5411030442762388,0.013249349335052063,0.00010546543594774915,0.23040278843721018
28.80000000000059,-0.18910096465796822,-0.528194603371569,0.2246214794126854,0.004115408600967742,0.0191929026733083,-0.011331944059631761,0.005465957191774065,0.05124002089030479,-0.09875419183880063,0.0,0.0,0.0,-0.18919224147476432,-0.5292035571877121,0.22674208150618821,0.0027280960951944163,0.01609925721762116,-0.006195274361919264,0.00909085688351885,0.07322963746135613,-0.1261126422729162,0.0,0.0,0.0,-0.11277111046165743,0.4982319988171946,1.882125160331757,-0.11010001247797607,0.4911690017205445,1.9114290962312936,0.010468607423098401,0.0031836511677671596,0.02708957303871857,1.4885650517024844,2.629527411835969,1.3100100695538508,-0.4416900004678091,-1.1190530997089505,0.142893178235918,-0.06279970237237242,0.03658723822764734,-0.0591571804994724,0.14482269366048323,-0.4937428970284864,0.007709084442316518,-0.3651371807937082,0.20096264992927393,-0.4670234283599057,0.9480917286683239,-2.709809679066155,0.7656133848197348,1.575065838549261,2.392126637804941,1.5180860496706106,-1.1614162295949166,-0.9236391599815941,1.0392371573601007,0.0,0.0,0.0,0.0,0.0,0.0,0.0,0.0,0.0,0.0,0.0,0.0,9.0,9.0,9.0,9.0,9.0,9.0,6.0,6.0,6.0,6.0,6.0,6.0,-0.8456607883578642,47.56988517021144,9.497088841741759,-0.5456713318298405,0.01179335601610565,0.00015300718110494715,1.6527514121051003
28.833333333333925,-0.1889261086104933,-0.5274332526041375,0.2240514573043588,0.005144745937323621,0.020873276872390968,-0.015132476066241522,0.015742083716203597,0.0531815262324728,-0.11076558828186628,0.0,0.0,0.0,-0.1890846605047359,-0.5286022348107197,0.22641951386426198,0.0031847698931607147,0.01789219504626844,-0.009447739000972545,0.020195094834673633,0.0782868572624249,-0.14010310920365754,0.0,0.0,0.0,-0.11622992077367726,0.5000495203849398,1.8571682174541975,-0.11232399553229164,0.4916622407129424,1.8948691624808605,0.013262321967379857,0.004704501203903444,0.03481050624856505,1.4858424076182104,2.631115901842215,1.3072274142038764,-0.4349722816494755,-1.1403598102046206,0.14445783774532744,-0.07538611580960476,0.04396554620081188,-0.0753721671659788,0.18262860758683339,-0.5907151755895659,0.033862885002294466,-0.3775924031169703,0.22134923919493632,-0.48644959999519227,1.134177417790505,-2.9091683568323856,0.7846140167993385,1.575065838549261,2.392126637804941,1.5180860496706106,-1.1614162295949166,-0.9236391599815941,1.0392371573601007,0.0,0.0,0.0,0.0,0.0,0.0,0.0,0.0,0.0,0.0,0.0,0.0,9.0,9.0,9.0,9.0,9.0,9.0,6.0,6.0,6.0,6.0,6.0,6.0,-0.8768385798088778,47.63628512539057,9.512097300149854,-0.5490240348752498,0.010736956133324815,0.00016374147536862838,1.2540335649376422
28.86666666666726,-0.18869382767975487,-0.5266048425848926,0.22333612983662435,0.006705589710659952,0.022492353786036628,-0.019281721900049956,0.027014141614431525,0.05395707164892063,-0.12019346537046041,0.0,0.0,0.0,-0.18895071606062613,-0.5279385319709605,0.22597812888750743,0.003933013693954376,0.01976632050026123,-0.012992632192252518,0.033860408930488806,0.08136219660136668,-0.15265030982041106,0.0,0.0,0.0,-0.12016969849199902,0.5025221130853411,1.8281839075299535,-0.11493555434858464,0.4927572966333892,1.875079392774103,0.01630991541836796,0.006366626509527802,0.04326309707969213,1.4827124713812725,2.6329040640064103,1.303990188292182,-0.42692018935471354,-1.1650146811483704,0.14662840204402708,-0.0877274300086254,0.050418425350842115,-0.08986857395588102,0.22191804842418375,-0.6900024774048488,0.05469891430809064,-0.3702394259706192,0.19358637450090696,-0.43489220369706655,1.178683225120511,-2.9786190544584876,0.6250808791738851,1.575065838549261,2.392126637804941,1.5180860496706106,-1.1614162295949166,-0.9236391599815941,1.0392371573601007,0.0,0.0,0.0,0.0,0.0,0.0,0.0,0.0,0.0,0.0,0.0,0.0,9.0,9.0,9.0,9.0,9.0,9.0,6.0,6.0,6.0,6.0,6.0,6.0,-0.8708688371067446,47.63811054015816,9.528941036964028,-0.5536423978509042,0.00988208360817655,0.00014141720118365786,1.1933932202614177
28.900000000000595,-0.18840894710353837,-0.5257341197726146,0.22251188599694696,0.008323756857794358,0.023612056924627988,-0.022809344593805625,0.024315783914993748,0.04283276379799916,-0.10067969799282886,0.0,0.0,0.0,-0.18878926655615047,-0.5272215638583706,0.2254286370719977,0.0047538440319166856,0.021416428700203112,-0.016303245946282654,0.036947347418383014,0.06989394753327893,-0.14001300466209932,0.0,0.0,0.0,-0.12435920007143926,0.5055401685238448,1.7961882620257539,-0.11787248445172067,0.494413955170818,1.8523481284227254,0.019384368368367377,0.00796625494997664,0.05178332332303455,1.4792803087296282,2.634791001787004,1.3005202063061028,-0.4179279706219373,-1.1921331390661072,0.14944002767796186,-0.0978857297024282,0.05454489739548894,-0.09935583104021375,0.25381705746358535,-0.7723699841563528,0.07446548411472606,-0.30474899081408413,0.12379416133940471,-0.2846177125299819,0.9569702711820474,-2.4710252025451216,0.5929970941990624,1.575065838549261,2.392126637804941,1.5180860496706106,-1.1614162295949166,-0.9236391599815941,1.0392371573601007,0.0,0.0,0.0,0.0,0.0,0.0,0.0,0.0,0.0,0.0,0.0,0.0,9.0,9.0,9.0,9.0,9.0,9.0,6.0,6.0,6.0,6.0,6.0,6.0,-0.7329173947486123,47.61502237334975,9.558350517198164,-0.5615847236675824,0.010478211744147758,0.0001208531424799486,0.5870651896292237
28.93333333333393,-0.1880478283208915,-0.52481101711228,0.2215603323122654,0.010434866315636851,0.024691942961568923,-0.026471236686089458,0.03417714294500235,0.04540432176664452,-0.10382438364512947,0.0,0.0,0.0,-0.18858887058572438,-0.5264468555444229,0.22476349760757092,0.0058809606409892575,0.02314856960518728,-0.019773241708222436,0.05112551264307408,0.07314159213230376,-0.14628822558170196,0.0,0.0,0.0,-0.12901891739372243,0.5086880293141092,1.7604030503903085,-0.12122486474310314,0.49645174764578,1.8263307005566096,0.022464947650371863,0.009783942995548264,0.06078006266675162,1.4754662220068706,2.6367657462789644,1.296814250377724,-0.4079385126515532,-1.2224907049784903,0.15269990993193763,-0.10891031102262713,0.057676522304361634,-0.10723772891431252,0.28439484522887815,-0.8646079796331141,0.09001947311775735,-0.3307374396059681,0.09394874726618085,-0.23645693622296274,0.9173336329587838,-2.767139864302837,0.46661967009093847,1.575065838549261,2.392126637804941,1.5180860496706106,-1.1614162295949166,-0.9236391599815941,1.0392371573601007,0.0,0.0,0.0,0.0,0.0,0.0,0.0,0.0,0.0,0.0,0.0,0.0,9.0,9.0,9.0,9.0,9.0,9.0,6.0,6.0,6.0,6.0,6.0,6.0,-0.8079658554899005,47.61314378001469,9.573467893793387,-0.5696730060988071,0.008878367781462115,9.826701620252454e-05,3.0332223594386365
28.966666666667265,-0.18759436633930093,-0.5238379810922589,0.22048748600449705,0.013029455624254893,0.025614393804528707,-0.03000867748252583,0.04277725788957117,0.04525871562887984,-0.0993156485646367,0.0,0.0,0.0,-0.18833912713779474,-0.525612914552403,0.2239820391835612,0.007322076761867559,0.02493107742108667,-0.023283476226446897,0.06551024424367613,0.07485713186926901,-0.1468460280553554,0.0,0.0,0.0,-0.13406381948957388,0.5114884255636386,1.7202128769240799,-0.12498820401921187,0.49861809204046087,1.7966203298240486,0.025405066669257508,0.011921511766063514,0.07048918755953947,1.471195479741118,2.6387713332753826,1.2929438121314887,-0.39719157908444414,-1.256713033815607,0.15640752148370649,-0.1217182823225953,0.059337247363150984,-0.11315467456281043,0.3097369530851402,-0.9726492366200367,0.1041587220746292,-0.3842391389990448,0.049821751763680484,-0.1775083694549376,0.7602632356878612,-3.2412377096076783,0.4241774687061558,1.575065838549261,2.392126637804941,1.5180860496706106,-1.1614162295949166,-0.9236391599815941,1.0392371573601007,0.0,0.0,0.0,0.0,0.0,0.0,0.0,0.0,0.0,0.0,0.0,0.0,9.0,9.0,9.0,9.0,9.0,9.0,6.0,6.0,6.0,6.0,6.0,6.0,-0.9528880780640805,47.581774029067034,9.583941657950843,-0.5799988148901094,0.006723999496822897,8.176520606983928e-05,4.1897620264299515
29.0000000000006,-0.18706436605795657,-0.5228418658702223,0.21933765847598033,0.015423761673258929,0.025996667471873087,-0.03259707520886836,0.031477132942742785,0.035192051357362156,-0.070894159578173,0.0,0.0,0.0,-0.18804253323161715,-0.5247315693354305,0.22310199984221818,0.008744859304762539,0.02641492905489819,-0.026340429460662017,0.06392142010977508,0.059958013469755045,-0.12394081712540439,0.0,0.0,0.0,-0.13928947861542224,0.5138740014621891,1.6769364951991315,-0.129079749063487,0.5008061416668871,1.7635988531937716,0.028028903066443598,0.01413079531556859,0.0800303700148301,1.4665969537192274,2.640693513303797,1.2891671657108028,-0.3860827660028233,-1.2936471071691775,0.1605300035898023,-0.13254328121200687,0.05822268302266998,-0.11325115326798722,0.3254219126607961,-1.0628978792780892,0.117169216146793,-0.324749966682347,-0.03343693021442999,-0.0028943611553035446,0.4705487872696781,-2.707459279741575,0.390314822164914,1.575065838549261,2.392126637804941,1.5180860496706106,-1.1614162295949166,-0.9236391599815941,1.0392371573601007,0.0,0.0,0.0,0.0,0.0,0.0,0.0,0.0,0.0,0.0,0.0,0.0,9.0,9.0,9.0,9.0,9.0,9.0,6.0,6.0,6.0,6.0,6.0,6.0,-0.831826646428603,47.54663756540098,9.617323324908488,-0.5909309299425569,0.006960828452070467,5.91036057330796e-05,1.2297561313977803
29.033333333333935,-0.18643392787009444,-0.5218220016297407,0.2181055445490817,0.01821688243970848,0.026051437049711405,-0.0348937076113845,0.03738872576337006,0.030249559143243412,-0.06210281291975589,0.0,0.0,0.0,-0.1876877588946644,-0.5238024102370696,0.22212415757933157,0.010457384973643137,0.027864744190640327,-0.02930938192240587,0.07702565726777433,0.057841676927703034,-0.11871656179019485,0.0,0.0,0.0,-0.14475971348537983,0.5151389503661317,1.6289332655324582,-0.13351485505805402,0.5026449298323482,1.7265814582068195,0.030297147158469966,0.016802045400078756,0.0903415462177528,1.4614729324057703,2.642524090408885,1.2854366204719156,-0.37470093163279494,-1.334869397950966,0.16499076889638684,-0.14666152000647964,0.05601910310932155,-0.11236128920040578,0.3361106582874995,-1.1787451087284666,0.1282717115139551,-0.4235471638341835,-0.06610739740045288,0.026695922027443534,0.32066236880110094,-3.47541688351132,0.33307486101486344,1.575065838549261,2.392126637804941,1.5180860496706106,-1.1614162295949166,-0.9236391599815941,1.0392371573601007,0.0,0.0,0.0,0.0,0.0,0.0,0.0,0.0,0.0,0.0,0.0,0.0,9.0,9.0,9.0,9.0,9.0,9.0,6.0,6.0,6.0,6.0,6.0,6.0,-1.0845808186276646,47.51819966460323,9.6238584009328,-0.6027946883678874,0.0037350472788882927,4.490235382637042e-05,7.280052098765541
29.06666666666727,-0.18569332157188714,-0.5207882628679579,0.21680604971856285,0.02128186890994957,0.0257693708720346,-0.03674954660300193,0.039428512653181896,0.02738255417147724,-0.04981790719959905,0.0,0.0,0.0,-0.18726662188481308,-0.5228312183730276,0.22105624252267622,0.012423950070719926,0.029159812256538326,-0.03206491584999375,0.08828906252548574,0.05001661026799198,-0.10760746589005787,0.0,0.0,0.0,-0.1503448482826973,0.515374897577839,1.5767173758575779,-0.13823708679264662,0.5040479511164965,1.685570570958866,0.03222048601787065,0.019722782405836782,0.10092887832742732,1.455899955252895,2.644151255180576,1.2819847027592812,-0.3631899116280139,-1.3799204560532758,0.1699076021078054,-0.1603467163929955,0.05121632980358821,-0.10649211731948895,0.3422572861914545,-1.293936198289016,0.14109390139968941,-0.4105558915954756,-0.1440831991720004,0.17607515642750515,0.18439883711865082,-3.455732686816485,0.3846656965720291,1.575065838549261,2.392126637804941,1.5180860496706106,-1.1614162295949166,-0.9236391599815941,1.0392371573601007,0.0,0.0,0.0,0.0,0.0,0.0,0.0,0.0,0.0,0.0,0.0,0.0,9.0,9.0,9.0,9.0,9.0,9.0,6.0,6.0,6.0,6.0,6.0,6.0,-1.0760882795010398,47.46783201487192,9.65662334458952,-0.6116932551670746,0.0021074405252166084,4.3210820847350284e-05,3.3193528319571564
29.100000000000605,-0.18483152495064697,-0.5197535505102444,0.21545507750335727,0.024589103482502705,0.02518161992092756,-0.03812193447171136,0.04162415242366363,0.02712053294179062,-0.03726063930751802,0.0,0.0,0.0,-0.1867701737146466,-0.5218265968136232,0.21990810132303093,0.014658992522175644,0.030209328518956857,-0.03453378959793209,0.10012234959124955,0.037972995916133456,-0.09316455356286957,0.0,0.0,0.0,-0.15600295680501142,0.5144828243121197,1.5212882986116114,-0.14320672615569305,0.504900488615189,1.6409119475138787,0.03370066736809229,0.022799213886175503,0.11116193692274527,1.4500180212093963,2.6454179908563624,1.2790977068571288,-0.35181375180534974,-1.4279954055209105,0.17515260358267876,-0.17108758633430748,0.04240682345025313,-0.09323729048287653,0.34160895851710193,-1.3928110554490323,0.15193132996403033,-0.3222260982393599,-0.2642851906000523,0.3976448050983725,-0.019449830230577468,-2.9662457148004866,0.3251228569302278,1.575065838549261,2.392126637804941,1.5180860496706106,-1.1614162295949166,-0.9236391599815941,1.0392371573601007,0.0,0.0,0.0,0.0,0.0,0.0,0.0,0.0,0.0,0.0,0.0,0.0,9.0,9.0,9.0,9.0,9.0,9.0,6.0,6.0,6.0,6.0,6.0,6.0,-0.8884130306439592,47.36338410026404,9.689925700583462,-0.6200878734148219,0.0013096103103409362,2.2310085772803134e-05,2.137050225564522
29.13333333333394,-0.18387636909192523,-0.5187391863566351,0.21408914020939357,0.027358958000734165,0.02428224505177066,-0.038653143408143305,0.023202076478269523,0.026804285009257883,-0.014747206258483248,0.0,0.0,0.0,-0.18620540298923025,-0.5208028752035115,0.21870009962247314,0.016752646121930673,0.03085187752171318,-0.03643334285389147,0.09233083925694086,0.018398920866316004,-0.06545930438503866,0.0,0.0,0.0,-0.1616698195586393,0.5128862769441347,1.4644285436496791,-0.1483694201684802,0.5053255302328713,1.5934192141793266,0.03476108276041472,0.02570961492170928,0.1200869583405233,1.4440343547603594,2.646275193919674,1.276957607414966,-0.34064821689561686,-1.4774580992083208,0.18071261091803,-0.17670252442550724,0.031279669082978794,-0.07388108567087856,0.33718035103369215,-1.4535242255645517,0.16184392336170159,-0.16844814273599262,-0.3338146310182301,0.5806861443599394,-0.13285822450229343,-1.8213951034655826,0.29737780193013763,1.575065838549261,2.392126637804941,1.5180860496706106,-1.1614162295949166,-0.9236391599815941,1.0392371573601007,0.0,0.0,0.0,0.0,0.0,0.0,0.0,0.0,0.0,0.0,0.0,0.0,9.0,9.0,9.0,9.0,9.0,9.0,6.0,6.0,6.0,6.0,6.0,6.0,-0.5258572202875997,47.36124786281047,9.73059114478858,-0.6297039582920497,0.0020084062861849272,5.457655300744602e-06,1.5755927382284594
29.166666666667275,-0.18280355808733925,-0.5177621900161531,0.21271678997781757,0.030397635170491155,0.023003075049044364,-0.038735391201392654,0.030551160621868745,0.02296030247252903,-0.003817726113341441,0.0,0.0,0.0,-0.18556007138290237,-0.5197711121770168,0.21744265579036426,0.019141099589034222,0.031148178397741838,-0.037978921011767516,0.1054092788522385,0.0019509830824784302,-0.04834285112843828,0.0,0.0,0.0,-0.16737587747003826,0.5105281043105876,1.406157865183449,-0.1537124959193782,0.5052913512752009,1.5433263232893761,0.035438588434812894,0.028553867980313,0.12789998563543634,1.4380048101189917,2.646704060247448,1.2756041051027784,-0.32969050493709123,-1.5283577830800905,0.18658763591830346,-0.1794917343025204,0.019003882916478053,-0.05169707480071159,0.3315476895150768,-1.5025017526235744,0.1714484744593692,-0.08367629631039514,-0.3682735849950223,0.665520326105009,-0.16897984555846096,-1.4693258117706796,0.2881365329300283,1.575065838549261,2.392126637804941,1.5180860496706106,-1.1614162295949166,-0.9236391599815941,1.0392371573601007,0.0,0.0,0.0,0.0,0.0,0.0,0.0,0.0,0.0,0.0,0.0,0.0,9.0,9.0,9.0,9.0,9.0,9.0,6.0,6.0,6.0,6.0,6.0,6.0,-0.31927220367852205,47.360550213796984,9.745729847778204,-0.6404150435542131,0.0004240513230667764,-4.435977296157745e-06,3.411478638580406
29.20000000000061,-0.18160884197349833,-0.5168367766439669,0.21135796888230773,0.03358562859839723,0.02141808814432135,-0.038290690677018874,0.035947902215549624,0.021324164199726214,0.009019781728660164,0.0,0.0,0.0,-0.18482627003735355,-0.5187423825087312,0.2161500771693026,0.02177712767951808,0.03110694035163234,-0.039102093870906185,0.11610434541416437,-0.01388763234966639,-0.028179124551687806,0.0,0.0,0.0,-0.17316040790668133,0.5074615400962836,1.3470819079731307,-0.15923520720755543,0.5047924037007987,1.4910268653444834,0.035750294797812,0.03130569192873013,0.13438207547628855,1.4320346630033638,2.6466935172394086,1.2750938542666566,-0.3189683491366599,-1.5802008148109394,0.1927148391997225,-0.17923352041340285,0.006123767478036706,-0.027437374989342237,0.3249590125136522,-1.5376945521581677,0.179693557114837,0.007746416673526894,-0.3864034631532404,0.7277909943410806,-0.19766031004273718,-1.0557839860377984,0.24735247966403415,1.575065838549261,2.392126637804941,1.5180860496706106,-1.1614162295949166,-0.9236391599815941,1.0392371573601007,0.0,0.0,0.0,0.0,0.0,0.0,0.0,0.0,0.0,0.0,0.0,0.0,9.0,9.0,9.0,9.0,9.0,9.0,6.0,6.0,6.0,6.0,6.0,6.0,-0.09100658699869546,47.37517769200213,9.7554269535697,-0.6519079868057408,-0.0011850365676006058,-1.9200172391820036e-05,3.0197321508830504
29.233333333333945,-0.18032940810047576,-0.5159731645557168,0.21003640823745098,0.03609316224196983,0.019746866028173493,-0.03728036200392529,0.018938941203058224,0.025051362473986344,0.02303023453951395,0.0,0.0,0.0,-0.1840140764941084,-0.5177277198290285,0.214840029712299,0.024188748279113083,0.030730625032259554,-0.03970602655459537,0.10423529916151253,-0.029425402673361134,-0.0036484837415922122,0.0,0.0,0.0,-0.17894314493374436,0.504283115091323,1.2886040884099084,-0.16488762425954331,0.5040741298997387,1.4372972961267558,0.03577834840150521,0.033624680918090524,0.1389161407813028,1.4262896512309358,2.646310686539295,1.2753998024943556,-0.3083423342918119,-1.6316174072817007,0.19923871999031048,-0.17464474225302593,-0.005615358176265626,-0.0030268271091340657,0.3208399677348435,-1.540896700134617,0.19037546818337212,0.13766334481130796,-0.35217376962907,0.7323164364062451,-0.12357134336426134,-0.09606443929347899,0.32045733205605365,1.575065838549261,2.392126637804941,1.5180860496706106,-1.1614162295949166,-0.9236391599815941,1.0392371573601007,0.0,0.0,0.0,0.0,0.0,0.0,0.0,0.0,0.0,0.0,0.0,0.0,9.0,9.0,9.0,9.0,9.0,9.0,6.0,6.0,6.0,6.0,6.0,6.0,0.24306219492270265,47.47568636220019,9.764476930509025,-0.6645109617773856,-0.0014627091904980682,-2.1473241412828248e-05,1.6509496841702471
29.26666666666728,-0.17894368768616092,-0.5151861661685622,0.20876353504254702,0.03881373568136995,0.017789661291643947,-0.03586505206959403,0.029637513008715685,0.02103799259800214,0.03297948787243766,0.0,0.0,0.0,-0.18311197913080857,-0.516737426779872,0.21352491840863633,0.026864015799281563,0.03003859336554933,-0.03991249170703911,0.11575523767282947,-0.043865482993620475,0.014799737039978833,0.0,0.0,0.0,-0.18472809699463819,0.5011081739392521,1.2304926161416565,-0.17064674261818127,0.5032315455362579,1.3823392033769415,0.03561706188798836,0.03558716337260233,0.14191119527616908,1.4208045671437133,2.645641163194957,1.2764175934718744,-0.29762566081802044,-1.682812912327957,0.2063377725410716,-0.16791659582878943,-0.015262252945510205,0.019346877180664024,0.3212801253874434,-1.5375423343033314,0.20543954040967988,0.2018443927270946,-0.2894068430773374,0.6712111286939427,0.013204729577996392,0.10063097493856382,0.4519221667892325,1.575065838549261,2.392126637804941,1.5180860496706106,-1.1614162295949166,-0.9236391599815941,1.0392371573601007,0.0,0.0,0.0,0.0,0.0,0.0,0.0,0.0,0.0,0.0,0.0,0.0,9.0,9.0,9.0,9.0,9.0,9.0,6.0,6.0,6.0,6.0,6.0,6.0,0.42196721520363795,47.583133042937995,9.75968763554688,-0.6776170711998919,-0.0038822797376006912,-1.3579176770112111e-05,3.2591110956244975
29.300000000000615,-0.17745363123730748,-0.5144814883089902,0.20755035157826712,0.04159726908402753,0.015716969311931478,-0.034131552560179156,0.03684046638721429,0.021703322197830013,0.04018714251440753,0.0,0.0,0.0,-0.18211451235022,-0.5157798492513421,0.21221705158481347,0.02971904749789159,0.029084389179582667,-0.039742187311986914,0.12316753969868488,-0.05559791844644302,0.032053239118131405,0.0,0.0,0.0,-0.19045655490862984,0.49794321354233423,1.1733492297303973,-0.1764674287245911,0.5022917683487844,1.3266018023113246,0.03519562010333355,0.03717440318660446,0.1432300159844813,1.415675038890733,2.6446968357290404,1.2781227810677338,-0.28688173671623596,-1.7332898735929319,0.2139861968813297,-0.15856276366919964,-0.023973966966838577,0.04055271097740779,0.32197185716483745,-1.5220533367339404,0.22144833360838828,0.28061496478769404,-0.2613514206398512,0.636175013902313,0.020751953321822707,0.46466992708173316,0.48026379596125207,1.575065838549261,2.392126637804941,1.5180860496706106,-1.1614162295949166,-0.9236391599815941,1.0392371573601007,0.0,0.0,0.0,0.0,0.0,0.0,0.0,0.0,0.0,0.0,0.0,0.0,9.0,9.0,9.0,9.0,9.0,9.0,6.0,6.0,6.0,6.0,6.0,6.0,0.6301137167593602,47.611970113537126,9.735360002841702,-0.6920145222422538,-0.0059719592710580915,-2.0592831908361475e-05,2.0221664788633835
29.33333333333395,-0.17586888296720968,-0.5138611803620987,0.20640691533086247,0.04424311988579269,0.013620134007732973,-0.032117598656077356,0.03844118132687191,0.023794598808473885,0.04660465103805731,0.0,0.0,0.0,-0.18102003563598576,-0.5148607681748272,0.2109279023645272,0.032642481988801875,0.027942331985877977,-0.03921988409621601,0.12521581762038725,-0.06366952541518778,0.047936673138879726,0.0,0.0,0.0,-0.19590836883067683,0.4948643578064285,1.1173719746713504,-0.18223033375681516,0.5012954922654909,1.2704096850919933,0.03446689409245587,0.03832256900627306,0.14302377331352215,1.410934552756172,2.6435131007177213,1.280449342370646,-0.27613079752715697,-1.7828421785823239,0.2223767670817576,-0.14766397724762068,-0.03166602254866139,0.060048796384045505,0.3223427361698596,-1.4983972120324875,0.2416275152113543,0.32696359264736896,-0.23076166745468432,0.5848825621991314,0.011126370150663745,0.7096837410435881,0.6053754480889807,1.575065838549261,2.392126637804941,1.5180860496706106,-1.1614162295949166,-0.9236391599815941,1.0392371573601007,0.0,0.0,0.0,0.0,0.0,0.0,0.0,0.0,0.0,0.0,0.0,0.0,9.0,9.0,9.0,9.0,9.0,9.0,6.0,6.0,6.0,6.0,6.0,6.0,0.7569376425167542,47.622470643744265,9.70176918656719,-0.7069486398879821,-0.008362711306070636,-1.152017253625015e-05,1.8560134113634041
29.366666666667285,-0.17423635999895193,-0.5133224193060727,0.2053405665265926,0.04597175825686654,0.011669844755452671,-0.029928651688103425,0.017280235119125187,0.028726464686034403,0.05047514846364438,0.0,0.0,0.0,-0.179844782864188,-0.5139844739972288,0.20966838726369869,0.03515577031626266,0.026662026602147348,-0.03836374483129708,0.10449271426535711,-0.06930236508978993,0.06278463493729314,0.0,0.0,0.0,-0.2011187429693496,0.49222348510706954,1.0633708075790045,-0.18790110170961125,0.5004066504954522,1.2143291785099486,0.033513989479531055,0.03889001699705866,0.14104148075166187,1.4066373686258005,2.6422231397281983,1.2832164305401614,-0.2651539530745947,-1.830630743387433,0.23153523754415206,-0.13516500835663728,-0.036354560640013245,0.07535802885165872,0.3269844677745316,-1.4552370334463438,0.2637119143183405,0.3749690667295018,-0.14065614274055566,0.45927697402839646,0.13925194814016112,1.2948053575843126,0.6625319732095861,1.575065838549261,2.392126637804941,1.5180860496706106,-1.1614162295949166,-0.9236391599815941,1.0392371573601007,0.0,0.0,0.0,0.0,0.0,0.0,0.0,0.0,0.0,0.0,0.0,0.0,9.0,9.0,9.0,9.0,9.0,9.0,6.0,6.0,6.0,6.0,6.0,6.0,0.8970331902123403,47.72376109265121,9.667578688877292,-0.7226999788240187,-0.009810583296325559,-1.369195739084339e-05,0.7579933197561652
29.40000000000062,-0.1725536527787355,-0.5128647424443521,0.20435475010361603,0.04748467159281084,0.009784462409355085,-0.027631876371715925,0.01669856981523901,0.029544446536303504,0.053045787996324825,0.0,0.0,0.0,-0.17858860726298573,-0.513155153870543,0.20844693096115155,0.037611423155413756,0.02525353507483216,-0.037240963787486585,0.10081436329690696,-0.07440862886151756,0.07427976243119705,0.0,0.0,0.0,-0.20594023744521808,0.48992140036142673,1.011326617909367,-0.19338669895739474,0.49962090739632536,1.1586389397629289,0.03226595193729574,0.0389621668522153,0.1375944791137875,1.4027922629632328,2.640853311756972,1.2863493431305608,-0.254011333791977,-1.8766918731299986,0.2415344517654437,-0.12195711603689688,-0.039514746304531924,0.08777759475853726,0.33184720824386504,-1.4063016060000944,0.2878882558652799,0.39623676959221177,-0.09480556993556029,0.37258697720635614,0.1458822140800028,1.4680628233874815,0.7252902464081806,1.575065838549261,2.392126637804941,1.5180860496706106,-1.1614162295949166,-0.9236391599815941,1.0392371573601007,0.0,0.0,0.0,0.0,0.0,0.0,0.0,0.0,0.0,0.0,0.0,0.0,9.0,9.0,9.0,9.0,9.0,9.0,6.0,6.0,6.0,6.0,6.0,6.0,0.9618639167069469,47.73024117279214,9.619541010314128,-0.7386095691993397,-0.012413707075995789,-9.466263989010848e-06,1.1073834509821523
29.433333333333955,-0.17083246424723272,-0.5124865244675851,0.20345269571771457,0.048743476142379026,0.007966296611903088,-0.02526693144533929,0.014843923702445,0.0294110278328854,0.05482813656942463,0.0,0.0,0.0,-0.17725552194269376,-0.5123769816693018,0.20727161351936418,0.03995428891462505,0.023718717698918493,-0.035870489137214814,0.09457433096446133,-0.07938581866996941,0.08476081492146781,0.0,0.0,0.0,-0.210466595737164,0.4881798855066735,0.9615730649611903,-0.19868358835266245,0.4990432660587004,1.1037059249843628,0.030833343519711495,0.03850076208164367,0.132694977934383,1.3994365441605716,2.6395329037505584,1.28967580199055,-0.242472964880771,-1.920660647044671,0.2524022017273159,-0.10776674806552243,-0.03957974222978566,0.09578837545263041,0.34138311430540813,-1.3481426802934753,0.3133177511925379,0.4257110391412333,-0.0019498777576119457,0.2403234208227946,0.2860771818462925,1.7447677711985707,0.7628848598177412,1.575065838549261,2.392126637804941,1.5180860496706106,-1.1614162295949166,-0.9236391599815941,1.0392371573601007,0.0,0.0,0.0,0.0,0.0,0.0,0.0,0.0,0.0,0.0,0.0,0.0,9.0,9.0,9.0,9.0,9.0,9.0,6.0,6.0,6.0,6.0,6.0,6.0,1.0538433675209884,47.81947613723464,9.577943654797012,-0.7546109618389228,-0.01476952458526476,-1.3032504939114453e-05,0.5185306199555351
29.46666666666729,-0.16911488292057664,-0.512181136403149,0.20263443516680124,0.049127028342404545,0.006302790367165627,-0.02291085610218486,-0.006107383258071128,0.029991690570700127,0.054934971133259125,0.0,0.0,0.0,-0.17586362909467299,-0.5116518672929403,0.20614881971682023,0.041812058833363974,0.02211639150859465,-0.03429900973933085,0.0707100397660998,-0.08152603488251842,0.09292209678789165,0.0,0.0,0.0,-0.21469372147685112,0.48704402573890304,0.9143981409320815,-0.20376987014008666,0.49872204800764663,1.0498915024084972,0.029206988989296266,0.03752113139216936,0.12641827665744168,1.3965378535899187,2.638344126750447,1.2930422731565845,-0.23049414605299628,-1.9622112972783745,0.26407505973303425,-0.09389606076823576,-0.036968787412150726,0.09925888180489828,0.3533707479906303,-1.2803938981052287,0.3378964105118793,0.4161206189186,0.07832864452904799,0.10411519056803598,0.35962901055666396,2.032463465647399,0.7373597795802421,1.575065838549261,2.392126637804941,1.5180860496706106,-1.1614162295949166,-0.9236391599815941,1.0392371573601007,0.0,0.0,0.0,0.0,0.0,0.0,0.0,0.0,0.0,0.0,0.0,0.0,9.0,9.0,9.0,9.0,9.0,9.0,6.0,6.0,6.0,6.0,6.0,6.0,1.0461553109690238,47.86750102243854,9.523919021932768,-0.7715833657276645,-0.01692918533981652,-1.9301606296873164e-05,0.42180254714782456
29.500000000000625,-0.16739870653216632,-0.5119442273237277,0.2018975280313014,0.04928739789206589,0.0047343406775336855,-0.02060967940283445,-0.00830428169851409,0.028168810201942937,0.05416097621895645,0.0,0.0,0.0,-0.17441646249166473,-0.5109822331329701,0.20508294389597276,0.04350619103074761,0.020442044262485963,-0.03258494521683689,0.06244159484785605,-0.08387725538171154,0.09823496244552299,0.0,0.0,0.0,-0.21863450371492824,0.4865563922081079,0.8696414279107912,-0.20863091495440772,0.49869954774788056,0.9973626328997943,0.027442133356854446,0.03608092463926793,0.11907887983510798,1.3940799994672117,2.637356646281037,1.2963470255430023,-0.2179483493002873,-2.0014463271615557,0.2766322524450317,-0.08045576937688328,-0.03207253852558182,0.09918134166332003,0.3687061843843891,-1.2114985636987023,0.36377599107724135,0.403208741740574,0.1468874665970673,-0.0023262042473473094,0.46006309181276556,2.066860032195795,0.7763874169608622,1.575065838549261,2.392126637804941,1.5180860496706106,-1.1614162295949166,-0.9236391599815941,1.0392371573601007,0.0,0.0,0.0,0.0,0.0,0.0,0.0,0.0,0.0,0.0,0.0,0.0,9.0,9.0,9.0,9.0,9.0,9.0,6.0,6.0,6.0,6.0,6.0,6.0,1.02633357114593,47.904556431076344,9.476850542586005,-0.7874246776372456,-0.019787328690214767,-1.81989521859105e-05,0.4371278129061777
29.53333333333396,-0.16569345075264236,-0.5117710074122473,0.20123637273459055,0.04921631003690913,0.0032701489664835187,-0.01845894319337838,-0.01123277233098971,0.026251980275505245,0.050603277181208293,0.0,0.0,0.0,-0.1729208903958158,-0.5103703963561076,0.20407662064065127,0.044998284199799385,0.01869772938761976,-0.030782474153284292,0.05245387162065507,-0.08612462397236698,0.1009364593991311,0.0,0.0,0.0,-0.2222827906748535,0.48671221450165725,0.8275645751800754,-0.21324955065224407,0.49899373297205823,0.9464142143343682,0.025511199325040576,0.034201459948849725,0.11071485373172271,1.3920711513262973,2.6366082089356864,1.2994983684662869,-0.20487184558982105,-2.0381203157506387,0.289978148803902,-0.06699555261058328,-0.025659593082212738,0.0960873056867985,0.38443213567078804,-1.137312626347892,0.3881765908698195,0.40380650298900006,0.19238836330107242,-0.09282107929564593,0.47177853859196744,2.2255781205243093,0.7320179937773439,1.575065838549261,2.392126637804941,1.5180860496706106,-1.1614162295949166,-0.9236391599815941,1.0392371573601007,0.0,0.0,0.0,0.0,0.0,0.0,0.0,0.0,0.0,0.0,0.0,0.0,9.0,9.0,9.0,9.0,9.0,9.0,6.0,6.0,6.0,6.0,6.0,6.0,1.0362389459600285,47.89871234826713,9.417285173154633,-0.8045122878189497,-0.022308996277881854,-2.3902685932331025e-05,0.5482021912460315
29.566666666667295,-0.16403149997361646,-0.5116509950330689,0.20064554771797277,0.04844291794434062,0.0020159204981770734,-0.016480763887218374,-0.029072956838237296,0.026560978746541328,0.046667264799225186,0.0,0.0,0.0,-0.17139432499698035,-0.5098157398171742,0.20313135629461104,0.04601017090367854,0.016959600265687328,-0.028928803905170337,0.02935597273465751,-0.08474349340323784,0.10186586297585354,0.0,0.0,0.0,-0.22562290817749503,0.4874138403617364,0.78824900737111,-0.21760559879455219,0.49957708579596566,0.8972812286832962,0.02338735609321087,0.031963355915824096,0.10147921267420562,1.390450350390004,2.6361100288424724,1.3024291912250483,-0.1913805048216965,-2.07213851964991,0.30394889974257966,-0.054747869596057104,-0.018516799558349815,0.09064555707083125,0.39797086058608727,-1.0594682867680558,0.4088072157301599,0.3674304904357852,0.21428380571588773,-0.1632524584790176,0.4061617474589768,2.3353301873950887,0.6189187458102121,1.575065838549261,2.392126637804941,1.5180860496706106,-1.1614162295949166,-0.9236391599815941,1.0392371573601007,0.0,0.0,0.0,0.0,0.0,0.0,0.0,0.0,0.0,0.0,0.0,0.0,9.0,9.0,9.0,9.0,9.0,9.0,6.0,6.0,6.0,6.0,6.0,6.0,0.9506204885892409,47.84709501501126,9.353196438825616,-0.8218981198160016,-0.024765198922850618,-3.009343660714814e-05,0.7930381374908507
29.60000000000063,-0.16241013490391232,-0.511580206905967,0.20011783524504234,0.04749743945890941,0.0008684593092344109,-0.014705991892597518,-0.03170005948429129,0.02375941158185526,0.04189853040705722,0.0,0.0,0.0,-0.1698426920503957,-0.5093196896339894,0.20224698584754092,0.046797612093326876,0.015186127241281619,-0.027072648419551943,0.0187078327222574,-0.08537696505071146,0.10049673052758568,0.0,0.0,0.0,-0.22866162446415872,0.48859069071417494,0.7516359397639851,-0.22168886889551692,0.5004237046874787,0.8501199042696587,0.021086918182372703,0.029443782804144572,0.09157810401321748,1.3891995658166099,2.635865083860102,1.3051024598868464,-0.17754323448581075,-2.1035671488468712,0.31844586208559517,-0.04326498133323702,-0.01107116616685695,0.08368055892623467,0.4094023602464108,-0.9817286795285733,0.426208318770364,0.3444866478846024,0.22336900174478594,-0.2089499443378973,0.34294498980970667,2.332188217184475,0.5220330912061242,1.575065838549261,2.392126637804941,1.5180860496706106,-1.1614162295949166,-0.9236391599815941,1.0392371573601007,0.0,0.0,0.0,0.0,0.0,0.0,0.0,0.0,0.0,0.0,0.0,0.0,9.0,9.0,9.0,9.0,9.0,9.0,6.0,6.0,6.0,6.0,6.0,6.0,0.8956188519943307,47.78610904808575,9.292759552319474,-0.8387174393974592,-0.027521483781497103,-3.378936577541625e-05,0.9680698113387896
29.633333333333965,-0.16083377441154445,-0.5115544576406157,0.19964889408251693,0.046399198216598256,-0.0002067947731373837,-0.013074540434878108,-0.03437142330394448,0.02020358477443615,0.03886899520468184,0.0,0.0,0.0,-0.16827308624398699,-0.5088832752112685,0.20142349250102928,0.04736843780182616,0.013381390818489915,-0.025217382661768893,0.008558176059715983,-0.0858299837864216,0.09901341379576101,0.0,0.0,0.0,-0.2314457355577095,0.4900710146468198,0.7174924111043974,-0.22550959579335594,0.5014599181858737,0.8049811484753361,0.01864334837191843,0.026787005477683107,0.08127423570081037,1.3882636785300857,2.63585421840604,1.3075113197425838,-0.1634702782839727,-2.132651018420483,0.3333041122599252,-0.03313940617489461,-0.003907697803524678,0.07607071675683047,0.41792657745223116,-0.9089202846484292,0.439234443076722,0.30376725475027233,0.21490405089996817,-0.22829526508212636,0.2557265161746109,2.184251846404324,0.39078372919073984,1.575065838549261,2.392126637804941,1.5180860496706106,-1.1614162295949166,-0.9236391599815941,1.0392371573601007,0.0,0.0,0.0,0.0,0.0,0.0,0.0,0.0,0.0,0.0,0.0,0.0,9.0,9.0,9.0,9.0,9.0,9.0,6.0,6.0,6.0,6.0,6.0,6.0,0.7935471117896882,47.70228490455647,9.236456248267427,-0.8548858081557671,-0.030530998248711083,-3.8355821039726123e-05,1.1834142889169317
29.6666666666673,-0.1593069321822444,-0.5115714754915892,0.19923345178593124,0.04515781703473246,-0.0012456348769590009,-0.011593412391768716,-0.03709066158099042,0.01587267021624416,0.0354539747721646,0.0,0.0,0.0,-0.16669313120803625,-0.5085080142160601,0.2006601836811037,0.047710205683508575,0.011533367355786759,-0.02338094828716567,-0.002066122510817614,-0.0868707231676229,0.09672318127768254,0.0,0.0,0.0,-0.23397763240038208,0.4917874864069109,0.6858047257516489,-0.22906775707643842,0.5026433211841952,0.7619675173619541,0.016066142585976835,0.024033721405241154,0.07067929350500242,1.3876169756216015,2.6360674822072334,1.3096329016490618,-0.1492803393857361,-2.1594221487122645,0.34837678710034103,-0.02398052689464612,0.002962710089355958,0.06778854371516901,0.4231076371154757,-0.8383960340517702,0.44786497783389134,0.27476637840745466,0.20611223678641907,-0.24846519124984376,0.1554317898973374,2.115727517899769,0.258916042715081,1.575065838549261,2.392126637804941,1.5180860496706106,-1.1614162295949166,-0.9236391599815941,1.0392371573601007,0.0,0.0,0.0,0.0,0.0,0.0,0.0,0.0,0.0,0.0,0.0,0.0,9.0,9.0,9.0,9.0,9.0,9.0,6.0,6.0,6.0,6.0,6.0,6.0,0.7211354609523604,47.62468973405416,9.17895555288232,-0.87141395834533,-0.03327349069395713,-4.166575427216879e-05,1.6581608868706623
29.700000000000635,-0.15784963299219076,-0.5116199476200068,0.19886716163919466,0.043463692703934784,-0.002078730532687076,-0.010244580042968778,-0.04956629960853574,0.016621723051376287,0.032611969069066465,0.0,0.0,0.0,-0.16511732006848331,-0.5081911492068921,0.19995610133626873,0.04764357551378828,0.0097507695247124,-0.021572839362391762,-0.021103546139488838,-0.08274671138933165,0.09403664739966677,0.0,0.0,0.0,-0.2363064760837868,0.49374209978691436,0.656474387465102,-0.23238297138012595,0.5039655291054961,0.7211401943491572,0.013416087331944562,0.02120935287433031,0.05993894530115133,1.3871988721232138,2.6365081986374266,1.3114527650796792,-0.13501631166084327,-2.1839367065331654,0.3635483124122809,-0.01635557893263358,0.009801898633642694,0.058993449850739524,0.4263164335363484,-0.7697565011019405,0.45271883218342784,0.2287484388603762,0.20517565632860207,-0.2638528159328846,0.09626389262618089,2.05918598849489,0.14561563048609527,1.575065838549261,2.392126637804941,1.5180860496706106,-1.1614162295949166,-0.9236391599815941,1.0392371573601007,0.0,0.0,0.0,0.0,0.0,0.0,0.0,0.0,0.0,0.0,0.0,0.0,9.0,9.0,9.0,9.0,9.0,9.0,6.0,6.0,6.0,6.0,6.0,6.0,0.6075599276036288,47.572907631246835,9.133078293395892,-0.8870188969020176,-0.035795018283606206,-4.4189629108015716e-05,1.944784021044922
29.73333333333397,-0.15645512493529012,-0.511701280003324,0.19854456990483277,0.04174877279812729,-0.0028930871902243527,-0.009045379785030793,-0.04932706720231882,0.012184119236386152,0.029128979096938075,0.0,0.0,0.0,-0.16355083804802978,-0.5079341486735295,0.19930948526675138,0.047382635455693746,0.007940466556384002,-0.019815165509240586,-0.029735483014573294,-0.08312376888742534,0.09035709351883403,0.0,0.0,0.0,-0.23839029767769918,0.49584640159640314,0.6295130960004333,-0.23544184808440694,0.5053878067074199,0.6825890793508561,0.010666222985193367,0.018359786590935415,0.04913391036861383,1.3870045106508297,2.637139375416785,1.3129774258720643,-0.1208715847100533,-2.206239313153324,0.3786566112121068,-0.009339089091894199,0.015890835131719558,0.05015769913128038,0.425000016861249,-0.7026376327704947,0.45307225339099355,0.21049469522218148,0.182668094942306,-0.26507252158377426,-0.03949250025298169,2.0135660499433716,0.010602636226971815,1.575065838549261,2.392126637804941,1.5180860496706106,-1.1614162295949166,-0.9236391599815941,1.0392371573601007,0.0,0.0,0.0,0.0,0.0,0.0,0.0,0.0,0.0,0.0,0.0,0.0,9.0,9.0,9.0,9.0,9.0,9.0,6.0,6.0,6.0,6.0,6.0,6.0,0.5598036965767734,47.48781700852802,9.077836461680354,-0.903163329553087,-0.03829461686178426,-4.457024734361159e-05,2.5477145683257
29.766666666667305,-0.15512470421147745,-0.5118147940717759,0.19826016379077183,0.039985741495391865,-0.003715302715364986,-0.007989355157831574,-0.050165311659919276,0.007461704034375578,0.02581364615931697,0.0,0.0,0.0,-0.1620001430424464,-0.5077377165163087,0.19871774326433905,0.046926326515462975,0.006108386140541954,-0.018132675116533742,-0.03832767487707356,-0.08323335367460061,0.08556955980590253,0.0,0.0,0.0,-0.24022495925905782,0.49807596007673627,0.6046000423701967,-0.23823883844561164,0.5068940125403211,0.646256302741475,0.007875487311229815,0.015534374280615616,0.038512907279269384,1.3869858891434481,2.637952160783108,1.314209152557585,-0.10683945864067051,-2.226604132850135,0.39371645020280993,-0.0034854598449312307,0.021552652370359176,0.041353766754170636,0.4223091936747388,-0.6415089381930391,0.4522208642777268,0.17560887740888906,0.16985451715918853,-0.26411797131329245,-0.08072469559530623,1.833860837323668,-0.025541673398003117,1.575065838549261,2.392126637804941,1.5180860496706106,-1.1614162295949166,-0.9236391599815941,1.0392371573601007,0.0,0.0,0.0,0.0,0.0,0.0,0.0,0.0,0.0,0.0,0.0,0.0,9.0,9.0,9.0,9.0,9.0,9.0,6.0,6.0,6.0,6.0,6.0,6.0,0.47219333089517823,47.4299250284454,9.03554400622555,-0.9174037931328078,-0.04096855884692174,-3.8140851002177456e-05,2.367794652491926
29.80000000000064,-0.15387201009924517,-0.5119488214188048,0.19800862668191294,0.03792268730552987,-0.004325577020637971,-0.007075892290581677,-0.05884888618509168,0.00965455458163561,0.02237366619790491,0.0,0.0,0.0,-0.16047706159056177,-0.5075974837886915,0.1981780544086385,0.04613577362051898,0.004386520749741052,-0.016534907684019922,-0.05344032344456151,-0.07707962486339603,0.08040950870284558,0.0,0.0,0.0,-0.24190648732866235,0.500335795622467,0.5816083675548166,-0.24081242292540134,0.5084375891998806,0.6121202634082421,0.0051083955386254055,0.012809831219559899,0.028156619929356794,1.3870864640674707,2.638904652879289,1.3151899281311532,-0.09303848884871202,-2.245175531367023,0.40851133578619137,0.0008496785321429326,0.026234059380405593,0.03340010038941981,0.41678912706408255,-0.5852642830687709,0.44663799976020463,0.1300541513122249,0.14044221030139248,-0.23860999094252472,-0.16560199831968725,1.687339653728048,-0.1674859355256641,1.575065838549261,2.392126637804941,1.5180860496706106,-1.1614162295949166,-0.9236391599815941,1.0392371573601007,0.0,0.0,0.0,0.0,0.0,0.0,0.0,0.0,0.0,0.0,0.0,0.0,9.0,9.0,9.0,9.0,9.0,9.0,6.0,6.0,6.0,6.0,6.0,6.0,0.3548729634913077,47.35185008753342,8.997767166987892,-0.9309060005898349,-0.04336239882467341,-4.226360033177112e-05,2.8468926163221147
29.833333333333975,-0.15269228847781913,-0.5121052777694032,0.19778165452994664,0.035842340830755964,-0.004919951414260302,-0.0063620529502077285,-0.0591766523799894,0.006480526607821252,0.017084278854741623,0.0,0.0,0.0,-0.15898697375677795,-0.5075132613461564,0.19768586913776826,0.04515707955015286,0.0026863756509623313,-0.015067913091875334,-0.061437203515163574,-0.07522842537886376,0.0731423909339437,0.0,0.0,0.0,-0.24348517351617666,0.5025942243035869,0.5603355774107722,-0.24319430755979718,0.5099940428896081,0.5801178672238517,0.002419947132109088,0.010216510045718007,0.01818996606066462,1.3872830274006591,2.639977780763641,1.3159282119127023,-0.07947172472961074,-2.262154251892097,0.4229854925088334,0.004214492841144829,0.030207244147170506,0.025899042427455332,0.4102649914033864,-0.5346625048577424,0.43836246770624165,0.10094442927005692,0.11919554300294742,-0.22503173885893432,-0.1957240698208846,1.518053346330857,-0.24826596161888959,1.575065838549261,2.392126637804941,1.5180860496706106,-1.1614162295949166,-0.9236391599815941,1.0392371573601007,0.0,0.0,0.0,0.0,0.0,0.0,0.0,0.0,0.0,0.0,0.0,0.0,9.0,9.0,9.0,9.0,9.0,9.0,6.0,6.0,6.0,6.0,6.0,6.0,0.28001056535285684,47.2917513642799,8.960198862186639,-0.9436690260228164,-0.045764953468075964,-4.3566350424351086e-05,2.9692110397703297
29.86666666666731,-0.15158503340206678,-0.5122784565435948,0.19757230372575346,0.0337560841643357,-0.005406330027219439,-0.005842208122054625,-0.059295300572345666,0.006541560344993756,0.011829996086475551,0.0,0.0,0.0,-0.15753556277659156,-0.5074819760281345,0.19723651187279875,0.04400414292692486,0.0010693358305917315,-0.013741724046844544,-0.06869705629277556,-0.0704948236691969,0.06550539853071058,0.0,0.0,0.0,-0.24499225060415136,0.5048011235707318,0.5406278229044297,-0.2454099224685932,0.5115334417282486,0.5501863882231341,-0.0001593710156906911,0.0077846024490154705,0.008694255174755838,1.387547946696129,2.641133559639549,1.316463812887221,-0.06620063471151569,-2.2777039723199,0.4370556075687836,0.006703216856448174,0.03318465890054997,0.019345033632861167,0.40217679749636337,-0.4892152435086359,0.4275231237677519,0.07466172045910033,0.08932244260138385,-0.19662026383782494,-0.24264581721069073,1.363417840473195,-0.3251803181546923,1.575065838549261,2.392126637804941,1.5180860496706106,-1.1614162295949166,-0.9236391599815941,1.0392371573601007,0.0,0.0,0.0,0.0,0.0,0.0,0.0,0.0,0.0,0.0,0.0,0.0,9.0,9.0,9.0,9.0,9.0,9.0,6.0,6.0,6.0,6.0,6.0,6.0,0.20999257023306228,47.2248690202438,8.926392756108047,-0.9557186298234079,-0.048004525297836276,-4.397937607425462e-05,3.184283843870503
29.900000000000645,-0.15054877282050358,-0.5124614763168394,0.19737402587153235,0.03168820718191186,-0.005727902814258737,-0.005507789857735368,-0.05881712010939074,0.008730341098209145,0.00673978725679697,0.0,0.0,0.0,-0.1561277383447184,-0.507499098946828,0.1968250853559488,0.04269905906418264,-0.00041789871619269726,-0.012563497227734076,-0.0748401389899338,-0.06361107019458245,0.057637602409976285,0.0,0.0,0.0,-0.2464465541758397,0.506922627258797,0.5223294875509776,-0.24747920465581766,0.5130316312969762,0.5222507584999542,-0.0026034964470732806,0.0055309228252772005,-0.00025704469257903004,1.3878570283547453,2.6423357441180846,1.3168408262615636,-0.05326879894534131,-2.291982343935258,0.45067398671640563,0.008416038791146843,0.0351052425375682,0.013988612031136317,0.3926956478222753,-0.44863918014337173,0.41487529087502445,0.05138465804096008,0.05761750911054706,-0.16069264805174552,-0.28443449022264244,1.2172819009579245,-0.3794349867818247,1.575065838549261,2.392126637804941,1.5180860496706106,-1.1614162295949166,-0.9236391599815941,1.0392371573601007,0.0,0.0,0.0,0.0,0.0,0.0,0.0,0.0,0.0,0.0,0.0,0.0,9.0,9.0,9.0,9.0,9.0,9.0,6.0,6.0,6.0,6.0,6.0,6.0,0.14650873073906223,47.16202304015506,8.897168411514432,-0.9670000399347238,-0.05010833333613962,-4.2775509066173e-05,3.2612138337760284
29.93333333333398,-0.14958921815255705,-0.5126431967508365,0.19718638151135048,0.02950878418119223,-0.005775416162686259,-0.0052414465584701,-0.06236250339244923,0.014400164148528703,0.005118034150033915,0.0,0.0,0.0,-0.15477109455587984,-0.5075574727372668,0.1964491006252101,0.041175751394549334,-0.0017005089246182208,-0.011471982717401975,-0.08407665899796646,-0.05326322712121012,0.05279461212669201,0.0,0.0,0.0,-0.24782093292841684,0.5089560617433253,0.5054846132020763,-0.2494024551399466,0.51447824290355,0.49631016008999007,-0.004934116157410335,0.003429934431004365,-0.008701013629351323,1.388193269033404,2.6435504162516352,1.3171003579023,-0.040823700050857906,-2.304966857324607,0.46372617705454106,0.00953015983688718,0.035995190183532796,0.00985350349177333,0.37980052716375995,-0.4092366611681103,0.39933557038771583,0.033423631372210064,0.026698429378937797,-0.12405325618088961,-0.38685361975546007,1.1820755692578429,-0.46619161461925934,1.575065838549261,2.392126637804941,1.5180860496706106,-1.1614162295949166,-0.9236391599815941,1.0392371573601007,0.0,0.0,0.0,0.0,0.0,0.0,0.0,0.0,0.0,0.0,0.0,0.0,9.0,9.0,9.0,9.0,9.0,9.0,6.0,6.0,6.0,6.0,6.0,6.0,0.09635634430391038,47.10702143980665,8.869136667334132,-0.9788551239488554,-0.051837369347314866,-4.135245964143053e-05,3.677261932600855
29.966666666667315,-0.1486990646360663,-0.512820279232185,0.19700358490131986,0.027429240333189137,-0.005671397312002557,-0.005102460834831587,-0.05966718744410972,0.016773367565509692,0.0017024775551698294,0.0,0.0,0.0,-0.1534679711548969,-0.5076521698039703,0.19610406854336382,0.039560272998676954,-0.002825098808515612,-0.010509745901925615,-0.08722849826231727,-0.045268364806785755,0.04599825173585437,0.0,0.0,0.0,-0.24915162637560764,0.5108618130151402,0.48984108779572727,-0.2511998570415033,0.5158514429640414,0.4722482641797818,-0.007099792835086485,0.001519851038605433,-0.016517129654729203,1.3885364264561793,2.6447506066070843,1.3172834859763285,-0.028834278075353693,-2.3169006977138986,0.47623181399223186,0.01003986840113306,0.036002203836830844,0.006947062644494363,0.36638861523133753,-0.37508902817519146,0.38322459554972066,0.01529125692737639,0.00021040959894146397,-0.087193225418369,-0.4023573579726727,1.0244289897875656,-0.4833292451398554,1.575065838549261,2.392126637804941,1.5180860496706106,-1.1614162295949166,-0.9236391599815941,1.0392371573601007,0.0,0.0,0.0,0.0,0.0,0.0,0.0,0.0,0.0,0.0,0.0,0.0,9.0,9.0,9.0,9.0,9.0,9.0,6.0,6.0,6.0,6.0,6.0,6.0,0.0459975021373622,47.062396461172845,8.847334972766811,-0.9887629233524873,-0.05377317476229271,-3.87211951062838e-05,3.0985825881549447
30.00000000000065,-0.1478754200737713,-0.5129889753793181,0.19682278455796842,0.025437348182669732,-0.005444998860852059,-0.005059331131009672,-0.05734115043931206,0.018544978896195836,-0.0008307802298550306,0.0,0.0,0.0,-0.1522211872814733,-0.5077781635601815,0.19578640350502988,0.037858954564190014,-0.003796088757858008,-0.00965969831678009,-0.09006664551106525,-0.03758849266835007,0.04010887052158374,0.0,0.0,0.0,-0.25040808042175133,0.5126688085629658,0.47540742080300497,-0.252869025152554,0.5171554663791781,0.4500294561705295,-0.009120243337824789,-0.00023969165999781009,-0.023739988283793485,1.3888869751091368,2.6459190791172102,1.317407954756653,-0.017362430842753025,-2.327782572485538,0.4881608967823001,0.010357595859527937,0.03537018481479427,0.004805063154654852,0.35156648306245925,-0.34266717149118453,0.3663231876512731,0.009531823751846333,-0.018960570661097187,-0.06425998469518532,-0.44466396506634925,0.9726557005202076,-0.507042236953428,1.575065838549261,2.392126637804941,1.5180860496706106,-1.1614162295949166,-0.9236391599815941,1.0392371573601007,0.0,0.0,0.0,0.0,0.0,0.0,0.0,0.0,0.0,0.0,0.0,0.0,9.0,9.0,9.0,9.0,9.0,9.0,6.0,6.0,6.0,6.0,6.0,6.0,0.027996589126449756,47.03066809924823,8.822689566599983,-0.9991400657153682,-0.055384059128654295,-3.5242813845259846e-05,3.372546944779892
30.033333333333985,-0.14711869548788334,-0.5131442659487953,0.19664488467638985,0.02346261397302721,-0.005079691291607085,-0.005025666175024925,-0.057161384631407665,0.02101107353995537,-0.000790505853408582,0.0,0.0,0.0,-0.15103446070151344,-0.507929740687746,0.19549414561203746,0.03604951325207275,-0.004596441025183291,-0.008877235324551392,-0.09395664000994763,-0.029196672974231674,0.036423130453763,0.0,0.0,0.0,-0.2515871928978972,0.5143639808988281,0.4621285673353799,-0.2544127640633761,0.5183830875510813,0.4296018064265762,-0.01099304248765346,-0.001846922427115729,-0.030367590291259357,1.3892315915773987,2.6470370045719314,1.3175007904156415,-0.006471885345887585,-2.3376785001101954,0.4994633882388329,0.010344861318411974,0.034148570699354425,0.0034584008979891296,0.33499973762479524,-0.31214094299020445,0.34815755834774614,-0.0003820362334789123,-0.036648423463195544,-0.040399867699971684,-0.4970023631299201,0.9157868550294033,-0.5449688791058078,1.575065838549261,2.392126637804941,1.5180860496706106,-1.1614162295949166,-0.9236391599815941,1.0392371573601007,0.0,0.0,0.0,0.0,0.0,0.0,0.0,0.0,0.0,0.0,0.0,0.0,9.0,9.0,9.0,9.0,9.0,9.0,6.0,6.0,6.0,6.0,6.0,6.0,5.7534056776997744e-05,47.00404545171246,8.801304715397306,-1.0090984507788732,-0.05690576445638196,-3.2820111494524795e-05,3.1887845933842667
30.06666666666732,-0.14642114887527055,-0.5132863388304268,0.19646664576189207,0.021644321670153496,-0.004674747173354815,-0.005054698794297157,-0.052787418481176,0.020744789629550064,-0.002374246720580826,0.0,0.0,0.0,-0.14990789770829213,-0.5081031066552756,0.19522397253501717,0.034222001616685246,-0.005273282852883896,-0.008190920006617555,-0.09354073479236691,-0.023152620794597567,0.0314315528038116,0.0,0.0,0.0,-0.25268420411149334,0.5159604279807927,0.4499110896770824,-0.25583321189869496,0.5195371933690808,0.41089229852880177,-0.012709968221952896,-0.0033122915301939115,-0.036379733033290125,1.3895717695698953,2.6480953356841956,1.3175743467914598,0.0038504852078217805,-2.3466778786058486,0.5101655086326994,0.010251846956065671,0.0325494791450722,0.002623927815695784,0.3181139902824524,-0.2840345509097987,0.33009492732657786,-0.0027904308703890616,-0.047972746628466734,-0.02503419246880036,-0.5065724202702856,0.8431917624121725,-0.5418789306350488,1.575065838549261,2.392126637804941,1.5180860496706106,-1.1614162295949166,-0.9236391599815941,1.0392371573601007,0.0,0.0,0.0,0.0,0.0,0.0,0.0,0.0,0.0,0.0,0.0,0.0,9.0,9.0,9.0,9.0,9.0,9.0,6.0,6.0,6.0,6.0,6.0,6.0,-0.00830965952179108,46.98764185435734,8.780886926549083,-1.018109904913026,-0.058391852034139546,-2.936507819195633e-05,2.9089756902893322
30.100000000000655,-0.14577679328131266,-0.5134149847837901,0.19628751315916257,0.01999168909328449,-0.004256386525980441,-0.005107034437145981,-0.04811878705305092,0.019971905292333912,-0.00282012529470157,0.0,0.0,0.0,-0.14884105285996846,-0.5082946403198488,0.19497339775575204,0.03240403319436475,-0.005838135911710595,-0.007583350353808615,-0.09184164960080787,-0.017732030692519274,0.027335799492665735,0.0,0.0,0.0,-0.25374610059830355,0.5174273272550333,0.43849894763307556,-0.25715281036309007,0.5206034366084189,0.3937490651981426,-0.01422075283301187,-0.004601451382593446,-0.04168769663655709,1.3898905861630535,2.649092159284918,1.3176490694102345,0.01370010156472589,-2.35501237332983,0.5203421881552479,0.009793614181853467,0.030786298396135687,0.002369094980722502,0.30303032389889967,-0.2613680781162261,0.31356523289316324,-0.013746983226366137,-0.052895422468095546,-0.007644985049198465,-0.45250999150658144,0.679994183807178,-0.49589083300243864,1.575065838549261,2.392126637804941,1.5180860496706106,-1.1614162295949166,-0.9236391599815941,1.0392371573601007,0.0,0.0,0.0,0.0,0.0,0.0,0.0,0.0,0.0,0.0,0.0,0.0,9.0,9.0,9.0,9.0,9.0,9.0,6.0,6.0,6.0,6.0,6.0,6.0,-0.03721691487629286,46.98526695335301,8.768665449019627,-1.0255879547184916,-0.05999610740573158,-2.658525994037042e-05,2.377155473009694
30.13333333333399,-0.1451795642231226,-0.5135317832017559,0.1961064624298794,0.01851361919872834,-0.0038667104691490943,-0.005185047547518034,-0.043115723514892915,0.01812722031702247,-0.0034035981772030646,0.0,0.0,0.0,-0.147832821571893,-0.5085016244296732,0.19474001946888825,0.03061671918844232,-0.006316112409012601,-0.007049721173571693,-0.08918341979542266,-0.013572667588734433,0.023524438738436793,0.0,0.0,0.0,-0.2547489556910636,0.5187979197115333,0.4279040308527084,-0.2583710228246631,0.5215911725406521,0.37810998918259464,-0.01555294686927694,-0.0057556344176334946,-0.04635459638055853,1.3901989435929472,2.650026939852653,1.3177219188153257,0.02306117761116156,-2.3626738986930897,0.5299994115948651,0.009431686658492887,0.028957710820076244,0.002246686428729605,0.2882316288950133,-0.24035319997060228,0.297666213090065,-0.010857825700817409,-0.05485762728178325,-0.003672256559786906,-0.44396085011659076,0.6304463443687137,-0.47697059409294706,1.575065838549261,2.392126637804941,1.5180860496706106,-1.1614162295949166,-0.9236391599815941,1.0392371573601007,0.0,0.0,0.0,0.0,0.0,0.0,0.0,0.0,0.0,0.0,0.0,0.0,9.0,9.0,9.0,9.0,9.0,9.0,6.0,6.0,6.0,6.0,6.0,6.0,-0.030684556120721407,46.98466965181753,8.75027229286364,-1.033739338945211,-0.06128279499398004,-2.3619497992122263e-05,2.555918470150892
30.166666666667325,-0.1446285598565016,-0.5136348013257632,0.19592526212359945,0.017109814250489283,-0.0034488885486363505,-0.005233604319328993,-0.04110323985069163,0.018107950108531553,-0.0023551185206609256,0.0,0.0,0.0,-0.14688364007978968,-0.5087201799762312,0.1945226633961603,0.02882333500503881,-0.006680940331878549,-0.006557560745497714,-0.08832860835725054,-0.008213109853128842,0.021309457886361294,0.0,0.0,0.0,-0.25569280109840153,0.5200658884350607,0.41808350832338287,-0.2594915079511919,0.5224985724627891,0.3639048978719776,-0.01671207669445481,-0.0067773196156839695,-0.05040705439020488,1.3904909848710687,2.650893319546998,1.3178051076039266,0.03190963483653548,-2.369710857690207,0.5391207334769245,0.008984721115261081,0.026980164160256667,0.0024126712482565728,0.2730463541391495,-0.22085691326587636,0.28164850867120966,-0.013408966296954181,-0.05932639979458735,0.004979544585809036,-0.45555824267591316,0.5848886011417777,-0.4805311325656616,1.575065838549261,2.392126637804941,1.5180860496706106,-1.1614162295949166,-0.9236391599815941,1.0392371573601007,0.0,0.0,0.0,0.0,0.0,0.0,0.0,0.0,0.0,0.0,0.0,0.0,9.0,9.0,9.0,9.0,9.0,9.0,6.0,6.0,6.0,6.0,6.0,6.0,-0.03801782750909943,46.980742871370886,8.73415385701365,-1.0415229727897688,-0.06246892994551301,-2.17592897970853e-05,2.3192317447778645
30.20000000000066,-0.1441145163346147,-0.5137288443600075,0.1957391025261561,0.0159119418372306,-0.003120832783365649,-0.0053624085305409505,-0.035108972561825165,0.014746620328442019,-0.004624770940790816,0.0,0.0,0.0,-0.14599036152798434,-0.5089491408370573,0.19431766242374468,0.027111024484507112,-0.0069988776587126865,-0.006166464721601117,-0.08336043876367549,-0.006069597725272047,0.016289871625417174,0.0,0.0,0.0,-0.25662330169273956,0.5212147147864331,0.4087959955394032,-0.2605366263798145,0.5233175368011588,0.35097755652557927,-0.017653627252750506,-0.007642796715932938,-0.05377283140907362,1.3907616110302912,2.6516975636542894,1.3179000156877623,0.04039642341424243,-2.3763325289961386,0.5478274541933873,0.00840743022286945,0.025078270199240537,0.0027023854261375648,0.26075122293385555,-0.20605239720725763,0.26801725055299225,-0.017318726771748918,-0.057056818830483864,0.008691425336429755,-0.36885393615881895,0.4441354817585618,-0.4089377435465227,1.575065838549261,2.392126637804941,1.5180860496706106,-1.1614162295949166,-0.9236391599815941,1.0392371573601007,0.0,0.0,0.0,0.0,0.0,0.0,0.0,0.0,0.0,0.0,0.0,0.0,9.0,9.0,9.0,9.0,9.0,9.0,6.0,6.0,6.0,6.0,6.0,6.0,-0.04791679002213245,46.986114803056495,8.722123329137812,-1.0474314723114433,-0.06381150053014517,-1.949551553126483e-05,1.7422544866071976
30.233333333333995,-0.14363275486198415,-0.5138160453341681,0.19554422247752443,0.014875563841238231,-0.0028661910074899866,-0.005592187800687714,-0.03039035845957257,0.01199814043047125,-0.007564972186909684,0.0,0.0,0.0,-0.14515067001068313,-0.5091869800644937,0.194121328465998,0.025471200782192102,-0.007270448599488283,-0.005885786682795401,-0.07888241142830754,-0.003974725337380747,0.010889118992893465,0.0,0.0,0.0,-0.25750950192446204,0.5222761434247064,0.40008225300215855,-0.2615028053993359,0.5240590277273088,0.33926874768033305,-0.018418825747744085,-0.008393595964441041,-0.056538051433895765,1.391023100323071,2.652435293322144,1.3180005065052105,0.048503091589997,-2.3825034594722863,0.556122194521828,0.008032262596555716,0.023114016756838683,0.002910611491009694,0.2490504378263766,-0.19210274192537918,0.2552338900864784,-0.01125502878941204,-0.05892760327205563,0.006246781946163869,-0.351023553224369,0.4184896584563531,-0.38350081399541586,1.575065838549261,2.392126637804941,1.5180860496706106,-1.1614162295949166,-0.9236391599815941,1.0392371573601007,0.0,0.0,0.0,0.0,0.0,0.0,0.0,0.0,0.0,0.0,0.0,0.0,9.0,9.0,9.0,9.0,9.0,9.0,6.0,6.0,6.0,6.0,6.0,6.0,-0.033189601465935414,46.98047530871054,8.703212829529132,-1.0540990280211284,-0.06483339217898587,-1.687314856990696e-05,1.8642303472563202
30.26666666666733,-0.14318326068875334,-0.5138950740452376,0.19534284372413463,0.013892584218655824,-0.0026116055149321355,-0.005810463438667977,-0.028896679911698676,0.011495631930410307,-0.007133290327870049,0.0,0.0,0.0,-0.1443639551736715,-0.5094308779187005,0.19393237170745556,0.02385846173104985,-0.007462327983155098,-0.005654886689254909,-0.07663888608660674,-0.0003167301721944682,0.008441038006395285,0.0,0.0,0.0,-0.2584148708892886,0.5233101898222903,0.39193491768995375,-0.2624212685761442,0.5247499387751885,0.32871752873008403,-0.018981702541450665,-0.009067901875168292,-0.058758855728959516,1.391275983097746,2.653129792628952,1.3180953270405282,0.05629110446279304,-2.388206105850316,0.5640054955426407,0.007735076359014406,0.021594658388438822,0.002866614536689872,0.23877707006471305,-0.17808717486904385,0.24274398377841355,-0.008915587126239296,-0.04558075105199588,-0.001319908629594644,-0.30820103284990596,0.4204670116900601,-0.3746971892419455,1.575065838549261,2.392126637804941,1.5180860496706106,-1.1614162295949166,-0.9236391599815941,1.0392371573601007,0.0,0.0,0.0,0.0,0.0,0.0,0.0,0.0,0.0,0.0,0.0,0.0,9.0,9.0,9.0,9.0,9.0,9.0,6.0,6.0,6.0,6.0,6.0,6.0,-0.025563270186755638,47.007653484894824,8.692863903256407,-1.0605814365647461,-0.06573050032645433,-1.9665065748464272e-05,1.635835427371503
30.300000000000665,-0.14275740995182712,-0.5139711996788279,0.19512928514960465,0.013097040143144879,-0.0024641579574750834,-0.006134068786751597,-0.023365060616940953,0.007931414195816531,-0.010215427700275698,0.0,0.0,0.0,-0.14362610169047163,-0.5096807189520608,0.19374667641626309,0.022356636357913316,-0.007639491643611428,-0.005537788033836345,-0.07045241106965427,0.00020867056444906495,0.002977146194750535,0.0,0.0,0.0,-0.259341414392248,0.5242707870459328,0.3841228856577904,-0.2633027395626854,0.5253790747019766,0.3191701033555379,-0.01933629288125551,-0.009621679659394148,-0.06036414006934375,1.391515211700494,2.6537762927231565,1.3181914306432287,0.06388142998398036,-2.3936483722156683,0.5716118744792478,0.007362930841301117,0.02012822134689751,0.002877610232904655,0.2313988671119841,-0.16820771893006342,0.2330422399916131,-0.011164365531398695,-0.04399311124623936,0.0003298708864434729,-0.2213460885818687,0.2963836781694132,-0.29105231360401307,1.575065838549261,2.392126637804941,1.5180860496706106,-1.1614162295949166,-0.9236391599815941,1.0392371573601007,0.0,0.0,0.0,0.0,0.0,0.0,0.0,0.0,0.0,0.0,0.0,0.0,9.0,9.0,9.0,9.0,9.0,9.0,6.0,6.0,6.0,6.0,6.0,6.0,-0.0313258933492464,47.00893862047012,8.681611522645861,-1.0653810627154428,-0.06686909436083477,-1.638506578149901e-05,1.1025463142176108
30.333333333334,-0.14234875336067998,-0.5140468566280748,0.19490207820166305,0.012491406885014392,-0.002403663801269061,-0.006519950723209506,-0.017725728268850095,0.005075278401429267,-0.012041867565950935,0.0,0.0,0.0,-0.1429328993731996,-0.5099359135703389,0.19356137147484306,0.020980569996034735,-0.007799332300072795,-0.0055117877847139524,-0.06365146381576015,0.0008554363818635835,-0.0013405183895187633,0.0,0.0,0.0,-0.2603695620256748,0.5251978943548598,0.37656774058070325,-0.26419026189364575,0.5259614208609349,0.310513671546052,-0.01944951840828262,-0.010081708386068054,-0.06139390736706373,1.3917479624721605,2.6543984273819814,1.3182763823232584,0.071402459280172,-2.39887911744648,0.578997193637883,0.00710932571376288,0.019152100292130225,0.002658237011561283,0.22755354162782757,-0.16068414425958785,0.2253871298365766,-0.007608153826147086,-0.029283631643018546,-0.006581196640301146,-0.11535976452469611,0.22570724011426743,-0.2296533046510948,1.575065838549261,2.392126637804941,1.5180860496706106,-1.1614162295949166,-0.9236391599815941,1.0392371573601007,0.0,0.0,0.0,0.0,0.0,0.0,0.0,0.0,0.0,0.0,0.0,0.0,9.0,9.0,9.0,9.0,9.0,9.0,6.0,6.0,6.0,6.0,6.0,6.0,-0.020892271761710823,47.03687709692875,8.67438535591649,-1.0702823474155232,-0.06786146246559621,-1.9018530202696837e-05,1.0129664162458365
30.366666666667335,-0.14195131294232266,-0.5141244114548114,0.19465962221114544,0.012067249930972357,-0.002419997965699274,-0.006956335752419562,-0.01232071170539191,0.002633275186003714,-0.01353817034008838,0.0,0.0,0.0,-0.14227989778761435,-0.5101960698663384,0.19337371406243312,0.019738620855625933,-0.007946574986077485,-0.0055701699094713245,-0.056550169997084065,0.00127327552600498,-0.005287641319777769,0.0,0.0,0.0,-0.2614640658899212,0.526058434300537,0.36916552248648554,-0.2650846224073714,0.5264882443332364,0.3026288855598839,-0.01936130365956365,-0.010431890471185708,-0.06185623393897379,1.3919753352254765,2.6549885016571833,1.3183593624927616,0.07888563826040151,-2.40399815248825,0.5862400178159161,0.006917230304243395,0.01818551893474931,0.0025456823939196955,0.22551476014719965,-0.15594208225525738,0.21998552683952008,-0.005762862285584553,-0.028997440721427407,-0.0033766385292476274,-0.06116344441883727,0.1422618601299142,-0.1620480899116954,1.575065838549261,2.392126637804941,1.5180860496706106,-1.1614162295949166,-0.9236391599815941,1.0392371573601007,0.0,0.0,0.0,0.0,0.0,0.0,0.0,0.0,0.0,0.0,0.0,0.0,9.0,9.0,9.0,9.0,9.0,9.0,6.0,6.0,6.0,6.0,6.0,6.0,-0.01680833629589351,47.037093808849846,8.663346922879317,-1.0752333420275764,-0.068859339148859,-1.549293741165414e-05,0.822305516074938
30.40000000000067,-0.1415672374352196,-0.5142005283777352,0.19440784324661042,0.011661326513864348,-0.002394079627018245,-0.007292170386310275,-0.011800138712633766,0.0037622609851019635,-0.010522189458516486,0.0,0.0,0.0,-0.14166583612917663,-0.5104585736578242,0.19318432609558847,0.018549528035107152,-0.008024480830888643,-0.005624939873341614,-0.053414602243178066,0.004389717750033384,-0.005002065723159532,0.0,0.0,0.0,-0.26257537636379036,0.5268644907695562,0.36202965668940396,-0.26597255343519244,0.5269647722142146,0.2954881779655124,-0.019136645619286595,-0.01070577505307629,-0.06187428184854661,1.3922013656854337,2.6555410985093926,1.3184463329771579,0.086216736242009,-2.4089155429753912,0.5932745097668737,0.0068263526338957475,0.01711377668910709,0.002587970485900211,0.2217935463478829,-0.1503285038279123,0.2140183479656588,-0.002726330110429429,-0.03215226736926656,0.001268642759415467,-0.1116364139795025,0.16840735282035285,-0.1790153662158384,1.575065838549261,2.392126637804941,1.5180860496706106,-1.1614162295949166,-0.9236391599815941,1.0392371573601007,0.0,0.0,0.0,0.0,0.0,0.0,0.0,0.0,0.0,0.0,0.0,0.0,9.0,9.0,9.0,9.0,9.0,9.0,6.0,6.0,6.0,6.0,6.0,6.0,-0.009882144623690525,47.03388837299743,8.65012210279685,-1.0817136337864413,-0.06958894606171606,-1.2945633934613454e-05,0.8856684073968231
30.433333333334005,-0.14118839249835197,-0.5142781953472317,0.194144941410317,0.011422774650898032,-0.0024147871885303413,-0.007628256009471608,-0.006814109457048656,0.002279497612007419,-0.01052097645211545,0.0,0.0,0.0,-0.14108567340484915,-0.5107230773005983,0.1929914285803082,0.017498908238642117,-0.008083230200192068,-0.0057250949964925135,-0.04625484621403153,0.005085025172297364,-0.007053698542682785,0.0,0.0,0.0,-0.2637283530058902,0.5275953927066344,0.35500001292951516,-0.266865182345809,0.5273842644398327,0.288970695584228,-0.018754649251969506,-0.010881625192670564,-0.06141648372945222,1.3924276454618472,2.6560635351009165,1.3185409984704228,0.09351258657689446,-2.413768525909722,0.6002115206695358,0.0068010464062352,0.0161533240601851,0.0027559666939327597,0.21984818881367005,-0.14716915996258617,0.2100796673751279,-0.0007591868298164341,-0.028813578867659742,0.005039886240976469,-0.05836072602638543,0.0947803159597837,-0.11816041771592678,1.575065838549261,2.392126637804941,1.5180860496706106,-1.1614162295949166,-0.9236391599815941,1.0392371573601007,0.0,0.0,0.0,0.0,0.0,0.0,0.0,0.0,0.0,0.0,0.0,0.0,9.0,9.0,9.0,9.0,9.0,9.0,6.0,6.0,6.0,6.0,6.0,6.0,-0.005224127923721955,47.04161603454556,8.642244791624265,-1.0865064619553428,-0.07052872419014111,-1.0707342682270138e-05,0.49329686719693006
30.46666666666734,-0.14080863322118253,-0.5143592439501061,0.19387400415121323,0.011362090564435535,-0.0024881104847839343,-0.007901315425051247,-0.0015012129521944724,0.0006761860642540214,-0.00864322118942525,0.0,0.0,0.0,-0.14053428974426035,-0.5109893134406425,0.19279503005732515,0.016601456360877457,-0.008132350849937171,-0.005831693134326534,-0.03849249143155076,0.00532307841110935,-0.0072300973129912904,0.0,0.0,0.0,-0.2649329373381375,0.52824078046005,0.34802028858584777,-0.2677724492735338,0.527741127273571,0.2829815913477688,-0.018224295909974604,-0.010960765884733867,-0.06052005727406442,1.3926605107249312,2.6565647098121388,1.3186435738172386,0.1008126321632551,-2.418611344170668,0.6070945558545418,0.006924320730426803,0.015407935577839182,0.0029701625009591493,0.21928364133176953,-0.14591275187310934,0.2076872594918302,0.0036982297257480757,-0.02236165447037753,0.006425874210791684,-0.01693642445701565,0.03769224268430475,-0.07177223649893119,1.575065838549261,2.392126637804941,1.5180860496706106,-1.1614162295949166,-0.9236391599815941,1.0392371573601007,0.0,0.0,0.0,0.0,0.0,0.0,0.0,0.0,0.0,0.0,0.0,0.0,9.0,9.0,9.0,9.0,9.0,9.0,6.0,6.0,6.0,6.0,6.0,6.0,0.006135940068226375,47.05602278247302,8.634969535662165,-1.0915910274767349,-0.07143861346996427,-9.594705830284767e-06,0.3968384635360884
30.500000000000675,-0.1404332907670633,-0.5144411500395585,0.19360149156398979,0.011255021041270383,-0.002527684963194541,-0.008025712550645145,-0.0028995197323773564,0.001629780549776712,-0.0042083017147417695,0.0,0.0,0.0,-0.14001119313411645,-0.5112553883870072,0.19259712368719145,0.01573967550358245,-0.008131219037189826,-0.00588765467700176,-0.03642301497885381,0.007495821849776263,-0.0046909358425901715,0.0,0.0,0.0,-0.2661420478125789,0.528830221872589,0.34121294420587966,-0.268681284510195,0.5280470416014413,0.2775065955380198,-0.017606945415531268,-0.010985687500640828,-0.05930320385567754,1.3929004822385127,2.657047687513933,1.3187487464978662,0.10801371460322841,-2.4233336593365986,0.6138597722831433,0.007107537181771319,0.014795532561830214,0.003093507779541001,0.21711619591005601,-0.14308388727631194,0.20453341506930628,0.0054964935403355045,-0.01837209048026905,0.0037003583574555473,-0.06502336265140532,0.0848659379039221,-0.0946153326757174,1.575065838549261,2.392126637804941,1.5180860496706106,-1.1614162295949166,-0.9236391599815941,1.0392371573601007,0.0,0.0,0.0,0.0,0.0,0.0,0.0,0.0,0.0,0.0,0.0,0.0,9.0,9.0,9.0,9.0,9.0,9.0,6.0,6.0,6.0,6.0,6.0,6.0,0.011461734717951977,47.06493059842669,8.623576739376418,-1.0980471581048223,-0.07208760824900118,-8.027868892757084e-06,0.4374355070547212
30.53333333333401,-0.1400564768820951,-0.5145274864149345,0.19333011255356874,0.011250630774053638,-0.002627306654502124,-0.008046937367174031,0.00018686785110296335,-0.00023979308630670383,-0.0011285635591029922,0.0,0.0,0.0,-0.13951217897470217,-0.5115217480583371,0.19239881924499205,0.014992065224596344,-0.008134289632522319,-0.00590735752190321,-0.03065031388279671,0.007055966489634358,-0.00286874157904915,0.0,0.0,0.0,-0.2673439552960431,0.5293811123647132,0.33460446531555826,-0.2695866771896771,0.5283130132301124,0.2725137306249775,-0.01692192814333174,-0.010972023101068332,-0.05781862371760365,1.3931616072140227,2.6575231080294857,1.3188438601507928,0.1151133609611238,-2.4279143895579813,0.6205162748149482,0.007591678570789411,0.014440254498335688,0.002933442318381507,0.21436499246125995,-0.13930923351976143,0.2013078556592009,0.014524241670542748,-0.01065834190483579,-0.004801963834784811,-0.08253610346388181,0.11323961269651478,-0.09676678230316157,1.575065838549261,2.392126637804941,1.5180860496706106,-1.1614162295949166,-0.9236391599815941,1.0392371573601007,0.0,0.0,0.0,0.0,0.0,0.0,0.0,0.0,0.0,0.0,0.0,0.0,9.0,9.0,9.0,9.0,9.0,9.0,6.0,6.0,6.0,6.0,6.0,6.0,0.035181451053698964,47.07898417798159,8.611451858786985,-1.1041116406186173,-0.07279094733593405,-6.9845465322515565e-06,0.2939380856115106
30.566666666667345,-0.13967953903109243,-0.51461901264593,0.19306347167427595,0.011252323090323814,-0.00276516101501232,-0.007960052347247183,0.00038423786777670504,-0.0014503745134049977,0.0021257284501003016,0.0,0.0,0.0,-0.13903535581946852,-0.5117882167875922,0.1922016445177517,0.014310446907088988,-0.008133575016736009,-0.00588214512001911,-0.027245658201536127,0.007006285993570671,-0.000658247744647511,0.0,0.0,0.0,-0.2685251437534521,0.5299548988431222,0.328006975431605,-0.27048330154449307,0.5285702013376685,0.26788148425887776,-0.016157496523183913,-0.010938548893335195,-0.05599805661115229,1.3934329044976597,2.658035855106507,1.3189109549753382,0.12231071898367377,-2.4324378974249616,0.6272999605083978,0.00795650519633684,0.01506835970653972,0.002319710597036425,0.21540215793808598,-0.13690656851285904,0.20277633242205803,0.010944798766422872,0.018843156246120978,-0.01841195164035246,0.03111496430478072,0.07207995020707175,0.04405430288571398,1.575065838549261,2.392126637804941,1.5180860496706106,-1.1614162295949166,-0.9236391599815941,1.0392371573601007,0.0,0.0,0.0,0.0,0.0,0.0,0.0,0.0,0.0,0.0,0.0,0.0,9.0,9.0,9.0,9.0,9.0,9.0,6.0,6.0,6.0,6.0,6.0,6.0,0.03044473085776378,47.13686991086016,8.612897297734186,-1.1087123071638576,-0.07361101564666805,-8.949243870404189e-07,0.10572437330599
30.60000000000068,-0.13930606449859384,-0.5147159488019193,0.1928027666268345,0.011185022212302805,-0.0029193524544651453,-0.00781426915884511,-0.001649338227777975,-0.002004505360861868,0.003888506590029396,0.0,0.0,0.0,-0.138580309865855,-0.5120545102516114,0.1920064166625097,0.013649447344828284,-0.008125077746081939,-0.005829116413614562,-0.026045882145215415,0.00715206873536367,0.000710848676125142,0.0,0.0,0.0,-0.2696712028508702,0.5305431684699484,0.32154380135832805,-0.2713642541603153,0.5288249810627375,0.26360045734504395,-0.01535486163865526,-0.010892156804764429,-0.05396630282937921,1.3937159163655815,2.658573009164535,1.318946675928607,0.12948720753622395,-2.4368224130001463,0.6340882461966246,0.008312405757218108,0.015765867729410594,0.0014876559310552703,0.21533049036369856,-0.13332583434131956,0.2033578245718904,0.01067701682643802,0.02092524068612615,-0.02496163997943465,-0.0021500272316224414,0.10742202514618426,0.01744476449497108,1.575065838549261,2.392126637804941,1.5180860496706106,-1.1614162295949166,-0.9236391599815941,1.0392371573601007,0.0,0.0,0.0,0.0,0.0,0.0,0.0,0.0,0.0,0.0,0.0,0.0,9.0,9.0,9.0,9.0,9.0,9.0,6.0,6.0,6.0,6.0,6.0,6.0,0.030785267873189248,47.13841166954907,8.599135998447549,-1.1145803887404169,-0.07423876924901673,-5.705358985252929e-07,0.15776679807986613
30.633333333334015,-0.13894239444477607,-0.5148139876472955,0.1925505466825841,0.010968360721980382,-0.002991974691874388,-0.0075986558721641145,-0.006110573592315682,0.00033444322978394255,0.005993830985248028,0.0,0.0,0.0,-0.13814834831733616,-0.5123184450386359,0.19181445755289125,0.012957834975016746,-0.008059115277287775,-0.005737774034162455,-0.02730262090494584,0.009664785994438319,0.002562264708761308,0.0,0.0,0.0,-0.2707697725941722,0.5311375900133412,0.3152582130167,-0.27222229811831244,0.5290795970820709,0.259653343672884,-0.014535008296929554,-0.010832035877069254,-0.05178035830855849,1.3940002596218894,2.659124612298331,1.3189619621019533,0.13656986752327152,-2.441037785512388,0.6408184886525314,0.008457667045234906,0.016287351919060812,0.0008016087772781559,0.21343002986218462,-0.12874939502527527,0.2023907906421005,0.004357838640503934,0.01564452568950658,-0.02058141461331343,-0.057013815045418005,0.1372931794813288,-0.02901101789369668,1.575065838549261,2.392126637804941,1.5180860496706106,-1.1614162295949166,-0.9236391599815941,1.0392371573601007,0.0,0.0,0.0,0.0,0.0,0.0,0.0,0.0,0.0,0.0,0.0,0.0,9.0,9.0,9.0,9.0,9.0,9.0,6.0,6.0,6.0,6.0,6.0,6.0,0.01468427731334554,47.12944867583795,8.587088171936873,-1.1202742194929916,-0.07483882276200671,-5.614041391766023e-07,0.10278952388016116
30.66666666666735,-0.1385919254820887,-0.5149129304284553,0.1923064893863521,0.010634209277547189,-0.0030330647219401403,-0.007366615138334785,-0.009624334736986075,0.0011390685313167237,0.006509139789947977,0.0,0.0,0.0,-0.1377402279408777,-0.5125791307881044,0.19162605343278036,0.012242237375165037,-0.007961748480535066,-0.0056333412159167906,-0.028233106722755252,0.010912042836476843,0.0031908714270394434,0.0,0.0,0.0,-0.27181155444737615,0.5317424578322205,0.3091672729573156,-0.273050931995091,0.5293398093014519,0.2560172434439805,-0.013710534203240868,-0.010762758078700993,-0.04947735091829986,1.3942809616078526,2.6596882823838004,1.3189539861679003,0.14353580764157692,-2.4450675390744823,0.6474697403657768,0.008433262067674037,0.016702519015741494,0.00010768424469917003,0.21046214565350266,-0.12351153625030982,0.20048863114560803,-0.000732149326826098,0.012455012900420458,-0.020817735977369575,-0.08903652626045934,0.15713576324896356,-0.057064784894774165,1.575065838549261,2.392126637804941,1.5180860496706106,-1.1614162295949166,-0.9236391599815941,1.0392371573601007,0.0,0.0,0.0,0.0,0.0,0.0,0.0,0.0,0.0,0.0,0.0,0.0,9.0,9.0,9.0,9.0,9.0,9.0,6.0,6.0,6.0,6.0,6.0,6.0,0.0021074287997491226,47.122442597258114,8.574252848410698,-1.1255894211079167,-0.07544362036632135,-1.8047768923779017e-07,0.059027497970426876
30.700000000000685,-0.1382572489334905,-0.5150105908888302,0.1920702732482225,0.010209198017069149,-0.0030194959635185337,-0.007135806312538866,-0.012351024014917047,0.0026192036133344046,0.006503450102572819,0.0,0.0,0.0,-0.13735650423811888,-0.512835076323826,0.1914413022356566,0.0115088446986666,-0.00782132237274699,-0.005524434582048557,-0.02886225194727743,0.01270408045395044,0.0034018748028485923,0.0,0.0,0.0,-0.2727881943239454,0.5323558539622798,0.3032881498494651,-0.27384368212693616,0.5296090091002184,0.25267154259321734,-0.012893171408608444,-0.010684754687123342,-0.04709303751822488,1.3945533650189526,2.660256054501107,1.3189296875523318,0.15035085349523922,-2.4489002448608597,0.6540138301193045,0.008259155577887518,0.016922948684710604,-0.00045007756313945315,0.20645496562441373,-0.11782462781098313,0.1977113387857571,-0.005223194693595565,0.006612890069073334,-0.016732854235158696,-0.12021540087266785,0.17060725317980077,-0.08331877079552745,1.575065838549261,2.392126637804941,1.5180860496706106,-1.1614162295949166,-0.9236391599815941,1.0392371573601007,0.0,0.0,0.0,0.0,0.0,0.0,0.0,0.0,0.0,0.0,0.0,0.0,9.0,9.0,9.0,9.0,9.0,9.0,6.0,6.0,6.0,6.0,6.0,6.0,-0.009713176464901885,47.1121015553188,8.562269272037673,-1.1305976001069524,-0.07603643409123872,1.866766949909504e-07,0.03604299808885507
30.73333333333402,-0.13793990872875025,-0.5151049433994793,0.19184295408662386,0.009723063590897621,-0.0029467797452732377,-0.006884421152668946,-0.014197223060973567,0.004222991759608774,0.007158078579112013,0.0,0.0,0.0,-0.136997389751878,-0.5130847434186362,0.19126082319261065,0.010767442505562738,-0.007634899594388219,-0.0053988603983986,-0.029022689779430788,0.014619800163192309,0.004190640885882502,0.0,0.0,0.0,-0.2736966766229349,0.5329738530229157,0.297633204292186,-0.27459602570745373,0.5298889190107532,0.24959677819575118,-0.012090025761544302,-0.010596948702978063,-0.044658494050583725,1.3948141681133102,2.6608226127585772,1.3188958926252763,0.1569839091090618,-2.4525309061194998,0.6604234672833599,0.007969113746448434,0.016972148044303834,-0.0008259243954864731,0.20147943415125616,-0.11188810110978833,0.19409652287636034,-0.008701254943172497,0.001475980787796897,-0.011275404970410598,-0.14926594419472689,0.17809580103584405,-0.10844447728190351,1.575065838549261,2.392126637804941,1.5180860496706106,-1.1614162295949166,-0.9236391599815941,1.0392371573601007,0.0,0.0,0.0,0.0,0.0,0.0,0.0,0.0,0.0,0.0,0.0,0.0,9.0,9.0,9.0,9.0,9.0,9.0,6.0,6.0,6.0,6.0,6.0,6.0,-0.01911477521545102,47.10479907525806,8.55167753111761,-1.1354469682064634,-0.07662700159390878,2.3838044072022058e-07,0.02304487575081806
30.766666666667355,-0.13763968091807677,-0.5151975180120191,0.19162199672172278,0.009220952984083087,-0.002884983528451487,-0.006676767569599714,-0.01468856397131969,0.00372711354396097,0.005884472307315338,0.0,0.0,0.0,-0.13666236258844525,-0.5133280698932884,0.191083825484236,0.010038465811201686,-0.007440206628124444,-0.005291260425301671,-0.028213304014453655,0.014723091453284098,0.0033217121054183174,0.0,0.0,0.0,-0.27453398269833446,0.5336021781147977,0.2921985103638363,-0.27530384108621503,0.530184631991748,0.24676928148690486,-0.01130484941815451,-0.010502583059322071,-0.042192562731047906,1.3950638939831936,2.661386490091043,1.3188476800120768,0.1634424388219917,-2.4559609429924443,0.666702544722779,0.0076508886464892265,0.016934929330752684,-0.00123956039582132,0.19633040564235038,-0.10589677116214818,0.1902803897471691,-0.009546752998776224,-0.0011165614065345656,-0.012409080010045407,-0.15447085526717358,0.17973989842920468,-0.11448399387573757,1.575065838549261,2.392126637804941,1.5180860496706106,-1.1614162295949166,-0.9236391599815941,1.0392371573601007,0.0,0.0,0.0,0.0,0.0,0.0,0.0,0.0,0.0,0.0,0.0,0.0,9.0,9.0,9.0,9.0,9.0,9.0,6.0,6.0,6.0,6.0,6.0,6.0,-0.02135613060547037,47.099173353903,8.539473270762647,-1.1398897634122265,-0.07720847711930556,6.301459669622034e-07,0.017215468075443358
30.80000000000069,-0.1373550696301694,-0.5152881341311772,0.1914063426695526,0.0087433497848557,-0.0028230382767585258,-0.006504733179180514,-0.013966586054156757,0.003576349696735109,0.004851965108988551,0.0,0.0,0.0,-0.13635021461495503,-0.5135646568597027,0.19090979304667985,0.00934267837413239,-0.007234138791651391,-0.0051996699542519766,-0.026429925074489713,0.01497877131760994,0.0025568756546374694,0.0,0.0,0.0,-0.2753010017778982,0.5342364934403584,0.2869887554427481,-0.2759646651849491,0.530497351493742,0.2441700583186167,-0.010541013825294814,-0.010399395276359987,-0.03971910582792738,1.395304622669003,2.6619419386628445,1.3187890111956289,0.16971325229248987,-2.459194340653691,0.6728362466508877,0.007364869931681146,0.01675394787961203,-0.0015865631275635084,0.19085973795741373,-0.09996687694564747,0.18610083514456263,-0.008580561444242431,-0.005429443534219584,-0.010410081952265653,-0.16412003054809968,0.17789682649502128,-0.12538663807819383,1.575065838549261,2.392126637804941,1.5180860496706106,-1.1614162295949166,-0.9236391599815941,1.0392371573601007,0.0,0.0,0.0,0.0,0.0,0.0,0.0,0.0,0.0,0.0,0.0,0.0,9.0,9.0,9.0,9.0,9.0,9.0,6.0,6.0,6.0,6.0,6.0,6.0,-0.019638342419635357,47.091939931351774,8.527986341271188,-1.1441521925059974,-0.07777769044275917,5.604686923454949e-07,0.016519099905925434
30.833333333334025,-0.13708430785159662,-0.5153774565776875,0.19119544130307228,0.008309136700603407,-0.0027742556101214766,-0.006355383142896512,-0.012677268914777487,0.003039607991142501,0.004204185062935798,0.0,0.0,0.0,-0.1360594288420452,-0.5137944823439627,0.1907383995392029,0.00869113175453392,-0.007025976001234024,-0.005118888109472852,-0.024145993153778633,0.014795620088454697,0.0020486708871385595,0.0,0.0,0.0,-0.27600113250862834,0.5348747104583963,0.2820025112151473,-0.27657760191613917,0.5308281306696111,0.241780219098006,-0.009799146748572437,-0.010286481057539088,-0.03725609334823911,1.3955389411497863,2.6624871141433677,1.3187199942810965,0.17579380783238016,-2.46223808892738,0.6788179290426358,0.007141326259563659,0.01648815890367063,-0.0019091926665019184,0.18523102345027734,-0.09419725778898475,0.18166725954981783,-0.00670631016352462,-0.007973669278242015,-0.009678886168152302,-0.16886143521409214,0.17308857469988193,-0.1330072678423445,1.575065838549261,2.392126637804941,1.5180860496706106,-1.1614162295949166,-0.9236391599815941,1.0392371573601007,0.0,0.0,0.0,0.0,0.0,0.0,0.0,0.0,0.0,0.0,0.0,0.0,9.0,9.0,9.0,9.0,9.0,9.0,6.0,6.0,6.0,6.0,6.0,6.0,-0.015414400047508714,47.08839224604718,8.517263989985175,-1.148257380381846,-0.07833568455351303,3.042548586407179e-07,0.019116680953805087
30.86666666666736,-0.13682728196113622,-0.5154641023396971,0.19099059986877395,0.007891576972667163,-0.002701849388706733,-0.006187311508814532,-0.012194667450012275,0.003614764822245148,0.004795606413058548,0.0,0.0,0.0,-0.13578906928065532,-0.5140167857338447,0.19057013932106662,0.008070431524902612,-0.00679799926419178,-0.005026925975187472,-0.022530192563547935,0.01546352551327601,0.0025927122485365217,0.0,0.0,0.0,-0.2766398064478416,0.5355058688729223,0.2772465127996116,-0.2771431404033602,0.531173674219932,0.23958612075597668,-0.009080519611044108,-0.010159000523943303,-0.03482494645244015,1.3957657839624802,2.6630168563469963,1.3186474719075998,0.18165743484935176,-2.4650985481659475,0.6846178511885582,0.006917298340401214,0.016090897040461613,-0.002086845025435331,0.17901621482285818,-0.0886082707010139,0.17655419610171902,-0.006720837574873356,-0.011917855896270486,-0.005329570768002378,-0.18644425882257512,0.16766961263912525,-0.15339190344296388,1.575065838549261,2.392126637804941,1.5180860496706106,-1.1614162295949166,-0.9236391599815941,1.0392371573601007,0.0,0.0,0.0,0.0,0.0,0.0,0.0,0.0,0.0,0.0,0.0,0.0,9.0,9.0,9.0,9.0,9.0,9.0,6.0,6.0,6.0,6.0,6.0,6.0,-0.016195295388556907,47.084203901475405,8.508042286610046,-1.1523164141205973,-0.07886952818533555,-4.2140755196484747e-07,0.022282015360639458
30.900000000000695,-0.136580132419213,-0.51555108306537,0.19078870532611011,0.00755562950263579,-0.002683199647465873,-0.006073359781782092,-0.00976552236966041,0.001906102109248557,0.0031974784973066517,0.0,0.0,0.0,-0.13553669949770775,-0.5142325248625997,0.19040380260356313,0.007517359646115035,-0.0065919974148915626,-0.004964571361354937,-0.01918634370873562,0.014140565855049303,0.0011891786644340208,0.0,0.0,0.0,-0.2772691161109046,0.536103275350125,0.2725379279151008,-0.27768229526899424,0.5315222908134462,0.2374952041307888,-0.00833593573899478,-0.00998529735575772,-0.03235064367269927,1.3959791660760172,2.6635451109418993,1.3185706641857975,0.18747270497859225,-2.467919957565961,0.6903709470422809,0.006573408384206784,0.015928724244882345,-0.0022317694445216298,0.17597747419242923,-0.08596427823394531,0.17391331577502755,-0.010316698685832902,-0.004865183867378084,-0.004347732572588964,-0.09116221891286863,0.07931977401205759,-0.07922640980074422,1.575065838549261,2.392126637804941,1.5180860496706106,-1.1614162295949166,-0.9236391599815941,1.0392371573601007,0.0,0.0,0.0,0.0,0.0,0.0,0.0,0.0,0.0,0.0,0.0,0.0,9.0,9.0,9.0,9.0,9.0,9.0,6.0,6.0,6.0,6.0,6.0,6.0,-0.02460818799890241,47.09949951714375,8.505208613020889,-1.1547840619435732,-0.07956180608887609,-8.169285630188483e-07,0.058786786877335045
30.93333333333403,-0.1363395734092388,-0.5156409342590796,0.19058715195978443,0.007312958415733147,-0.0027339073674439726,-0.006030317188750843,-0.006963197470685065,-0.00025317807459400974,0.0010745922186178485,0.0,0.0,0.0,-0.13529975753406642,-0.5144429241759232,0.19023802123362535,0.007040597468238314,-0.006421053937109102,-0.004941963875420125,-0.015471685205596497,0.012216377120727984,-0.0006802707661708318,0.0,0.0,0.0,-0.2779349512489052,0.5367325895583789,0.2680044454626633,-0.27822055483307284,0.5318982885748115,0.23552799746002478,-0.007566623480156734,-0.009821344095000538,-0.029934528379423102,1.396197297277156,2.6640802969425876,1.3184700341031286,0.19321650113124353,-2.470584627554742,0.6959889354576191,0.006553760150842915,0.016013294762059187,-0.0027565248015526344,0.17353508111716862,-0.08194815918693438,0.17033087356510648,-0.0005894470009160627,0.0025371155153052784,-0.015742660710930136,-0.07327179225781826,0.12048357141032816,-0.10747326629763199,1.575065838549261,2.392126637804941,1.5180860496706106,-1.1614162295949166,-0.9236391599815941,1.0392371573601007,0.0,0.0,0.0,0.0,0.0,0.0,0.0,0.0,0.0,0.0,0.0,0.0,9.0,9.0,9.0,9.0,9.0,9.0,6.0,6.0,6.0,6.0,6.0,6.0,0.0007093879563218053,47.113031469550855,8.49459795205429,-1.1586347115835802,-0.07996569821815491,-6.57535060488712e-06,0.038832543124029326
30.966666666667365,-0.1361063103981074,-0.515731153663197,0.19038771996025317,0.007087365770589119,-0.0027567440081240928,-0.005975387598252488,-0.0064540076123097805,0.0005174927242341965,0.0014405235433228134,0.0,0.0,0.0,-0.13507721146595897,-0.5146473067175118,0.1900731103353179,0.006601859482373585,-0.006237948030960424,-0.004917087306399984,-0.01362465920084377,0.012567218311643202,-0.0005286287346448759,0.0,0.0,0.0,-0.27859334228277655,0.537357771709394,0.26365408967134,-0.2787471910381067,0.5322926372410413,0.233679412970306,-0.0068107886740326464,-0.009645578707626733,-0.027583324389282276,1.3964162210836881,2.6646045544071084,1.3183618172475395,0.19881485585632616,-2.4731100295192365,0.7014449268535821,0.006563062847593192,0.01582291421109781,-0.003083178712300052,0.1698121215407086,-0.07782409235220078,0.1658967857742952,0.00027908090250830953,-0.005711416528841364,-0.009799617322422528,-0.11168878729380025,0.12372200504200812,-0.1330226337243383,1.575065838549261,2.392126637804941,1.5180860496706106,-1.1614162295949166,-0.9236391599815941,1.0392371573601007,0.0,0.0,0.0,0.0,0.0,0.0,0.0,0.0,0.0,0.0,0.0,0.0,9.0,9.0,9.0,9.0,9.0,9.0,6.0,6.0,6.0,6.0,6.0,6.0,0.0015558162561744027,47.10073728931596,8.484074949642048,-1.1624948462970721,-0.08042824063627974,-5.693560492403549e-06,0.037168944219045985
31.0000000000007,-0.13587712256022538,-0.5158238980669466,0.190187143895363,0.006931050242328966,-0.002815510047697004,-0.005980575677598851,-0.004380996902493,-0.0006111965568896529,-0.0003538107707016492,0.0,0.0,0.0,-0.13486669277753385,-0.5148465172368561,0.1899075978528624,0.006229996587755259,-0.0060750015252095035,-0.0049298999393019485,-0.010427492403644933,0.0113804917278717,-0.0022810669138864093,0.0,0.0,0.0,-0.2793508063129752,0.5379962889812875,0.2593461688794751,-0.2793079353725273,0.5327114419009603,0.23188015500570905,-0.005992214326967674,-0.009452933792605988,-0.02524452095129786,1.3966340499999743,2.6651448640674236,1.3182381612691765,0.20446508462699697,-2.4755842762155478,0.7068466736784037,0.006544265941584998,0.016080497943329605,-0.003500845804696843,0.1696086159269856,-0.07542629804361976,0.16333386508786554,-0.0005639071802458363,0.007727511966953827,-0.012530012771903723,-0.006105168411690033,0.07193382925743058,-0.0768876205928895,1.575065838549261,2.392126637804941,1.5180860496706106,-1.1614162295949166,-0.9236391599815941,1.0392371573601007,0.0,0.0,0.0,0.0,0.0,0.0,0.0,0.0,0.0,0.0,0.0,0.0,9.0,9.0,9.0,9.0,9.0,9.0,6.0,6.0,6.0,6.0,6.0,6.0,0.0007643312067466823,47.12969360336878,8.483636202654809,-1.1648205168989143,-0.08099040912504174,-1.015475239229957e-05,0.08695151760189448
31.033333333334035,-0.1356500857280472,-0.5159192352261136,0.18998534193794156,0.006836676864694,-0.0028863568921360582,-0.00600790856511837,-0.00251919698298659,-0.0009972826460366026,-0.0010215991515733502,0.0,0.0,0.0,-0.13466611511472448,-0.5150409064436784,0.18974099785848642,0.0059219770329937225,-0.005924232599806335,-0.004960833549418815,-0.007412888261500328,0.01059228799137557,-0.0030823661313830186,0.0,0.0,0.0,-0.2801305319202938,0.538629921538295,0.25517556019263515,-0.27988355965532846,0.5331487290137132,0.23014540569877628,-0.005186301939478058,-0.009248767648312747,-0.022979344029732725,1.3968590340400409,2.665677101458707,1.3181057259736886,0.21003187814532137,-2.477957959506311,0.7121229328565507,0.006681102781861412,0.016004913806774147,-0.0038156545113240546,0.16787207567548304,-0.07261576516313731,0.15996980525889554,0.004105105208292427,-0.0022675240966637767,-0.009444261198816356,-0.05209620754507644,0.08431598641447373,-0.10092179486910047,1.575065838549261,2.392126637804941,1.5180860496706106,-1.1614162295949166,-0.9236391599815941,1.0392371573601007,0.0,0.0,0.0,0.0,0.0,0.0,0.0,0.0,0.0,0.0,0.0,0.0,9.0,9.0,9.0,9.0,9.0,9.0,6.0,6.0,6.0,6.0,6.0,6.0,0.010948648812091122,47.11246473681353,8.470474242181337,-1.1686183535429637,-0.08141552974462885,-8.121068276079058e-06,0.04638088408769145
31.06666666666737,-0.135425351971011,-0.5160166322817362,0.1897831991584513,0.006760059402112028,-0.002949927398815224,-0.006025115349357002,-0.001986643622535626,-0.0008119043173101747,-0.0007175310884579703,0.0,0.0,0.0,-0.1344742685407771,-0.5152305015223703,0.18957338347601338,0.005654676930449658,-0.005776085978234621,-0.004992527825031437,-0.005533974428358235,0.01027236389730568,-0.0030492973404321333,0.0,0.0,0.0,-0.2809122902202752,0.5392540515013556,0.25115990534292326,-0.280464796765861,0.5336014703739461,0.22847656283844126,-0.004407578801941849,-0.009034811686011626,-0.02080041206371281,1.3970913795060496,2.666196150099417,1.3179671540815538,0.21548037001535453,-2.480223161713404,0.7172575126730746,0.0068739435807950505,0.01571594408313306,-0.004043322679804556,0.16492719595915786,-0.06950929919624113,0.1560148647501097,0.005785223968009162,-0.008669091709232631,-0.006830045054415029,-0.08834639148975515,0.09319397900688546,-0.11864821526357508,1.575065838549261,2.392126637804941,1.5180860496706106,-1.1614162295949166,-0.9236391599815941,1.0392371573601007,0.0,0.0,0.0,0.0,0.0,0.0,0.0,0.0,0.0,0.0,0.0,0.0,9.0,9.0,9.0,9.0,9.0,9.0,6.0,6.0,6.0,6.0,6.0,6.0,0.01425931596730301,47.103189463918646,8.459925013163113,-1.1723153410188671,-0.08183323022643707,-6.3452748961800864e-06,0.056614114724381916
31.100000000000705,-0.13520561090833677,-0.5161132242494979,0.18958433801090252,0.0066356772996121,-0.002953106730889946,-0.005966676494338734,-0.0034286381162541638,0.0009512146996247447,0.0015573152614587395,0.0,0.0,0.0,-0.13429127078842779,-0.5154142525482365,0.18940619170859466,0.005390333558296909,-0.005601297565795121,-0.004987152929527708,-0.005473118791163412,0.011352712183800406,-0.001217913015962413,0.0,0.0,0.0,-0.2816813225079175,0.5398603387448921,0.2473160277978569,-0.281043918582445,0.5340649382592506,0.22687612928454717,-0.0036666732271378533,-0.00881020165973947,-0.018719791813785087,1.3973256912739476,2.6666977103707983,1.3178303293123268,0.22076236057634316,-2.482373432813962,0.722220061285699,0.006977549884891253,0.015269853455334239,-0.004084269611140208,0.16061554320615845,-0.0661751884099115,0.15125592716919264,0.0031081891228860585,-0.013382718833964576,-0.0012284079400695636,-0.1293495825899824,0.10002332358988886,-0.14276812742751152,1.575065838549261,2.392126637804941,1.5180860496706106,-1.1614162295949166,-0.9236391599815941,1.0392371573601007,0.0,0.0,0.0,0.0,0.0,0.0,0.0,0.0,0.0,0.0,0.0,0.0,9.0,9.0,9.0,9.0,9.0,9.0,6.0,6.0,6.0,6.0,6.0,6.0,0.006916375676983222,47.09978375235812,8.452689249992057,-1.1760327142426619,-0.08223809144890559,-5.073497776564295e-06,0.06329532558729753
31.13333333333404,-0.13499086859334522,-0.5162093893718025,0.18938975534973138,0.006495302193989888,-0.0029444636635843485,-0.005863370551938772,-0.0039169199530141715,0.0012402064140282516,0.0029119350549233177,0.0,0.0,0.0,-0.1341165372947164,-0.5155921698736096,0.18924018082567998,0.0051414937171051795,-0.005422933665765241,-0.004956649394717525,-0.004814335851530682,0.01132642129814343,2.2156098707259986e-05,0.0,0.0,0.0,-0.2824973809933845,0.5404972157211629,0.24367639369156174,-0.2816451071531065,0.5345577824649403,0.2253553392854658,-0.0029313650229174405,-0.008604529807190559,-0.01676334321364889,1.3975665047317567,2.6671994444473155,1.3176828402754461,0.22591185018904442,-2.484361027903518,0.7269825850505782,0.0071421191178136145,0.015124632682121103,-0.004311203941326868,0.15652830665607795,-0.061810297927755456,0.14566911768731347,0.004937076987670865,-0.004356623196394057,-0.006808029905599794,-0.12261709650241524,0.1309467144646814,-0.1676042844563756,1.575065838549261,2.392126637804941,1.5180860496706106,-1.1614162295949166,-0.9236391599815941,1.0392371573601007,0.0,0.0,0.0,0.0,0.0,0.0,0.0,0.0,0.0,0.0,0.0,0.0,9.0,9.0,9.0,9.0,9.0,9.0,6.0,6.0,6.0,6.0,6.0,6.0,0.012759989882217049,47.12152327042546,8.448251192145024,-1.1795232686769566,-0.08257759126237474,-9.446135242452414e-06,0.07332219541609575
31.166666666667375,-0.13478249731725506,-0.5163046407359883,0.18920037951693686,0.006322016166289423,-0.0029231535413205894,-0.005726545914370692,-0.004904811658265922,0.0015482115052438124,0.003940572806779952,0.0,0.0,0.0,-0.13395002501260558,-0.5157641040032657,0.18907603795229366,0.004896019602210702,-0.005240284718811463,-0.004904637893181635,-0.004739353021379067,0.011338187303874037,0.0010743019468604231,0.0,0.0,0.0,-0.28326173077477507,0.5412145904662713,0.24019249490443303,-0.28223294996888676,0.5351065727112614,0.22389434073323464,-0.002251687382934367,-0.008441093086089008,-0.014884512399394442,1.3978125164178006,2.667716748740876,1.317517957438273,0.23097705658476075,-2.4861698694433554,0.7316993613704208,0.007300940093483985,0.015387630098578017,-0.004734724723907232,0.15348023013301954,-0.05678026343932667,0.14289189895928944,0.004764629270111108,0.007889922493707392,-0.012705623477410923,-0.09144229569175248,0.1509010346528637,-0.08331656184072121,1.575065838549261,2.392126637804941,1.5180860496706106,-1.1614162295949166,-0.9236391599815941,1.0392371573601007,0.0,0.0,0.0,0.0,0.0,0.0,0.0,0.0,0.0,0.0,0.0,0.0,9.0,9.0,9.0,9.0,9.0,9.0,6.0,6.0,6.0,6.0,6.0,6.0,0.014006845378919053,47.149771724397176,8.446094047787955,-1.182643980983696,-0.08291626918723649,-2.1173641417959743e-06,0.10097283971771796
31.20000000000071,-0.1345822149394843,-0.5163973901959963,0.18901807637467596,0.006103405902433842,-0.0028648111202782796,-0.005541098866991353,-0.006271604029270419,0.0025990415194125562,0.005421625286498417,0.0,0.0,0.0,-0.13379203114489932,-0.5159294589878313,0.18891487711354155,0.004643314868652591,-0.005041703331430482,-0.004820629000873138,-0.005167756615996222,0.011907941802743238,0.002612495908754564,0.0,0.0,0.0,-0.2839883471894307,0.5419558830865928,0.2368819093270782,-0.2828052779479139,0.5356953383507665,0.2224948045575083,-0.0016216211122791454,-0.00828120240351414,-0.013107360639667845,1.3980569152964477,2.6682302737487045,1.3173490587058216,0.23587952026750658,-2.4878317889962553,0.73627580969068,0.007321624270770589,0.015399710189431197,-0.0049562162236608705,0.14920935036592287,-0.052165145537775404,0.13915959939161232,0.0006205253185981177,0.00036240272559538635,-0.0066447449926091496,-0.1281263930129004,0.1384535370465381,-0.11196898703031395,1.575065838549261,2.392126637804941,1.5180860496706106,-1.1614162295949166,-0.9236391599815941,1.0392371573601007,0.0,0.0,0.0,0.0,0.0,0.0,0.0,0.0,0.0,0.0,0.0,0.0,9.0,9.0,9.0,9.0,9.0,9.0,6.0,6.0,6.0,6.0,6.0,6.0,0.0027564679670373238,47.13991161388146,8.438161581996573,-1.1858236210927917,-0.08330616679448122,-1.5170392968499868e-06,0.07304193001268691
31.233333333334045,-0.1343917225664329,-0.5164882771788551,0.1888418347002277,0.005835560495755302,-0.002807761732873103,-0.005359701474760661,-0.007754911114093627,0.002485845316887533,0.005320648039437742,0.0,0.0,0.0,-0.13364304313249661,-0.5160884128705162,0.18875672717984823,0.004376892930332671,-0.004845467999166408,-0.0047311249701159665,-0.0058980206308318905,0.011604970456744468,0.0028709981903203285,0.0,0.0,0.0,-0.2847368805769786,0.5427691237001417,0.233754820861602,-0.2833853672473869,0.5363427601096286,0.22116012041027053,-0.0010047043160316361,-0.008151743502407037,-0.011444465556875534,1.3983000709944793,2.66875717135712,1.317163044872656,0.24067445886005215,-2.489310567576125,0.7407035635301374,0.00730365538422076,0.015671188898114027,-0.005372348737869751,0.14563522197288536,-0.04696395344331806,0.13494160991968707,-0.0005390665964948606,0.00814436126048489,-0.012483975426266428,-0.10722385179112519,0.1560357628337203,-0.12653968415775735,1.575065838549261,2.392126637804941,1.5180860496706106,-1.1614162295949166,-0.9236391599815941,1.0392371573601007,0.0,0.0,0.0,0.0,0.0,0.0,0.0,0.0,0.0,0.0,0.0,0.0,9.0,9.0,9.0,9.0,9.0,9.0,6.0,6.0,6.0,6.0,6.0,6.0,0.0011608743099227326,47.15805902186223,8.433646865473033,-1.188687043569196,-0.08360396110646917,-5.657799894365212e-06,0.08321914644708298
31.26666666666738,-0.1342115485727356,-0.5165763398383483,0.1886726473775026,0.005540698139953315,-0.0027310410248255357,-0.005159575366767021,-0.008575620892531433,0.0030146178788114674,0.0059019133986240755,0.0,0.0,0.0,-0.1335031962669318,-0.5162406706675782,0.1886022302060657,0.0041048989169814665,-0.0046420614746155945,-0.004624212748938037,-0.006230453322715324,0.011762349921589532,0.0036933648833556987,0.0,0.0,0.0,-0.2854635488752532,0.5436075510823621,0.2307972056875473,-0.28395975621456904,0.5370343810804264,0.21988495047661857,-0.0004316707733167391,-0.008022111571530243,-0.00988339369259109,1.398536851096719,2.669280511104518,1.3169718212758128,0.2453060059690352,-2.4906461491043705,0.744971635338339,0.0071701538395362585,0.015690524580663376,-0.0056152548494867414,0.141176016170623,-0.04236628171268546,0.13034197280392568,-0.004005046340535058,0.0005800704764804533,-0.007287183348509699,-0.13377617406787115,0.13793015191897792,-0.13798911347284154,1.575065838549261,2.392126637804941,1.5180860496706106,-1.1614162295949166,-0.9236391599815941,1.0392371573601007,0.0,0.0,0.0,0.0,0.0,0.0,0.0,0.0,0.0,0.0,0.0,0.0,9.0,9.0,9.0,9.0,9.0,9.0,6.0,6.0,6.0,6.0,6.0,6.0,-0.008414139064756299,47.14765504164069,8.425565398388612,-1.1914905696706803,-0.0839659702375064,-3.794949924973423e-06,0.07911319990978288
31.300000000000715,-0.13404214434819126,-0.5166602402310284,0.18851254927678837,0.005227793027317927,-0.0026202742837914917,-0.0049123676548520345,-0.009133397739643832,0.0039726485827624135,0.0073305988243386085,0.0,0.0,0.0,-0.13337258695027143,-0.5163856590525646,0.1884526006555533,0.0038295503752018996,-0.004422875112501428,-0.004483333593814001,-0.006452051064942843,0.012331222478175974,0.005294018694453229,0.0,0.0,0.0,-0.28616157456891206,0.5444463066184573,0.22801137436474012,-0.2845229341234489,0.5377573376779647,0.21866953337768283,9.422731736059061e-05,-0.00788091699663367,-0.008427187606132877,1.3987642682810864,2.6697924547128475,1.3167831523274716,0.24973594447073436,-2.491856199251585,0.7490508335588449,0.006938394967187914,0.015469047026812944,-0.0056451305833189695,0.13565744209085748,-0.038323096848515835,0.1250312886780961,-0.00695276617045034,-0.00664432661551298,-0.0008962720149668284,-0.16555722239296577,0.1212955459250887,-0.15932052377488734,1.575065838549261,2.392126637804941,1.5180860496706106,-1.1614162295949166,-0.9236391599815941,1.0392371573601007,0.0,0.0,0.0,0.0,0.0,0.0,0.0,0.0,0.0,0.0,0.0,0.0,9.0,9.0,9.0,9.0,9.0,9.0,6.0,6.0,6.0,6.0,6.0,6.0,-0.01677754971282397,47.13931072137273,8.418469845225914,-1.194287824647817,-0.08431236177076284,-2.8876365223418077e-06,0.0753642760375609
31.33333333333405,-0.13388435937353893,-0.5167389622740867,0.18836251468059698,0.004891832459766926,-0.0024775305526558104,-0.004629837496922028,-0.009845849335112213,0.004865032043639112,0.0084047638962477,0.0,0.0,0.0,-0.13325151079851752,-0.5165228276360035,0.18830879332119194,0.003546029505975826,-0.004187225430794375,-0.004312751690287795,-0.006899011797272259,0.01292954574104499,0.00667305826165876,0.0,0.0,0.0,-0.28682272444462004,0.5452751577748698,0.22538698761758405,-0.28506913212723245,0.5385033913253848,0.21751012149389035,0.0005720148834040218,-0.007725314770280859,-0.007069227304435908,1.3989790764511099,2.6702902105444153,1.3166012235061937,0.25395397969366656,-2.49295458189728,0.7529413771331723,0.006608961722865866,0.015111465640293883,-0.00552028661999791,0.12957985182226342,-0.03474201853006906,0.1194879677125801,-0.009882997329661438,-0.010727441595571797,0.0037453188996317823,-0.1823277080578214,0.10743234955340342,-0.1662996289654799,1.575065838549261,2.392126637804941,1.5180860496706106,-1.1614162295949166,-0.9236391599815941,1.0392371573601007,0.0,0.0,0.0,0.0,0.0,0.0,0.0,0.0,0.0,0.0,0.0,0.0,9.0,9.0,9.0,9.0,9.0,9.0,6.0,6.0,6.0,6.0,6.0,6.0,-0.02468398713142861,47.136884172180096,8.412683920447005,-1.1968516274159795,-0.08463020044135261,-1.8117821221075303e-06,0.07797638268538556
31.366666666667385,-0.13373969753018958,-0.5168122413083502,0.18822302028266058,0.004518042407288111,-0.002318775004035891,-0.004325859209141905,-0.011002687200179568,0.005277397082532051,0.009060806755482853,0.0,0.0,0.0,-0.13314063638308848,-0.5166519140061093,0.18817154466965352,0.0032439846194626826,-0.003942456492633807,-0.004118752386809506,-0.007832063271526302,0.013175045622412895,0.007737320383231161,0.0,0.0,0.0,-0.28744083733106424,0.5460894196608307,0.22291037376396758,-0.285593218881904,0.5392669817518817,0.21640092770509348,0.0010027409846163895,-0.007554972100012228,-0.005801708237161078,1.3991773114467159,2.6707738586836327,1.3164259678248065,0.25796138611965935,-2.4939526091647046,0.7566507273608516,0.006167687153075271,0.01471011799777846,-0.005345209167746547,0.12334141246061059,-0.031541218191846604,0.11401632712444497,-0.013238237093717862,-0.012040429275462693,0.0052523235675408925,-0.18715318084958504,0.09602401014667364,-0.1641492176440541,1.575065838549261,2.392126637804941,1.5180860496706106,-1.1614162295949166,-0.9236391599815941,1.0392371573601007,0.0,0.0,0.0,0.0,0.0,0.0,0.0,0.0,0.0,0.0,0.0,0.0,9.0,9.0,9.0,9.0,9.0,9.0,6.0,6.0,6.0,6.0,6.0,6.0,-0.03310274041050665,47.138642569596556,8.4072794237912,-1.199216356545313,-0.08492113488589847,-7.242380939409543e-07,0.07833071855495308
31.40000000000072,-0.1336092967725614,-0.5168802343164662,0.18809398709146782,0.004108820028999295,-0.0021578583063444467,-0.0040161841269708825,-0.01208692965517092,0.0052761498008485576,0.009242071297090303,0.0,0.0,0.0,-0.13304062895166255,-0.5167728958492854,0.18804130829371188,0.0029219716704092604,-0.0036958641765155566,-0.003909587210122211,-0.008821694826285587,0.013074276038819832,0.0083973043800194,0.0,0.0,0.0,-0.2880120969211234,0.5468855581642952,0.22056944777617105,-0.28609100066468024,0.5400434535255855,0.2153362148532689,0.0013884251495096954,-0.007369946489969231,-0.004618607858558886,1.399355958616372,2.6712435134816994,1.3162561280362333,0.2617624718738281,-2.4948602362015215,0.7601858848291513,0.005628839110814907,0.014296468627258333,-0.005178532160715525,0.11713551923691229,-0.028666280133624124,0.10870859174080748,-0.01616544126781092,-0.012409481115603789,0.005000310210930664,-0.186176796710949,0.08624814174667438,-0.1592320615091247,1.575065838549261,2.392126637804941,1.5180860496706106,-1.1614162295949166,-0.9236391599815941,1.0392371573601007,0.0,0.0,0.0,0.0,0.0,0.0,0.0,0.0,0.0,0.0,0.0,0.0,9.0,9.0,9.0,9.0,9.0,9.0,6.0,6.0,6.0,6.0,6.0,6.0,-0.04025063685769581,47.141318412570115,8.401737611741334,-1.2013991948862077,-0.08518951677106834,1.6552861303864574e-07,0.07575556517515168
31.433333333334055,-0.13349215197464853,-0.5169428015497969,0.18797481878471897,0.0037078562104412797,-0.0019933456869177476,-0.0037164443083641963,-0.01186016711382305,0.005324362747130074,0.008952266039728261,0.0,0.0,0.0,-0.132951299319688,-0.5168857003212863,0.18791823171462904,0.0026018687223105397,-0.0034472227201627894,-0.003694396327977456,-0.008757710136673147,0.012989247000691151,0.00861576498158767,0.0,0.0,0.0,-0.2885364244219967,0.5476532386803189,0.21836319450919645,-0.2865599822430962,0.5408253552199149,0.21431484274950766,0.001730891802336714,-0.007167246195914005,-0.0035209989929716407,1.3995158193779653,2.671694288573027,1.316094949305471,0.2653484184638542,-2.495688114606585,0.763537998372312,0.005073494935471214,0.01378099136896807,-0.004949752002147141,0.11076410487949175,-0.026112994812481454,0.10327846811014799,-0.016660325260310787,-0.015464317748707865,0.006863404757051519,-0.1911424307226165,0.07659855963428011,-0.1629037089197846,1.575065838549261,2.392126637804941,1.5180860496706106,-1.1614162295949166,-0.9236391599815941,1.0392371573601007,0.0,0.0,0.0,0.0,0.0,0.0,0.0,0.0,0.0,0.0,0.0,0.0,9.0,9.0,9.0,9.0,9.0,9.0,6.0,6.0,6.0,6.0,6.0,6.0,-0.04194133146226697,47.13915117741791,8.39561381704625,-1.2034226532763426,-0.0854431393952848,4.2641808883914223e-07,0.06878307415625531
31.46666666666739,-0.13338977233913785,-0.5170004604551691,0.18786442310698595,0.0032793918204456316,-0.0018382062559819446,-0.003441757744119063,-0.012704059781324955,0.0049858450091347355,0.00820729243855281,0.0,0.0,0.0,-0.13287334189232383,-0.5169905356148888,0.18780213647240582,0.0022640849239546276,-0.0032037601248662,-0.00348296338961602,-0.009626160663476657,0.012564986901884012,0.008367463189755231,0.0,0.0,0.0,-0.2890104023781135,0.5483968520304175,0.21627519833980322,-0.28699671689578704,0.5416107226211172,0.2133302538325162,0.002033365845275938,-0.006951555169747166,-0.0024988343088593783,1.399653688817972,2.6721283515314203,1.3159387479919,0.26873776653247444,-2.496442244856605,0.7667266148569166,0.0044485537786238365,0.01327492295753094,-0.004773943605467131,0.1047083296655681,-0.02378693660455661,0.09819848572880852,-0.01874823470542133,-0.01518205234311394,0.00527425190040028,-0.18167325641770915,0.0697817462377453,-0.1523994714401841,1.575065838549261,2.392126637804941,1.5180860496706106,-1.1614162295949166,-0.9236391599815941,1.0392371573601007,0.0,0.0,0.0,0.0,0.0,0.0,0.0,0.0,0.0,0.0,0.0,0.0,9.0,9.0,9.0,9.0,9.0,9.0,6.0,6.0,6.0,6.0,6.0,6.0,-0.046906135706878516,47.142032559038874,8.390178911511097,-1.205231039168,-0.08566745959296762,1.1570116291714783e-06,0.07038485897716784
31.500000000000725,-0.13330201806539188,-0.5170530479757016,0.18776061086423068,0.0028447689929275224,-0.0016847216459437728,-0.0032207363546124723,-0.012892971979222876,0.004851006169900645,0.006618249703495881,0.0,0.0,0.0,-0.13280695460147574,-0.517087385437514,0.18769225791140484,0.0019185506578322982,-0.0029607421011343467,-0.003291890386066544,-0.010011209114455966,0.012374650837150725,0.0073335235584353065,0.0,0.0,0.0,-0.2893716926306584,0.5494363046293487,0.21463282369464143,-0.2873721352417521,0.5425344786188019,0.2125228257178003,0.0022412953271079127,-0.0069358507401065415,-0.001696624334299621,1.399810098146217,2.6725928627564772,1.3157340951975296,0.2718684581850828,-2.4966885555872604,0.7697122425142231,0.004611037824436085,0.013715198820322435,-0.005684370422567608,0.09751660960735765,-0.01285519348129003,0.0924453817224005,0.004874521374367444,0.013208275883744845,-0.027312804513014304,-0.21575160174631336,0.32795229369799744,-0.1725931201922405,1.575065838549261,2.392126637804941,1.5180860496706106,-1.1614162295949166,-0.9236391599815941,1.0392371573601007,0.0,0.0,0.0,0.0,0.0,0.0,0.0,0.0,0.0,0.0,0.0,0.0,9.0,9.0,9.0,9.0,9.0,9.0,6.0,6.0,6.0,6.0,6.0,6.0,0.016156987836600578,47.199832345425136,8.383910609028174,-1.2091972354497285,-0.08530113382661142,8.924894325801347e-07,0.11674381925828131
31.53333333333406,-0.13322683206806046,-0.5170963834985729,0.18765785807114171,0.0024484904799003558,-0.0014439530420809106,-0.0031298685439200263,-0.011797338552104882,0.007368395630678502,0.0028740474797646245,0.0,0.0,0.0,-0.13275138906113873,-0.517174597263999,0.18758614572842802,0.0015912034024634734,-0.0026751693375366495,-0.0031672048398867472,-0.009157131639046856,0.014236103809299294,0.0041229965060547435,0.0,0.0,0.0,-0.2893259534315126,0.5513304387583551,0.2148262380649684,-0.28754785422915813,0.5438741415310187,0.2125316146552139,0.0020554932940791163,-0.007525171499414701,-0.001743673369859331,1.4001025342782292,2.6730336370814265,1.3153984955403806,0.2737169307468515,-2.4951906904710377,0.7715677668359041,0.007385735248389409,0.013387219439089321,-0.00860678328383706,0.06947498777115872,0.025672237830691114,0.06792561367442074,0.08324092271859972,-0.009839381436993415,-0.08767238583808354,-0.841248655085968,1.1558229393594344,-0.7355930414393925,1.575065838549261,2.392126637804941,1.5180860496706106,-1.1614162295949166,-0.9236391599815941,1.0392371573601007,0.0,0.0,0.0,0.0,0.0,0.0,0.0,0.0,0.0,0.0,0.0,0.0,9.0,9.0,9.0,9.0,9.0,9.0,6.0,6.0,6.0,6.0,6.0,6.0,0.21082290537292891,47.1504737056456,8.32675537018924,-1.2206607532054208,-0.0836379302487682,-4.13331100679315e-06,1.1656929353350307
31.566666666667395,-0.13316493277201702,-0.5171322218681274,0.18755392055329612,0.0020439972698393124,-0.0012047126093648647,-0.0031178432282963795,-0.012123453164072021,0.007197556732420088,0.0007566959007464833,0.0,0.0,0.0,-0.13270674358164036,-0.5172525699454591,0.18748205512993266,0.0012640030649730385,-0.0023936923050192163,-0.0030974820223651006,-0.00917140224148838,0.013858910924275492,0.0014953070642458322,0.0,0.0,0.0,-0.28888994111586275,0.5540127410530145,0.21712494275894748,-0.28748599025129634,0.5456941232502521,0.21366873293377472,0.0015217122407904624,-0.008580548573553767,-0.0026300093528511164,1.4005400807061938,2.6733915748039725,1.3149320329472283,0.2739596492345814,-2.49185361779642,0.7718970512668273,0.01121284030875645,0.011621160930615508,-0.01219817962432526,0.028012699011650655,0.07529886610258955,0.02922755984327023,0.11481315181101123,-0.05298175525421436,-0.107741890214646,-1.243868662785242,1.4887988481569532,-1.160941614934515,1.575065838549261,2.392126637804941,1.5180860496706106,-1.1614162295949166,-0.9236391599815941,1.0392371573601007,0.0,0.0,0.0,0.0,0.0,0.0,0.0,0.0,0.0,0.0,0.0,0.0,9.0,9.0,9.0,9.0,9.0,9.0,6.0,6.0,6.0,6.0,6.0,6.0,0.2859302852909673,47.0624139238183,8.285076129082347,-1.2264577377321335,-0.08288309582595099,-1.3358549836084421e-05,0.17584436050425298
31.60000000000073,-0.13312754523181347,-0.5171635295621304,0.1874336812699369,0.0013794355853050857,-0.001011600118988677,-0.003384579900168704,-0.020585887026012013,0.005465791920820759,-0.006261754788758064,0.0,0.0,0.0,-0.13267741224800672,-0.5173227185336841,0.18737208038650086,0.0008232348840689861,-0.0021494990952201946,-0.0032402549140628754,-0.014596127213538423,0.011910657567499428,-0.008597025900002109,0.0,0.0,0.0,-0.2868578913215328,0.5582463375437873,0.224848991845881,-0.2866297394261515,0.5483794178985592,0.21751486164490058,-0.0003581050739823073,-0.01079760442029894,-0.0057659439469913976,1.401348292439764,2.673357122855383,1.3141628079630823,0.2695551884065254,-2.484100353428436,0.7683079011242411,0.019901848107656626,0.0031846813384195753,-0.019450559557694945,-0.07875165022390164,0.18016490939388444,-0.06204048290396756,0.26067023396700534,-0.253094387765878,-0.21757139800109052,-3.2029304770665687,3.1459812987388465,-2.7380412824171336,1.575065838549261,2.392126637804941,1.5180860496706106,-1.1614162295949166,-0.9236391599815941,1.0392371573601007,0.0,0.0,0.0,0.0,0.0,0.0,0.0,0.0,0.0,0.0,0.0,0.0,9.0,9.0,9.0,9.0,9.0,9.0,6.0,6.0,6.0,6.0,6.0,6.0,0.6347500788117442,46.6248972395123,8.092868176461819,-1.250359020799913,-0.07898651553440095,6.024490807554628e-06,7.160206512892186
31.633333333334065,-0.13312829163182172,-0.5171956705051479,0.18728207332069724,0.00028747154803859636,-0.0009538928592515185,-0.003935998941002791,-0.03430830142253988,0.0007546874482444528,-0.012948088137741391,0.0,0.0,0.0,-0.13267001175242704,-0.5173875019016946,0.18724641671561223,0.0001946032179454154,-0.0019744824055528513,-0.003667930314071655,-0.02349128310444426,0.008471489300706736,-0.022015246871510463,0.0,0.0,0.0,-0.2826562790565527,0.5642771404107554,0.23895172061593306,-0.2845503675948686,0.552177732298654,0.22500160360645438,-0.0037186016298861226,-0.014197629477793874,-0.011131524924025962,1.4025953920734484,2.672860893063898,1.313009116345864,0.2598351256103102,-2.471106260685222,0.7605438886992829,0.03157594204291008,-0.008863035383554417,-0.029557352196931175,-0.2206518059989388,0.31993682466224066,-0.17596040946715347,0.3502228180576037,-0.3614315016592198,-0.30320377917708685,-4.2570046732511155,4.1931574580506865,-3.417597796895577,1.575065838549261,2.392126637804941,1.5180860496706106,-1.1614162295949166,-0.9236391599815941,1.0392371573601007,0.0,0.0,0.0,0.0,0.0,0.0,0.0,0.0,0.0,0.0,0.0,0.0,9.0,9.0,9.0,9.0,9.0,9.0,6.0,6.0,6.0,6.0,6.0,6.0,0.852197344282219,46.37645170748446,7.983532363300592,-1.26092515942037,-0.07583908937227202,3.610547709165246e-05,2.6940177288613545
31.6666666666674,-0.13316359684198392,-0.5172312498506888,0.18709982163801667,-0.0009161389317765001,-0.0010145567467858413,-0.004502921350450318,-0.037662417743945346,-0.003086506375701588,-0.013150075957802876,0.0,0.0,0.0,-0.13268599518226154,-0.51744890424721,0.18710283102871297,-0.000499394223655444,-0.0018610828455197814,-0.0041954563908914826,-0.02645263770473072,0.005435889671534966,-0.026471224937222537,0.0,0.0,0.0,-0.27680859893335735,0.5717837722047997,0.2578919228118909,-0.2813003901666834,0.5570625821216463,0.2359446251987205,-0.007802105727681218,-0.01825232167281983,-0.01761672584367865,1.404204627462338,2.6721050278274636,1.3115219963997373,0.24663243035750892,-2.45397920019644,0.7502179945630522,0.04271002179209894,-0.01807164985654313,-0.039594849654843015,-0.3376045070556714,0.44918681799639393,-0.2651713525469992,0.3340223924756658,-0.2762584341896614,-0.3011249237373551,-3.5085810317019783,3.877499800024599,-2.676328292395371,1.575065838549261,2.392126637804941,1.5180860496706106,-1.1614162295949166,-0.9236391599815941,1.0392371573601007,0.0,0.0,0.0,0.0,0.0,0.0,0.0,0.0,0.0,0.0,0.0,0.0,9.0,9.0,9.0,9.0,9.0,9.0,6.0,6.0,6.0,6.0,6.0,6.0,0.8209146195586516,46.55586502042268,8.058130178294867,-1.24738873241207,-0.075119088731324,3.7450389394066974e-05,0.5250334617872991
31.700000000000735,-0.1332606790944969,-0.5172889902345661,0.18686300760210828,-0.00277710452203047,-0.0015161235767833132,-0.005433025552803575,-0.05807203404684657,-0.016619698369405342,-0.02291732226146384,0.0,0.0,0.0,-0.13273825130220185,-0.5175159000715894,0.18692872399232377,-0.0015361401312219566,-0.001988840852907144,-0.005063277478957347,-0.04258092329457153,-0.00610486928048104,-0.04232164533227589,0.0,0.0,0.0,-0.26854542259167274,0.5810576069716454,0.2827018488038517,-0.27648391138263917,0.5632045144319044,0.25095173977084634,-0.013035666322754994,-0.02319443072092286,-0.025502991068054124,1.4062553747323163,2.671050642890255,1.3095567699977881,0.22947319077986086,-2.431735861766871,0.7374476164405527,0.05525161933026736,-0.0271115820296818,-0.05250281125726212,-0.45571962723818527,0.5945957079235098,-0.3437980132989894,0.3762479261450525,-0.27119796519416006,-0.38723884807257314,-3.5434536054754164,4.362266697813476,-2.3587998225597064,1.575065838549261,2.392126637804941,1.5180860496706106,-1.1614162295949166,-0.9236391599815941,1.0392371573601007,0.0,0.0,0.0,0.0,0.0,0.0,0.0,0.0,0.0,0.0,0.0,0.0,9.0,9.0,9.0,9.0,9.0,9.0,6.0,6.0,6.0,6.0,6.0,6.0,0.9339511372744251,46.5298153454138,8.039051316300231,-1.241414333898848,-0.0720557132884152,7.343422649785936e-05,1.7249346099973442
31.73333333333407,-0.1334309698265314,-0.5173880856275977,0.18655455279997224,-0.005153413065127094,-0.002600260341515861,-0.006713115774110913,-0.07426401122284605,-0.034492543076882286,-0.03263191146656498,0.0,0.0,0.0,-0.13283678025323145,-0.5175996030350187,0.18671279958621423,-0.0028820446931771813,-0.002439626037976497,-0.006273300275304473,-0.05692285811499476,-0.021402872031311304,-0.05808136404552178,0.0,0.0,0.0,-0.25741309877645746,0.5919210092767819,0.31348741996862756,-0.26975322294226695,0.5706018978248626,0.27038433281357893,-0.019455952941517765,-0.028844850871298715,-0.034543565461947555,1.4087795002925947,2.669674188045527,1.3070720947658239,0.208610209947434,-2.404296285924982,0.7229516615513121,0.06889971764898602,-0.03656629090445683,-0.06719444172504227,-0.5691661590612653,0.7469900861456165,-0.40451843555114175,0.40944294956155974,-0.28364126624325087,-0.44074891403340477,-3.403395954692403,4.571831346663198,-1.8216126675645699,1.575065838549261,2.392126637804941,1.5180860496706106,-1.1614162295949166,-0.9236391599815941,1.0392371573601007,0.0,0.0,0.0,0.0,0.0,0.0,0.0,0.0,0.0,0.0,0.0,0.0,9.0,9.0,9.0,9.0,9.0,9.0,6.0,6.0,6.0,6.0,6.0,6.0,1.0212365500699478,46.472353660929855,8.03560301232131,-1.2290817187217689,-0.06903079210029706,0.00011299178411938726,1.7550837696367487
31.766666666667405,-0.1336514354224972,-0.5175209126223341,0.18618208820827137,-0.007201307256599052,-0.0037367980785316113,-0.008030861478765139,-0.0636245856495941,-0.03567395586291981,-0.03573148041740991,0.0,0.0,0.0,-0.13297883951696088,-0.5177019714498577,0.18645699693943626,-0.004202656758154364,-0.0029888438416519497,-0.007483606067150673,-0.055187158402879355,-0.025833343135888143,-0.05739439117699208,0.0,0.0,0.0,-0.24454147610808277,0.6041003134650121,0.34786480130754255,-0.2614625341174712,0.5791611670585872,0.29351074696808555,-0.02592302720061491,-0.034710614990963694,-0.04342868929639343,1.4116842724017127,2.6682844834317345,1.304196901565511,0.18677657848245718,-2.3733320430046634,0.7088353323995175,0.08106201473201907,-0.039982855910663785,-0.07990201124793887,-0.626394682319958,0.868281553788241,-0.41716606155293895,0.3648689124909915,-0.10249695018620866,-0.38122708568689806,-1.7168556977607796,3.6387440292787363,-0.3794287800539159,1.575065838549261,2.392126637804941,1.5180860496706106,-1.1614162295949166,-0.9236391599815941,1.0392371573601007,0.0,0.0,0.0,0.0,0.0,0.0,0.0,0.0,0.0,0.0,0.0,0.0,9.0,9.0,9.0,9.0,9.0,9.0,6.0,6.0,6.0,6.0,6.0,6.0,0.925007677451962,46.884242117920195,8.233327766407445,-1.196312106630578,-0.06805677353315343,9.016106182713202e-05,1.7371192387335361
31.80000000000074,-0.13394250146270956,-0.5177111384524583,0.18572377490163922,-0.009584707434883745,-0.0054794078762377615,-0.00971113912160377,-0.07444800607444438,-0.054905314396383575,-0.04610454748550265,0.0,0.0,0.0,-0.1331742239289625,-0.5178345163275433,0.18614874386846517,-0.005772403008179767,-0.0038500389908941056,-0.009018530327355924,-0.06654131366339122,-0.04037770606906044,-0.07216310249377544,0.0,0.0,0.0,-0.22883837675139518,0.6169280303495095,0.38715373429434513,-0.25115697214230065,0.5886300234854812,0.32081404043973305,-0.03328876335732388,-0.040610423690370545,-0.052810995710126846,1.4150267902366436,2.666482019897536,1.3009711291713193,0.16235178516444818,-2.338348152108143,0.694371089331735,0.09387102827595492,-0.04937688932085964,-0.09114945163314647,-0.697294093800166,0.9891050025264858,-0.4283402152066302,0.3842704063180755,-0.28182100230587553,-0.3374232115562282,-2.126982344406242,3.6247034621473433,-0.33522460961073763,1.575065838549261,2.392126637804941,1.5180860496706106,-1.1614162295949166,-0.9236391599815941,1.0392371573601007,0.0,0.0,0.0,0.0,0.0,0.0,0.0,0.0,0.0,0.0,0.0,0.0,9.0,9.0,9.0,9.0,9.0,9.0,6.0,6.0,6.0,6.0,6.0,6.0,0.9558885285741239,46.50915998229618,8.194248276329516,-1.1809029771790225,-0.0645827753969952,0.00012434619845569372,4.641805941146604
31.833333333334075,-0.13430309014273842,-0.5179614436283063,0.18516428781032496,-0.012048718373771965,-0.007587621375327938,-0.011814090318087597,-0.07749965105731799,-0.06717495552209504,-0.05877937378591819,0.0,0.0,0.0,-0.13342791445287752,-0.5180038607051036,0.18577811652506823,-0.0075075273184304885,-0.004928476905603593,-0.010857680208257493,-0.07378519307116171,-0.05024742683215422,-0.08579965927659527,0.0,0.0,0.0,-0.21021303299607463,0.6299230909517919,0.43095920392033404,-0.23866378420191459,0.5987506739964639,0.3523030275900924,-0.041391472041589064,-0.046288996628767,-0.06235910932164072,1.4187932829800007,2.6641441811923388,1.2975427394796248,0.13564252555960304,-2.2998342031106986,0.6801233280726909,0.10662019762579569,-0.06321573721090208,-0.09895094437826847,-0.7666165566969578,1.099980647457715,-0.42773529691642226,0.382475080495223,-0.41516543670127315,-0.23404478235366005,-2.0796738869037537,3.3262693479368766,0.018147548706237027,1.575065838549261,2.392126637804941,1.5180860496706106,-1.1614162295949166,-0.9236391599815941,1.0392371573601007,0.0,0.0,0.0,0.0,0.0,0.0,0.0,0.0,0.0,0.0,0.0,0.0,9.0,9.0,9.0,9.0,9.0,9.0,6.0,6.0,6.0,6.0,6.0,6.0,0.9330292113802146,46.258434997467546,8.226279740291499,-1.1568957290762754,-0.061239101206165936,0.00014059241248309817,3.4137153424082127
31.86666666666741,-0.1347094470474896,-0.5182501019291411,0.18451660459172256,-0.013984250601490868,-0.009394225152824405,-0.01393780036952317,-0.061118943340566056,-0.05842663343230367,-0.06106293912580249,0.0,0.0,0.0,-0.13373491057740047,-0.5182074608803772,0.18534859211731497,-0.009137552454724389,-0.005973089912459465,-0.01265155597278296,-0.06808515020651607,-0.04806241347351481,-0.0826604227350316,0.0,0.0,0.0,-0.18966576576433988,0.6432108287093805,0.47753775752190125,-0.2243348833257829,0.6095049730052082,0.3873358842551459,-0.04931303291502381,-0.05165602938805215,-0.07121134620827643,1.422927679856053,2.6614994442105737,1.2940763876568702,0.10855359005850404,-2.258868915787355,0.6674323367384667,0.11822800339631137,-0.07396665203893178,-0.10231068458118248,-0.7973175622542994,1.1859659622861154,-0.39639825898995956,0.3482341731154701,-0.3225274448408909,-0.10079220608742007,-0.9210301667202477,2.579559444852016,0.9401111377938811,1.575065838549261,2.392126637804941,1.5180860496706106,-1.1614162295949166,-0.9236391599815941,1.0392371573601007,0.0,0.0,0.0,0.0,0.0,0.0,0.0,0.0,0.0,0.0,0.0,0.0,9.0,9.0,9.0,9.0,9.0,9.0,6.0,6.0,6.0,6.0,6.0,6.0,0.8465009965893908,46.53473060714295,8.43709101175868,-1.1208954486507456,-0.0585847530982373,0.00011102856040468012,2.0135882982631608
31.900000000000745,-0.13518116224810328,-0.5185791238266249,0.18374863370419386,-0.016118749123472956,-0.01128905332142422,-0.016706301571561853,-0.06721705916806858,-0.0637793123094174,-0.08012188977274126,0.0,0.0,0.0,-0.13410321275394946,-0.5184471323206855,0.1848430632783059,-0.01095841541025774,-0.007059299243158682,-0.014880368552719174,-0.07654901112379742,-0.04950390661428905,-0.102429026094776,0.0,0.0,0.0,-0.16620390400061305,0.6558915067898331,0.5276063567396104,-0.20778050024650235,0.6205225756484528,0.42605880773279453,-0.057850505482525,-0.056407674301518586,-0.07976968053316043,1.4274139714157108,2.658049869663519,1.2908282227029562,0.07960419757693522,-2.2154614641600836,0.6558014987697433,0.1291351656585888,-0.09364704162073795,-0.09906686060533829,-0.8447603703828095,1.2634710199741344,-0.3647495123711221,0.32721486786832266,-0.5904116874541848,0.09731471927532571,-1.4232842438553044,2.325151730640568,0.9494623985651239,1.575065838549261,2.392126637804941,1.5180860496706106,-1.1614162295949166,-0.9236391599815941,1.0392371573601007,0.0,0.0,0.0,0.0,0.0,0.0,0.0,0.0,0.0,0.0,0.0,0.0,9.0,9.0,9.0,9.0,9.0,9.0,6.0,6.0,6.0,6.0,6.0,6.0,0.7533540100492311,46.02982050823507,8.448569086555203,-1.0950424584638854,-0.054375958244650135,0.0001394821470486196,7.359351849594658
31.93333333333408,-0.13572427452807254,-0.5189161476759069,0.18283923625245585,-0.018389484489998692,-0.012624122705529657,-0.020197565333111758,-0.06987658620551032,-0.04974290631646804,-0.10280584968770648,0.0,0.0,0.0,-0.1345387694503165,-0.5187138703298576,0.18424701958942963,-0.012960963655721382,-0.007918620593943307,-0.01754816483568331,-0.08448927265474682,-0.038163488923762756,-0.1221740640311415,0.0,0.0,0.0,-0.13973582603363113,0.6680478772059922,0.5802713580566337,-0.1888570566826051,0.6317351293474434,0.46812130579755423,-0.06678431039145691,-0.060643570168187694,-0.08751988941714911,1.432189181898065,2.6537199915126637,1.288062074281563,0.049370302924506414,-2.1701005699179716,0.6462131865811371,0.1385492648666128,-0.11781324355735799,-0.08834525529630911,-0.8862646831761793,1.3283748915002838,-0.31334941456249477,0.28242297624071994,-0.7249860580986013,0.3216481592708751,-1.2451293838010968,1.9471161457844803,1.54200293425882,1.575065838549261,2.392126637804941,1.5180860496706106,-1.1614162295949166,-0.9236391599815941,1.0392371573601007,0.0,0.0,0.0,0.0,0.0,0.0,0.0,0.0,0.0,0.0,0.0,0.0,9.0,9.0,9.0,9.0,9.0,9.0,6.0,6.0,6.0,6.0,6.0,6.0,0.6071062941142964,45.8310384508053,8.572988517229158,-1.0599208440018333,-0.05007393774459956,0.0001719594034557126,5.0930560244289325
31.966666666667415,-0.13634608587220354,-0.5192268449603886,0.1817836535257984,-0.02081101203141053,-0.013162496440657388,-0.02409398974125975,-0.07183372914898731,-0.02938783354124308,-0.11669637190119891,0.0,0.0,0.0,-0.13504652857976135,-0.5189938123696083,0.18355038937398777,-0.015117930286714855,-0.008385710949090013,-0.02054069253438346,-0.09105197954916511,-0.01910110997073211,-0.13627099474540705,0.0,0.0,0.0,-0.11048276593972348,0.6792912323526655,0.6354287302413377,-0.167574272358948,0.6429543220961781,0.513382290205932,-0.0759812125987487,-0.0641921160505668,-0.09455642979158871,1.4372031491837376,2.6482894793942986,1.2861074412905047,0.01758525559554653,-2.123087760536611,0.6384336802013768,0.14646243400232256,-0.14788132355309228,-0.0685410782532699,-0.9311225076379241,1.3830478181273063,-0.26003993244937096,0.2373950740712936,-0.9020423998720284,0.5941253112911765,-1.3457347338523453,1.6401877988106777,1.5992844633937136,1.575065838549261,2.392126637804941,1.5180860496706106,-1.1614162295949166,-0.9236391599815941,1.0392371573601007,0.0,0.0,0.0,0.0,0.0,0.0,0.0,0.0,0.0,0.0,0.0,0.0,9.0,9.0,9.0,9.0,9.0,9.0,6.0,6.0,6.0,6.0,6.0,6.0,0.4486184041330239,45.55775347157857,8.700083217427604,-1.02460762320604,-0.04544340295268001,0.0001573717070153524,5.969945347199094
32.000000000000746,-0.13702057174241417,-0.519485454446261,0.1806242895539542,-0.022682372099223483,-0.012807604113976155,-0.027432155057344042,-0.05099885662984992,-0.003758532259458769,-0.10373029412584339,0.0,0.0,0.0,-0.13561700651952419,-0.5192768795272651,0.18276487095964153,-0.0170522067248061,-0.008533955064985516,-0.023278199923793902,-0.07960810043009925,-0.003765314493548999,-0.12264068970873687,0.0,0.0,0.0,-0.07951992016770079,0.6905629264222064,0.6915762822163187,-0.14435935924909088,0.654522386958158,0.5611817897170535,-0.08450716600736201,-0.06740460079821761,-0.10023171780271978,1.4424271151478476,2.642138459019426,1.285019859893323,-0.014042123529362235,-2.074997131954089,0.6335090161517197,0.15330013061630623,-0.17231418201514356,-0.04459865402805553,-0.9429217517108167,1.422828511026201,-0.1851732584762662,0.20513089841950985,-0.7329857538615384,0.7182727267564311,-0.3539773221867758,1.1934207869668387,2.2460002191931423,1.575065838549261,2.392126637804941,1.5180860496706106,-1.1614162295949166,-0.9236391599815941,1.0392371573601007,0.0,0.0,0.0,0.0,0.0,0.0,0.0,0.0,0.0,0.0,0.0,0.0,9.0,9.0,9.0,9.0,9.0,9.0,6.0,6.0,6.0,6.0,6.0,6.0,0.3633640024374849,46.00635375605801,8.993431664498994,-0.9830346681602188,-0.04132623857409645,0.00012991980519150292,3.3780258959188667
32.03333333333408,-0.13776697759757303,-0.5196607459357042,0.17936116300843621,-0.024741457013720644,-0.011652734601209636,-0.030604819528161537,-0.05236942957591907,0.016796104497224962,-0.10226917535541055,0.0,0.0,0.0,-0.13625397934903039,-0.519543574436059,0.18188622370737087,-0.01905062721484774,-0.008130907263172425,-0.026086710845507108,-0.08196624188916424,0.02244571295612552,-0.1247163359639134,0.0,0.0,0.0,-0.046531408089338935,0.7006959980898011,0.7497024500460117,-0.11914549218524305,0.6660427052649711,0.6116878981036888,-0.09301328854020742,-0.06976254308943837,-0.10524739059098465,1.4478187879025644,2.6347361889021683,1.2852455191050935,-0.0472648754829816,-2.02581471205516,0.6301615047820714,0.15893349863310044,-0.2054834630168739,-0.010353033773940895,-0.9787622896426595,1.4579245683206479,-0.12867464688505417,0.16900104050382608,-0.9950784300519101,1.0273686076234392,-1.0752161379552863,1.0528817188334076,1.6949583477363608,1.575065838549261,2.392126637804941,1.5180860496706106,-1.1614162295949166,-0.9236391599815941,1.0392371573601007,0.0,0.0,0.0,0.0,0.0,0.0,0.0,0.0,0.0,0.0,0.0,0.0,9.0,9.0,9.0,9.0,9.0,9.0,6.0,6.0,6.0,6.0,6.0,6.0,0.20961671376110336,45.54331233291676,9.086828237803823,-0.9502669733919507,-0.03630732608892373,9.10116392754956e-05,10.241710915640684
32.06666666666741,-0.1385981915244246,-0.519712857677964,0.17802312790344804,-0.02711557101685437,-0.009530650094092132,-0.0331756122225484,-0.0570270239033375,0.04334470582848848,-0.08930148543387953,0.0,0.0,0.0,-0.13696188239285273,-0.5197704150008423,0.18092137741416628,-0.021172809715739344,-0.007039237833638844,-0.028725898341780593,-0.08714731269673193,0.054880449082324034,-0.11535789255387696,0.0,0.0,0.0,-0.011529093143663908,0.7094455339118494,0.8101444666600277,-0.09191256164959079,0.6773032814539078,0.6650253150467114,-0.10156457722778575,-0.07130982697953099,-0.1097814484117157,1.4533629050791612,2.6259020242229374,1.2871231802407583,-0.08264185080627548,-1.9754013689090708,0.6281527026784923,0.1638601764096364,-0.24517778125691397,0.034102211455314585,-1.033793603013431,1.4942417190286703,-0.08306759103326733,0.14780033329607928,-1.1908295472012027,1.3336573568776644,-1.6509394011231433,1.089514521240675,1.3682116755536056,1.575065838549261,2.392126637804941,1.5180860496706106,-1.1614162295949166,-0.9236391599815941,1.0392371573601007,0.0,0.0,0.0,0.0,0.0,0.0,0.0,0.0,0.0,0.0,0.0,0.0,9.0,9.0,9.0,9.0,9.0,9.0,6.0,6.0,6.0,6.0,6.0,6.0,0.09321804685386681,45.214635713741366,9.223435754901452,-0.9146851334936416,-0.030883299589478663,5.7719666937572356e-05,9.377055478129295
32.10000000000074,-0.13948596499574617,-0.5196335618546263,0.17666321843841096,-0.0289576943752424,-0.006695040292004649,-0.03461687062993629,-0.034447011480455814,0.06772995417032412,-0.06289172025423284,0.0,0.0,0.0,-0.13772931818984693,-0.5199489894211687,0.17989173072224948,-0.023018334464056822,-0.005628309678903957,-0.030786171009875393,-0.07322740398844196,0.06936054268258651,-0.08664685189241572,0.0,0.0,0.0,0.02435743140026211,0.718573428165843,0.8711035777841198,-0.06312243534540647,0.6889643774737826,0.7205278279777193,-0.1089755549652267,-0.07275749517063093,-0.11293787884141011,1.4590472492907964,2.6162706542371685,1.2904649019814436,-0.11792191121941689,-1.9241791813635571,0.6289579668794477,0.16830694303591842,-0.274353326801018,0.0782018386321443,-1.0501990759339717,1.5225243239198305,-0.011583912991981304,0.13340299878846015,-0.8752663663231197,1.3229888153048917,-0.4921641876162194,0.8484781467348033,2.144510341238581,1.575065838549261,2.392126637804941,1.5180860496706106,-1.1614162295949166,-0.9236391599815941,1.0392371573601007,0.0,0.0,0.0,0.0,0.0,0.0,0.0,0.0,0.0,0.0,0.0,0.0,9.0,9.0,9.0,9.0,9.0,9.0,6.0,6.0,6.0,6.0,6.0,6.0,0.0670494056250528,45.887997038096636,9.559559791354857,-0.8680658536130281,-0.02646429361756497,6.045901624401884e-05,3.0768774750542383
32.13333333333407,-0.1404509727209837,-0.5193758306421724,0.17531988087096148,-0.0310207292938829,-0.0026626842076048624,-0.03494031760144779,-0.03388517422291526,0.10732450155226064,-0.03805212043394439,0.0,0.0,0.0,-0.1385595499188064,-0.5200482338201807,0.17881459638377206,-0.02490680178560649,-0.003367543345294194,-0.03231253779927222,-0.0746962332499943,0.10893030816993132,-0.06044232347698886,0.0,0.0,0.0,0.06073663522695567,0.7278952974075135,0.9330448975836932,-0.033046417126036565,0.7011173725656134,0.7781881130983574,-0.11537476426018814,-0.07387909777805327,-0.11516998199219522,1.464842821538185,2.605712582360135,1.2955537782924567,-0.15366731246477905,-1.8719682428893794,0.6318857568868606,0.17201375929308071,-0.3026125464743509,0.12784480576430968,-1.0649743835519003,1.5517268774568342,0.054694495817596875,0.11120448771486914,-0.8477765901999866,1.4892890139649613,-0.4432592285378598,0.8760766061101148,1.9883522642873452,1.575065838549261,2.392126637804941,1.5180860496706106,-1.1614162295949166,-0.9236391599815941,1.0392371573601007,0.0,0.0,0.0,0.0,0.0,0.0,0.0,0.0,0.0,0.0,0.0,0.0,9.0,9.0,9.0,9.0,9.0,9.0,6.0,6.0,6.0,6.0,6.0,6.0,-0.022533583943277535,45.96715661448319,9.783437269266669,-0.8261200921994939,-0.0213657514657547,2.378422303855876e-05,6.299030592952172
32.1666666666674,-0.1414961980599866,-0.5189214229541603,0.1740536275998951,-0.033155559785690736,0.0023528642619916953,-0.03376455518601468,-0.027869654008147685,0.14562266963973508,-0.003605705215762936,0.0,0.0,0.0,-0.1394523933113417,-0.5200467557590125,0.1777191957383588,-0.02679654969225028,-0.0004284097721386597,-0.033004056691666214,-0.07417678701424579,0.13988808788524487,-0.020245239746175425,0.0,0.0,0.0,0.09664947985249137,0.738420728982546,0.9946918299013666,-0.0022046824271457588,0.7142606918306734,0.8374291254135295,-0.12004815274672352,-0.0748782214599567,-0.11595109650963664,1.470657845270884,2.5946576859300072,1.3022507043697027,-0.1886352899557609,-1.8192730168010292,0.6374082447163288,0.17363839441834245,-0.3219687774273369,0.17655345679969298,-1.0543510110036038,1.5711468142526162,0.1286812551952331,0.048739053757852285,-0.5806869285895818,1.461259531061499,0.3187011764488964,0.5825981038734578,2.2196027813290864,1.575065838549261,2.392126637804941,1.5180860496706106,-1.1614162295949166,-0.9236391599815941,1.0392371573601007,0.0,0.0,0.0,0.0,0.0,0.0,0.0,0.0,0.0,0.0,0.0,0.0,9.0,9.0,9.0,9.0,9.0,9.0,6.0,6.0,6.0,6.0,6.0,6.0,-0.16874126691217117,46.47334250896568,10.075947331764132,-0.7805014019577948,-0.01734680787045839,1.6181231402900842e-05,2.98753621470855
32.200000000000735,-0.14260006393071126,-0.5182827085454477,0.1729386827606138,-0.03482365228734914,0.007690104937952129,-0.030668673877366655,-0.006958679048524173,0.16711091666858768,0.044357087166866926,0.0,0.0,0.0,-0.14039645060844422,-0.5199331311783048,0.17664461380368618,-0.028391557861159156,0.0029057762325877014,-0.032561370795750555,-0.05958930948053043,0.1570233703213102,0.03370932171958918,0.0,0.0,0.0,0.13099355109534813,0.7509051788747724,1.0549995455549075,0.028737027713385814,0.7288889600864729,0.8976031504182325,-0.12245181923018095,-0.07571511205317027,-0.11504302439568637,1.4764407801220885,2.5835767513445282,1.3102708240844658,-0.22178737311438113,-1.7666333838751471,0.6454821953120519,0.17353816183020335,-0.3289416175186906,0.2192535465618255,-1.014492000173606,1.5765082632685152,0.20437276364620546,-0.0030069776441733207,-0.20918520274060984,1.2810026928639755,1.195770324899935,0.16084347047697117,2.270745253529171,1.575065838549261,2.392126637804941,1.5180860496706106,-1.1614162295949166,-0.9236391599815941,1.0392371573601007,0.0,0.0,0.0,0.0,0.0,0.0,0.0,0.0,0.0,0.0,0.0,0.0,9.0,9.0,9.0,9.0,9.0,9.0,6.0,6.0,6.0,6.0,6.0,6.0,-0.25579374816578315,47.1209562285979,10.348373479985714,-0.738828370993334,-0.014189818533115406,2.8902904705141452e-06,2.773124791352177
32.233333333334066,-0.14373040887851551,-0.5175200717583993,0.1719981476929636,-0.03564065960861422,0.012121579575746378,-0.02653165320632879,0.022393187716707667,0.15097373142022205,0.06929239945186598,0.0,0.0,0.0,-0.141373806779333,-0.5197167714000437,0.17561453400822236,-0.029479524579735673,0.006054303429270214,-0.031338500354468925,-0.035084327375619395,0.1463558889921739,0.07017714550702525,0.0,0.0,0.0,0.16350987937909678,0.7653388341464646,1.1130486681518899,0.05939677366418433,0.7451951034537702,0.9579971864190493,-0.12272306806489959,-0.0761342313056925,-0.112205950810652,1.4821185273922266,2.5726936540416525,1.3192893113979471,-0.2528610242602771,-1.7148759258954953,0.6559541207392671,0.1714009993461608,-0.3273091518970756,0.25345426179023545,-0.9596370229757882,1.5606519140158743,0.2775627630930389,-0.06411487452127666,0.04897396864845057,1.0260214568522987,1.6456493159345305,-0.47569047757922395,2.195699983405003,1.575065838549261,2.392126637804941,1.5180860496706106,-1.1614162295949166,-0.9236391599815941,1.0392371573601007,0.0,0.0,0.0,0.0,0.0,0.0,0.0,0.0,0.0,0.0,0.0,0.0,9.0,9.0,9.0,9.0,9.0,9.0,6.0,6.0,6.0,6.0,6.0,6.0,-0.360686518790726,47.42143816206234,10.479511406029426,-0.7047762680028129,-0.012087238167645509,1.2926134795421262e-05,4.241794070495699
32.2666666666674,-0.14485729374381778,-0.5166446638304423,0.17131093942747092,-0.03555409676688134,0.016213998576179046,-0.020501194166746162,0.04949787225620815,0.15139939529997865,0.12323609977535922,0.0,0.0,0.0,-0.14236623166583107,-0.5193942875259699,0.17467674067472141,-0.03002095536350031,0.009261906992485108,-0.028765289274491474,-0.008998894892786602,0.14749791496653764,0.13335545870419407,0.0,0.0,0.0,0.19344543540877976,0.7813507574718174,1.1680630593027197,0.08922529387239476,0.7631429114224773,1.0178941457788706,-0.12084957402538592,-0.0756620315198564,-0.10741874412315143,1.487595876732372,2.562293288510515,1.3290844238517148,-0.28170732560191963,-1.664850903616167,0.6680374096511402,0.16668065325163292,-0.3171103612551092,0.2803870030054331,-0.8968050344914463,1.520717750258525,0.33418669926847566,-0.14161038283583605,0.3059637192589909,0.8079822364559306,1.8849596545302563,-1.1980249127204832,1.6987180852631034,1.575065838549261,2.392126637804941,1.5180860496706106,-1.1614162295949166,-0.9236391599815941,1.0392371573601007,0.0,0.0,0.0,0.0,0.0,0.0,0.0,0.0,0.0,0.0,0.0,0.0,9.0,9.0,9.0,9.0,9.0,9.0,6.0,6.0,6.0,6.0,6.0,6.0,-0.4966244497368915,47.72707848240141,10.608336784323926,-0.6754525111512301,-0.010591766416586934,-1.6576996639650066e-05,5.145809310507875
32.30000000000073,-0.14593430439666827,-0.5156860538811606,0.1709202561504108,-0.03424361559245612,0.019758012453949446,-0.012990726869107442,0.08250415606065967,0.14287077753334249,0.16853714228636563,0.0,0.0,0.0,-0.14334872587395828,-0.5189689773926481,0.17387227439858027,-0.029835194343030932,0.01239209597442141,-0.024931815591667978,0.025371349561299272,0.14216534447563767,0.19151846340038903,0.0,0.0,0.0,0.22061686148299506,0.7982636569757465,1.219316425506385,0.11788195369897612,0.7824660431656282,1.0765528092608478,-0.11717389977000789,-0.07392641060757311,-0.10060736716662595,1.4927968855563511,2.5525414587595825,1.3394205130001353,-0.30847456624644976,-1.6174943067275047,0.681115726420781,0.15958039423012627,-0.30074004877035804,0.300184117303556,-0.834279824387751,1.4540378545260864,0.37296190181564026,-0.21300777064519955,0.4911093745425352,0.5939134289436862,1.87575630311086,-2.0003968719731606,1.1632560764149384,1.575065838549261,2.392126637804941,1.5180860496706106,-1.1614162295949166,-0.9236391599815941,1.0392371573601007,0.0,0.0,0.0,0.0,0.0,0.0,0.0,0.0,0.0,0.0,0.0,0.0,9.0,9.0,9.0,9.0,9.0,9.0,6.0,6.0,6.0,6.0,6.0,6.0,-0.6155861335478977,47.844467015942186,10.663364511787222,-0.6515726981550347,-0.009792121456206504,-4.029289550114279e-05,6.044129919585863
32.33333333333406,-0.14694084287509243,-0.5146936703430893,0.17078979606273326,-0.032146502005808236,0.022203526277766714,-0.005675949666609197,0.1002066601159709,0.11351477391485013,0.16683136673370003,0.0,0.0,0.0,-0.14430572609490525,-0.5184560815581064,0.17320955473090344,-0.02913955373572605,0.015115966976608377,-0.020695012840324017,0.048997168727579865,0.12127887048699826,0.2082501343560592,0.0,0.0,0.0,0.24510614538647416,0.8157290152025668,1.2665198844979197,0.1451905789647617,0.8029153390069976,1.1334067721259433,-0.11206547934656093,-0.07091645547434518,-0.09194477351374918,1.4976855338969164,2.5435192425431166,1.3499721112315306,-0.333174599487176,-1.5732002635748046,0.6948261038435374,0.15096643155467687,-0.28069100725277657,0.3110933370624259,-0.772093939610442,1.3705601478960325,0.3985281823936759,-0.25841888026348186,0.6014712455274447,0.3272765927660979,1.8655765433192675,-2.5043311989016153,0.7669884173410687,1.575065838549261,2.392126637804941,1.5180860496706106,-1.1614162295949166,-0.9236391599815941,1.0392371573601007,0.0,0.0,0.0,0.0,0.0,0.0,0.0,0.0,0.0,0.0,0.0,0.0,9.0,9.0,9.0,9.0,9.0,9.0,6.0,6.0,6.0,6.0,6.0,6.0,-0.6719066834157359,47.73199869024127,10.6166342812532,-0.6307520873913477,-0.008596492477912387,-4.623532347497461e-05,5.002028710955165
32.36666666666739,-0.1478264215319042,-0.5136810788182676,0.17097753882002653,-0.02882702864061705,0.02405115403762897,0.00277089320129484,0.1289780065206281,0.09634908461036029,0.20727214032893035,0.0,0.0,0.0,-0.14521026416412045,-0.5178627252415308,0.17273046620455845,-0.027671659354950015,0.017594612627645896,-0.015317194670235432,0.08484004740429274,0.10833756911683601,0.2599352270281372,0.0,0.0,0.0,0.2666568672364832,0.8329808335635258,1.309530652161422,0.17088114708240656,0.8240364818610497,1.187984055213216,-0.10582710190564956,-0.06636464067001889,-0.08168519205536165,1.5022658170000531,2.5353929494325507,1.360553397048169,-0.3560326549042687,-1.5324618957737635,0.7083573074095968,0.1419278059142917,-0.25608953129557077,0.3153234953535749,-0.714525754878669,1.2716207386528309,0.40346679878574776,-0.27115876921155524,0.7380442787161745,0.12690474873447008,1.72704554195319,-2.968182277296049,0.14815849176215715,1.575065838549261,2.392126637804941,1.5180860496706106,-1.1614162295949166,-0.9236391599815941,1.0392371573601007,0.0,0.0,0.0,0.0,0.0,0.0,0.0,0.0,0.0,0.0,0.0,0.0,9.0,9.0,9.0,9.0,9.0,9.0,6.0,6.0,6.0,6.0,6.0,6.0,-0.6450869391696511,47.73382685436873,10.600604181453397,-0.6143083074671648,-0.00778959015647418,-8.74954413903617e-05,5.695650036761516
32.40000000000072,-0.1485560798687045,-0.5126786883858089,0.17149053132801856,-0.02445280951785153,0.025087724356483068,0.011771957769856255,0.15172242679593995,0.06998150406788758,0.2315516322691954,0.0,0.0,0.0,-0.14603917392694127,-0.5172037803666157,0.17246282035968336,-0.025491064081002573,0.019651816880318963,-0.009052916287599869,0.11744150146552723,0.0871907028433263,0.29894609808894845,0.0,0.0,0.0,0.28582138301792565,0.8493195308465452,1.348199578475698,0.19502950268055486,0.8453142834949086,1.2398523687609118,-0.09901700775802959,-0.06035406154660251,-0.06991887960656194,1.5065262753901572,2.5281726807762026,1.3709973600827488,-0.3775140457706769,-1.4957299379714846,0.7215073076234753,0.13251843644017916,-0.2297685502254824,0.3139870924761246,-0.6678030689543858,1.1585127355965228,0.3974889372061521,-0.2822810842233755,0.7896294321026509,-0.04009208632350894,1.4016805777284957,-3.39324009168924,-0.17933584738786956,1.575065838549261,2.392126637804941,1.5180860496706106,-1.1614162295949166,-0.9236391599815941,1.0392371573601007,0.0,0.0,0.0,0.0,0.0,0.0,0.0,0.0,0.0,0.0,0.0,0.0,9.0,9.0,9.0,9.0,9.0,9.0,6.0,6.0,6.0,6.0,6.0,6.0,-0.6256396215427531,47.55042055492676,10.525724801244419,-0.6015261068385871,-0.007191986780893389,-9.66846038028546e-05,5.94236029760358
32.433333333334055,-0.14909941702854682,-0.511717988663712,0.172330309456169,-0.0191683930783699,0.025174240139119876,0.021031947339113535,0.16992102416774113,0.03755447808786157,0.24731127795647267,0.0,0.0,0.0,-0.14677071387497717,-0.5164984197017384,0.17242938615897227,-0.02264364021611637,0.02115040590243036,-0.002070539620314003,0.14749929547908103,0.05978995082329952,0.3295462045458648,0.0,0.0,0.0,0.3031480570904888,0.8642428342669626,1.382649559515339,0.21780837997099983,0.8662626858035984,1.288736840385909,-0.09206241975305923,-0.05309988214906385,-0.05689275311463475,1.5104973328657842,2.521855242146141,1.3811596400293422,-0.3980470116630055,-1.4631639162331616,0.7341676895435069,0.1235939616592714,-0.20293828934306146,0.3079079630905795,-0.6332603408313675,1.0374913466319664,0.3857039508026823,-0.2677342434272327,0.8049078264726283,-0.18237388156635306,1.036281843690548,-3.6306416689366885,-0.35354959210409276,1.575065838549261,2.392126637804941,1.5180860496706106,-1.1614162295949166,-0.9236391599815941,1.0392371573601007,0.0,0.0,0.0,0.0,0.0,0.0,0.0,0.0,0.0,0.0,0.0,0.0,9.0,9.0,9.0,9.0,9.0,9.0,6.0,6.0,6.0,6.0,6.0,6.0,-0.5532387808387571,47.30491630445433,10.424798623963165,-0.5907493136282211,-0.00642597357314989,-9.6234286252328e-05,5.796363678453495
32.466666666667386,-0.14946919999646321,-0.510822200884082,0.1734175527089712,-0.013873244156210059,0.02439436109256225,0.028857133972367752,0.1628033525366257,0.006770606506781851,0.21167489861655642,0.0,0.0,0.0,-0.14740106535404401,-0.5157653413492383,0.17261539998366426,-0.01959965133998411,0.022082478639832284,0.004634634105747295,0.15485654372856583,0.032355468008370636,0.31249413841895546,0.0,0.0,0.0,0.31887970353608197,0.8775823923642718,1.4133205819586174,0.23931606912782297,0.886518844480541,1.3345701366383163,-0.08516046706674288,-0.04488704104724243,-0.043057589369030674,1.5142008400714213,2.5163463110994058,1.3909020672406471,-0.41770819491129785,-1.4344681741138374,0.7461614357976836,0.11526813133249471,-0.17782471738238564,0.29748453192295937,-0.6043104452429693,0.9197452912638039,0.368442908684429,-0.2497749098033007,0.7534071588202742,-0.31270293502860347,0.8684968676519482,-3.532381661044876,-0.5178312635475997,1.575065838549261,2.392126637804941,1.5180860496706106,-1.1614162295949166,-0.9236391599815941,1.0392371573601007,0.0,0.0,0.0,0.0,0.0,0.0,0.0,0.0,0.0,0.0,0.0,0.0,9.0,9.0,9.0,9.0,9.0,9.0,6.0,6.0,6.0,6.0,6.0,6.0,-0.4899597140125632,46.91084749918578,10.284519502704564,-0.576770400136891,-0.004939397062916573,-0.00010150287362725718,5.368668510796728
32.50000000000072,-0.14963983227962158,-0.5100220086135843,0.17477102480945508,-0.008091521818407242,0.022633307186154052,0.036606847127873,0.17058804565319213,-0.026933725603357724,0.21583073797394964,0.0,0.0,0.0,-0.14791295636945812,-0.5150282455146227,0.17303670211413286,-0.01608120317240687,0.02231776029677073,0.011706041013221891,0.17539025638457684,-0.0009423675308450896,0.32634052741539366,0.0,0.0,0.0,0.33370837367888867,0.888685229916523,1.4404523336568904,0.25984653710224836,0.9055506672730762,1.3772783864592613,-0.07874690983631412,-0.03590229216045992,-0.028542646825968406,1.5176643830957,2.5115846881173023,1.4001807697129192,-0.43714847183450634,-1.4097985199510195,0.7574514474433086,0.1076935709297345,-0.15450736543619942,0.28473556008642814,-0.5902423535451592,0.7999748470109586,0.3486145358073101,-0.2272368120828061,0.6995205583855871,-0.38246915509593643,0.4220427509343024,-3.5931133275853595,-0.5948511863135683,1.575065838549261,2.392126637804941,1.5180860496706106,-1.1614162295949166,-0.9236391599815941,1.0392371573601007,0.0,0.0,0.0,0.0,0.0,0.0,0.0,0.0,0.0,0.0,0.0,0.0,9.0,9.0,9.0,9.0,9.0,9.0,6.0,6.0,6.0,6.0,6.0,6.0,-0.41970520698355784,46.570444580379046,10.162034286578843,-0.5675771626938013,-0.004176549516304973,-0.00010600006553018737,7.677103371241869
32.53333333333405,-0.14961880583262657,-0.5093412369254077,0.1763664155708831,-0.0023150239503643283,0.01998507076737711,0.04388248726942168,0.1647564659491223,-0.056688795858021127,0.20710888073310957,0.0,0.0,0.0,-0.14830063253208076,-0.5143096185561127,0.1736943341748052,-0.012344858925802362,0.021868512624417132,0.018856644400512927,0.18351292729058466,-0.033258154140202834,0.3264364380680993,0.0,0.0,0.0,0.34802583922758623,0.8974159928810181,1.4643677060855018,0.27963307826889355,0.9229983267378183,1.4168719472901483,-0.07292301116761038,-0.02646927201241892,-0.013620798182316887,1.5209072939876567,2.5075263723057883,1.408911775939059,-0.4565800914010274,-1.3889618409767697,0.7680750498048597,0.1007560748157126,-0.13266877137567104,0.2695319778849372,-0.5853798425121408,0.6833918618219794,0.3286768925001252,-0.20812488342065724,0.6551578218158515,-0.4561074660447271,0.1458753309905525,-3.4974895556693726,-0.5981292992155476,1.575065838549261,2.392126637804941,1.5180860496706106,-1.1614162295949166,-0.9236391599815941,1.0392371573601007,0.0,0.0,0.0,0.0,0.0,0.0,0.0,0.0,0.0,0.0,0.0,0.0,9.0,9.0,9.0,9.0,9.0,9.0,6.0,6.0,6.0,6.0,6.0,6.0,-0.3601610393357171,46.2635840967889,10.045905876459976,-0.5562072998925174,-0.003162055020175636,-0.0001041338010636661,7.86754021871922
32.56666666666738,-0.1494443876591082,-0.5087775376937399,0.1781203469470187,0.002686249101306798,0.017014783293826583,0.04938598440210588,0.13790265082397404,-0.06853370356122171,0.15840036071358282,0.0,0.0,0.0,-0.14857352829067863,-0.5136211107180694,0.17455928938240767,-0.008821338785847213,0.021016863566126365,0.025267182301848806,0.17108899191971094,-0.051770204097534744,0.28762149799901326,0.0,0.0,0.0,0.3617820062306304,0.9041090627145548,1.48544374814148,0.29872839501323245,0.9387415586621949,1.4534337762082588,-0.06750442918932828,-0.016910232994198145,0.0013112235080341775,1.5239367140314308,2.5041002548020344,1.4170266748752753,-0.4757249304146631,-1.3714476541336817,0.7780103375611394,0.09417375914738357,-0.11274527386696934,0.2521419713526393,-0.578023394443428,0.5780810241357504,0.30826471929230037,-0.19746947004987056,0.597704925261051,-0.5217001959689359,0.220693442061386,-3.1593251305868737,-0.6123651962347454,1.575065838549261,2.392126637804941,1.5180860496706106,-1.1614162295949166,-0.9236391599815941,1.0392371573601007,0.0,0.0,0.0,0.0,0.0,0.0,0.0,0.0,0.0,0.0,0.0,0.0,9.0,9.0,9.0,9.0,9.0,9.0,6.0,6.0,6.0,6.0,6.0,6.0,-0.3302924088015644,45.94104863276316,9.938061898475722,-0.5381860456814872,-0.0016512959783765435,-9.952230119736338e-05,7.921721726175253
32.60000000000071,-0.14913012778929127,-0.5083504097671941,0.1800259074078997,0.007154628436196041,0.013466619251121978,0.05418197373238048,0.11942389082561093,-0.08679053258183117,0.14053127427889622,0.0,0.0,0.0,-0.14873436113389846,-0.5129810267887377,0.17562536702556242,-0.005400860759769234,0.019632812808319678,0.031405814674249716,0.16408316293763603,-0.0762611370399,0.271617911466687,0.0,0.0,0.0,0.37536810705943335,0.9086286057909058,1.5042714655970082,0.31732836574611145,0.9525398567700379,1.4871796662099819,-0.06269809597392252,-0.007478207051444464,0.015959541156572818,1.526790749216521,2.5012029263026156,1.4245614568081424,-0.4949895582495992,-1.356862937241731,0.7872842789826815,0.08847195675093353,-0.09552832794403461,0.23474296244155318,-0.5779670215131987,0.4843880125509348,0.28823373486160947,-0.17105407189350139,0.5165083776880418,-0.5219702673325847,0.001691187906880793,-2.810790347544468,-0.6009295329207267,1.575065838549261,2.392126637804941,1.5180860496706106,-1.1614162295949166,-0.9236391599815941,1.0392371573601007,0.0,0.0,0.0,0.0,0.0,0.0,0.0,0.0,0.0,0.0,0.0,0.0,9.0,9.0,9.0,9.0,9.0,9.0,6.0,6.0,6.0,6.0,6.0,6.0,-0.27273273434872347,45.62564013215549,9.840856533671223,-0.5237191743955139,-0.0003298420371051769,-0.00010017096018316574,9.131719138708846
32.63333333333404,-0.14870983646550262,-0.5080581706437257,0.18204053702051423,0.010768758593978106,0.009695585671871058,0.05790906937372542,0.09247445273410798,-0.0932214716915187,0.11100305073022333,0.0,0.0,0.0,-0.14879444847908993,-0.512399782672445,0.17687317460962682,-0.0022893436882964894,0.01790112717727063,0.03700121309767216,0.14740466422052956,-0.09168607384675376,0.2429556101970034,0.0,0.0,0.0,0.3889636320773246,0.9110575123431089,1.521354918351962,0.3355707520450273,0.9642459871288797,1.5183532371338604,-0.058511824506249796,0.0015915572972914974,0.03005004804128013,1.529477313040206,2.498703710819728,1.4315790910975374,-0.5145196432925525,-1.3447395791952277,0.7959200137645335,0.08322192872401167,-0.0818270856390993,0.21860033993508468,-0.5832573746967982,0.4039298317803743,0.26879260725757587,-0.15750084080765572,0.41103726914805944,-0.4842786751940549,-0.15871059550798614,-2.4137454231168154,-0.583233828121008,1.575065838549261,2.392126637804941,1.5180860496706106,-1.1614162295949166,-0.9236391599815941,1.0392371573601007,0.0,0.0,0.0,0.0,0.0,0.0,0.0,0.0,0.0,0.0,0.0,0.0,9.0,9.0,9.0,9.0,9.0,9.0,6.0,6.0,6.0,6.0,6.0,6.0,-0.25524131212037615,45.28731997498319,9.755217710122487,-0.506254379051457,0.0009922309972175691,-0.00010005468733575995,9.77204047859368
32.666666666667375,-0.14821658460095027,-0.507888957346459,0.18411410912859497,0.013436996991062423,0.006045452240366499,0.06029367471490376,0.06388211576342091,-0.08869022003000133,0.07265706652082682,0.0,0.0,0.0,-0.14876749662226,-0.5118815663141281,0.17827559467635842,0.0004210288231093792,0.01601031028110459,0.04181364734104904,0.12657792517181088,-0.0979804946590459,0.20328350146459329,0.0,0.0,0.0,0.4025717049302208,0.9115609838698233,1.537055654087728,0.3535121635310346,0.9737897570154431,1.5471719642954183,-0.05485296356231431,0.010141798973016352,0.04337587792892254,1.5319950508203681,2.4964938805776384,1.4381369367404089,-0.5342804339361191,-1.3346685480353615,0.8038979035678655,0.0780953985112495,-0.0714723000548282,0.20402369283579191,-0.5896349377702658,0.33606390045744916,0.24915533181916616,-0.1537959063828653,0.3106435675281328,-0.4372994129787826,-0.1913268922040288,-2.035977939687754,-0.5891182631522915,1.575065838549261,2.392126637804941,1.5180860496706106,-1.1614162295949166,-0.9236391599815941,1.0392371573601007,0.0,0.0,0.0,0.0,0.0,0.0,0.0,0.0,0.0,0.0,0.0,0.0,9.0,9.0,9.0,9.0,9.0,9.0,6.0,6.0,6.0,6.0,6.0,6.0,-0.2633053281096538,44.977507760005345,9.686608427344511,-0.48564055794873684,0.0021172757034592093,-0.00010023329291919403,10.488327566974185
32.700000000000706,-0.1476797782125545,-0.5078211214218386,0.18618591555825761,0.015202084898701927,0.002843605804968144,0.061033766179598874,0.037348791791741165,-0.074492144691163,0.02480330483036573,0.0,0.0,0.0,-0.1486675099564631,-0.5114241886003134,0.1797966679846634,0.0027090270097764376,0.014153210468286347,0.04557928134067942,0.10502371537128452,-0.0950494212227877,0.15157730644987266,0.0,0.0,0.0,0.4161337206470601,0.9106015237356229,1.5516800214165685,0.3711638830396108,0.9812698626023297,1.5738422801606062,-0.05153259693606818,0.017965255342631752,0.055715218040461374,1.534362064238501,2.494467132389358,1.4443070949624348,-0.5540793333255051,-1.3261546487745224,0.8113378037795385,0.07337206786640738,-0.06435906378388057,0.1914110620524502,-0.5925229670444746,0.28229928536926463,0.23184978150651492,-0.14169991934526371,0.2133970881284289,-0.37837892350025126,-0.08664087822626436,-1.6129384526455357,-0.5191665093795371,1.575065838549261,2.392126637804941,1.5180860496706106,-1.1614162295949166,-0.9236391599815941,1.0392371573601007,0.0,0.0,0.0,0.0,0.0,0.0,0.0,0.0,0.0,0.0,0.0,0.0,9.0,9.0,9.0,9.0,9.0,9.0,6.0,6.0,6.0,6.0,6.0,6.0,-0.2565227967458821,44.694351958925665,9.634756689086325,-0.46177652299033767,0.00318674854762957,-8.680159465618287e-05,10.20094806798912
32.73333333333404,-0.1471244278519978,-0.5078447531187639,0.1882259666626066,0.016166380709203787,-3.400650156712773e-05,0.06063037133265011,0.014144585381422558,-0.0642683788513238,-0.008408819343475643,0.0,0.0,0.0,-0.1485079831075546,-0.5110280648602232,0.1814092203458837,0.004584838773024814,0.012291104976619886,0.04848639240293486,0.08423994322519812,-0.09402266614127797,0.10948306151995046,0.0,0.0,0.0,0.4297310239016525,0.9084501492509119,1.5655991716426536,0.38857452732089687,0.9867734473492439,1.5986093325619914,-0.0485239523002787,0.024917072746982398,0.06690188661957897,1.536596921132373,2.4925225248117804,1.450178677484978,-0.5739651696371678,-1.318758603030688,0.818360814287432,0.06915449383290759,-0.06034517281284123,0.1812353378016819,-0.5952243819147474,0.24202067666644395,0.2177434706600418,-0.12652722100499364,0.12041672913118005,-0.30527172752304915,-0.08104244610818191,-1.2083582610846206,-0.423189325394194,1.575065838549261,2.392126637804941,1.5180860496706106,-1.1614162295949166,-0.9236391599815941,1.0392371573601007,0.0,0.0,0.0,0.0,0.0,0.0,0.0,0.0,0.0,0.0,0.0,0.0,9.0,9.0,9.0,9.0,9.0,9.0,6.0,6.0,6.0,6.0,6.0,6.0,-0.24343947397351062,44.44010036739661,9.59296530185315,-0.43900694031703974,0.004113720946173238,-7.295015235658786e-05,10.041528496800728
32.76666666666737,-0.14656524460593068,-0.5079448437076928,0.19019801299759986,0.016569212092988856,-0.002503446964688497,0.059133487808610066,-0.0017274808066330746,-0.05202734763466396,-0.040247024032767496,0.0,0.0,0.0,-0.14829914978059625,-0.5106913692547108,0.1830833837025921,0.006134419517109549,0.010476152524694669,0.05049360358291168,0.06781701953667518,-0.09055180204938829,0.065945335242382,0.0,0.0,0.0,0.44324948829183075,0.9054687666578506,1.5787985696753033,0.4057193791335068,0.9904624504567705,1.6215689228119732,-0.04562171117797004,0.030956805085616483,0.0769268686961832,1.538698745933911,2.490643125950251,1.4557473770915175,-0.5936615156062578,-1.3122919885474391,0.8250596578392435,0.06508799397506704,-0.05770303483487461,0.17178577139801493,-0.5923350466867169,0.21000584855378934,0.20655802792290975,-0.12199499573521638,0.07926413933899863,-0.2834869921100093,0.08668005684091386,-0.9604448433796382,-0.33556328211396136,1.575065838549261,2.392126637804941,1.5180860496706106,-1.1614162295949166,-0.9236391599815941,1.0392371573601007,0.0,0.0,0.0,0.0,0.0,0.0,0.0,0.0,0.0,0.0,0.0,0.0,9.0,9.0,9.0,9.0,9.0,9.0,6.0,6.0,6.0,6.0,6.0,6.0,-0.24270594889379837,44.28240114327718,9.56451595408555,-0.41509486649126526,0.004532648492965086,-5.516591935486592e-05,10.533221972838891
32.8000000000007,-0.14601408288660994,-0.5081020662270677,0.19207255855092742,0.016546865550211107,-0.004444046181330554,0.056695331835481644,-0.013348638511653164,-0.036843888426226476,-0.06778345256005547,0.0,0.0,0.0,-0.14805005788374956,-0.5104093221442318,0.18479072690405446,0.0074013033636157344,0.008792408722332582,0.05163221707508344,0.05367904035266369,-0.0831473121221844,0.024429032095232728,0.0,0.0,0.0,0.4565394335435424,0.9019217978124544,1.5912590796856112,0.42253698303717485,0.9924996599009734,1.6427827786189646,-0.042686961440666256,0.0361143816602077,0.08578537539673149,1.5406644995307326,2.4888120682932864,1.4610221620123875,-0.6129247988190148,-1.3066153138112517,0.8314516580863835,0.061011069928117605,-0.05585549808424985,0.16275762221673887,-0.5827106798173813,0.18353544424167534,0.19669268091710446,-0.12230772140848291,0.055426102518742755,-0.2708444754382818,0.2887310060800653,-0.7941121293634197,-0.29596041017415897,1.575065838549261,2.392126637804941,1.5180860496706106,-1.1614162295949166,-0.9236391599815941,1.0392371573601007,0.0,0.0,0.0,0.0,0.0,0.0,0.0,0.0,0.0,0.0,0.0,0.0,9.0,9.0,9.0,9.0,9.0,9.0,6.0,6.0,6.0,6.0,6.0,6.0,-0.24955272772093218,44.1652149669597,9.546729008877788,-0.3908279259173555,0.00466343284920212,-4.219546812717079e-05,10.293950585468513
32.83333333333403,-0.14547608770900763,-0.5083052265304333,0.19383201050531157,0.01627851889830048,-0.005999250940568619,0.05358304216628978,-0.020039821761665348,-0.026295878759694635,-0.08752826019039602,0.0,0.0,0.0,-0.147767008070668,-0.5101787818072109,0.18650761091657317,0.0084630685857318,0.00720995264191305,0.05203103083715031,0.043414499231066994,-0.07727811547095165,-0.010461367065539129,0.0,0.0,0.0,0.4702142005139156,0.8980501772072941,1.6030344401173646,0.4392819966789134,0.9930448749538785,1.6623427923674026,-0.039824127220374705,0.040126222659939904,0.09355868199024912,1.542499066880352,2.486876226811942,1.4661546217866774,-0.6320969629014378,-1.3016267473137733,0.8380834379435302,0.05702837030175902,-0.0573353289882967,0.15690173622471165,-0.5776801749209203,0.1609498113634642,0.1981998241153033,-0.11948098879075748,-0.04439492712140561,-0.1756765797608167,0.15091514689383234,-0.6775689863463342,0.04521429594596513,1.575065838549261,2.392126637804941,1.5180860496706106,-1.1614162295949166,-0.9236391599815941,1.0392371573601007,0.0,0.0,0.0,0.0,0.0,0.0,0.0,0.0,0.0,0.0,0.0,0.0,9.0,9.0,9.0,9.0,9.0,9.0,6.0,6.0,6.0,6.0,6.0,6.0,-0.26661281461485653,43.92135547610293,9.51867921244938,-0.3693080845840066,0.004608892063179715,-8.852647009616188e-07,8.78804600545181
32.86666666666736,-0.14495131789745203,-0.5085470847664961,0.19546239656746925,0.01592549214464434,-0.0073058041510764594,0.04994522100902136,-0.02260214537335578,-0.01977485152073614,-0.10274893899147083,0.0,0.0,0.0,-0.14745411738436187,-0.5099977263274257,0.18821271580242244,0.009387750486788847,0.005695345282524479,0.05176934467587066,0.03651958044483372,-0.07309111221993092,-0.041170021362373355,0.0,0.0,0.0,0.48516530679208375,0.8940616938808794,1.6141428324797082,0.4564154268273695,0.9922548123838337,1.6803373634928482,-0.037157051802143716,0.0426850075131823,0.10037673229084902,1.544204017981782,2.484639797954648,1.4713427967733637,-0.6517258032249627,-1.2973121526626097,0.8456917675119614,0.0531084787958557,-0.06384035347530807,0.15606407847529394,-0.5851368647774711,0.139941830144427,0.21823319940705638,-0.11759674517709973,-0.19515073461034116,-0.025129732482531426,-0.2237006956965223,-0.6302394365711165,0.6010012587525924,1.575065838549261,2.392126637804941,1.5180860496706106,-1.1614162295949166,-0.9236391599815941,1.0392371573601007,0.0,0.0,0.0,0.0,0.0,0.0,0.0,0.0,0.0,0.0,0.0,0.0,9.0,9.0,9.0,9.0,9.0,9.0,6.0,6.0,6.0,6.0,6.0,6.0,-0.2975299077437199,43.58863585535536,9.484695555828866,-0.3494411055744028,0.004323151579221696,6.014916499791356e-05,7.852062263500657
32.900000000000695,-0.1444406047022874,-0.5088224688446986,0.19695681403964402,0.015525797861349486,-0.008455539956749298,0.045964374986700446,-0.024841419711649864,-0.015735710925918345,-0.1122195637928119,0.0,0.0,0.0,-0.14711566007210275,-0.5098646441539487,0.18988840984265543,0.01018143796363677,0.0042303905549209405,0.05095446525058295,0.030003874255478902,-0.06983914102138655,-0.06642221024572414,0.0,0.0,0.0,0.5025754118507155,0.8902115198003768,1.6243855554098872,0.47461722577641535,0.9903133491334372,1.696765904733313,-0.03475577527362563,0.04341441385732311,0.1064752945430254,1.5457508543058989,2.4819069129070677,1.476788633957517,-0.6724649615288201,-1.2938436360013505,0.8552678687590693,0.04863955274761916,-0.07593781877671137,0.16093810317483273,-0.6098287876696393,0.11601760993999058,0.26426642474451045,-0.1340677814470963,-0.3629239590420988,0.14622074098616386,-0.7407576867650494,-0.7177266061330925,1.3809967601236215,1.575065838549261,2.392126637804941,1.5180860496706106,-1.1614162295949166,-0.9236391599815941,1.0392371573601007,0.0,0.0,0.0,0.0,0.0,0.0,0.0,0.0,0.0,0.0,0.0,0.0,9.0,9.0,9.0,9.0,9.0,9.0,6.0,6.0,6.0,6.0,6.0,6.0,-0.37247337919152446,43.21880363253705,9.451572409689488,-0.3301266606104244,0.003663786019018511,0.00014560438323057978,7.456059050494251
32.933333333334026,-0.1439490172026017,-0.5091185724945088,0.19831398840483558,0.015009259891235433,-0.009283800630139779,0.041852268308178,-0.0288192079383058,-0.0067980254415283175,-0.11513437918029688,0.0,0.0,0.0,-0.14675803203728277,-0.5097750341101454,0.19152006308663364,0.010790242268326694,0.0028896300107952074,0.04968007289305292,0.02100705744454956,-0.06309681797618794,-0.08693827948715072,0.0,0.0,0.0,0.5217227250150696,0.8866663906484946,1.6338916670800339,0.49381716192575925,0.9874229407806527,1.7117149194387695,-0.03232037842546036,0.04278838464804466,0.11163177824649403,1.547161789318327,2.478793716732604,1.4824158887695649,-0.6938326368743275,-1.291010201617962,0.8663612103084367,0.04443188449776717,-0.08757652974818522,0.16619113063257127,-0.6306297694666949,0.09534122431443244,0.3099556392355182,-0.1262300474955596,-0.3491613291442156,0.1575908237321562,-0.6240294539116674,-0.6202915687667443,1.370676434730233,1.575065838549261,2.392126637804941,1.5180860496706106,-1.1614162295949166,-0.9236391599815941,1.0392371573601007,0.0,0.0,0.0,0.0,0.0,0.0,0.0,0.0,0.0,0.0,0.0,0.0,9.0,9.0,9.0,9.0,9.0,9.0,6.0,6.0,6.0,6.0,6.0,6.0,-0.35567424735788866,43.181888177632885,9.465466428987344,-0.3048645895745809,0.0033817327220013738,0.00014944075790512823,6.352657854648732
32.96666666666736,-0.1434720909596686,-0.5094316525004574,0.19953090169472318,0.014542851768170953,-0.00995009212666993,0.03760858424699535,-0.028094277953427796,-0.0030508684967602423,-0.11819367136489516,0.0,0.0,0.0,-0.14638346719589082,-0.5097265454837513,0.19309424933560376,0.011313804706966359,0.0016284902509585703,0.04799131448789738,0.016862574449910905,-0.05857249432403577,-0.1050895925305615,0.0,0.0,0.0,0.5435313979451847,0.8838675283779275,1.6428550396565813,0.5145008798957224,0.9838778127260366,1.725338347104135,-0.029965175196286234,0.040423791921727126,0.11581562319634801,1.5484737255966536,2.475111377607393,1.4884607538074126,-0.716435667494953,-1.2886288668220467,0.879852416101813,0.041049353732458854,-0.10283895908695115,0.17629434430114768,-0.6622705355680749,0.07940710402311948,0.37314266227936455,-0.10147592295924965,-0.4578728801629777,0.30309641005729265,-0.9492229830413985,-0.47802360873938887,1.8956106913153903,1.575065838549261,2.392126637804941,1.5180860496706106,-1.1614162295949166,-0.9236391599815941,1.0392371573601007,0.0,0.0,0.0,0.0,0.0,0.0,0.0,0.0,0.0,0.0,0.0,0.0,9.0,9.0,9.0,9.0,9.0,9.0,6.0,6.0,6.0,6.0,6.0,6.0,-0.33143811087635955,42.928031139078215,9.465546860568,-0.2809176641863983,0.0031265712264660905,0.00020820706047811055,4.193406423609615
33.00000000000069,-0.14300777611143126,-0.5097531515067989,0.2006076173241186,0.014133588804172446,-0.010394469623512089,0.03330999916594738,-0.027076312643574362,0.0024218827791002116,-0.11874651950258568,0.0,0.0,0.0,-0.14599446730358598,-0.5097152873291622,0.19459929729729575,0.011760024989223189,0.0004801260204720535,0.0459403588263501,0.013145037478522248,-0.052539194267648526,-0.12057450527283953,0.0,0.0,0.0,0.5683338820049908,0.8820862802743678,1.6510877461745688,0.5370171483135782,0.9799511534196489,1.7376398316138169,-0.027568259910794347,0.03635251044375279,0.11912556461749998,1.5496717319122224,2.470841485474563,1.4949699902204336,-0.7403539377397084,-1.286820701380018,0.8961321294009454,0.037643244222198086,-0.11967749568557995,0.188949509694135,-0.6991222500844647,0.06263234351495171,0.4499751534091043,-0.10218328530782297,-0.5051560979588641,0.3796549617896188,-1.1055514354916929,-0.5032428152450331,2.304974733892194,1.575065838549261,2.392126637804941,1.5180860496706106,-1.1614162295949166,-0.9236391599815941,1.0392371573601007,0.0,0.0,0.0,0.0,0.0,0.0,0.0,0.0,0.0,0.0,0.0,0.0,9.0,9.0,9.0,9.0,9.0,9.0,6.0,6.0,6.0,6.0,6.0,6.0,-0.34788743589823823,42.76224279778068,9.476666157822013,-0.25459176239279674,0.0024037135489844985,0.00025773631468764546,4.210532022951712
33.03333333333402,-0.14255846902334313,-0.5100730697375414,0.20155158671722317,0.013695763971203404,-0.010546959551508903,0.029150534259755945,-0.027829100271945233,0.009933885800676555,-0.11361209913277437,0.0,0.0,0.0,-0.1455950058667124,-0.5097363192441989,0.19602749892360688,0.012092060031425388,-0.0005234627643139802,0.04363747784061052,0.007719276943590092,-0.04506841089718172,-0.13066362736753323,0.0,0.0,0.0,0.5952562371339406,0.8810397526599781,1.6588637940536581,0.5611563462088515,0.9757102799508004,1.7487777431506761,-0.02507307303145894,0.03125168047059737,0.12140237497515652,1.5507726506232355,2.4660888793743667,1.50188315829935,-0.7652396328411152,-1.2854446123697099,0.9143872753125785,0.034566122294328754,-0.13494462056578238,0.20124653147636873,-0.7307546520562912,0.04839922804447529,0.5150946360356945,-0.09231365783608003,-0.4580137464060731,0.3689106534670121,-0.9489720591547934,-0.42699346411429273,1.9535844787977048,1.575065838549261,2.392126637804941,1.5180860496706106,-1.1614162295949166,-0.9236391599815941,1.0392371573601007,0.0,0.0,0.0,0.0,0.0,0.0,0.0,0.0,0.0,0.0,0.0,0.0,9.0,9.0,9.0,9.0,9.0,9.0,6.0,6.0,6.0,6.0,6.0,6.0,-0.3205680213490829,42.75924158038752,9.510819791502486,-0.22436485817264118,0.0018769930008719626,0.00021865816964433682,3.847795787286545
33.06666666666735,-0.14211761793864724,-0.5103891241039689,0.20236572488130908,0.0133795011320787,-0.010560018198787024,0.02507957919495004,-0.02376784463302144,0.012547617268637692,-0.11023719864755041,0.0,0.0,0.0,-0.1451848576215923,-0.5097868052284114,0.19737126182262335,0.012413005954853564,-0.0014319770174249346,0.041102079497937496,0.007263613615995368,-0.04006318997830505,-0.13974780550259425,0.0,0.0,0.0,0.6247006561065679,0.8809064244146869,1.6662754565689522,0.5871314859211326,0.9713342851378273,1.7588760535384578,-0.02255654383745176,0.02501154834001046,0.12266067760883906,1.5517940151680443,2.4607804872492474,1.5093143862224532,-0.7913874860079377,-1.2844702614248,0.9349901849121801,0.03194933166094951,-0.1511493826909786,0.2157067356208526,-0.7665419473552162,0.03562009491302086,0.5837564040039324,-0.07850371900137741,-0.48614286375588633,0.4338061243345159,-1.073618858967751,-0.3833739939436329,2.0598530390471352,1.575065838549261,2.392126637804941,1.5180860496706106,-1.1614162295949166,-0.9236391599815941,1.0392371573601007,0.0,0.0,0.0,0.0,0.0,0.0,0.0,0.0,0.0,0.0,0.0,0.0,9.0,9.0,9.0,9.0,9.0,9.0,6.0,6.0,6.0,6.0,6.0,6.0,-0.30212169590759763,42.61018726123152,9.53316359711057,-0.19463817061558397,0.0011998115679063837,0.00022970855804879675,2.4369929597496887
33.10000000000068,-0.14168159152407706,-0.5106930103613108,0.2030606772294335,0.013176552815769578,-0.010345068172537568,0.021257645361927403,-0.019571130035693184,0.017838558581651454,-0.10197779240142552,0.0,0.0,0.0,-0.14476390031000672,-0.5098619670089487,0.1986266980910994,0.012735509075063762,-0.0022026317257217423,0.03843283730531871,0.00741367430664841,-0.033091300206018914,-0.14406882514547314,0.0,0.0,0.0,0.6563577120143899,0.8817777091650744,1.6732610050737984,0.6149175370858546,0.9670018635441062,1.767984115331078,-0.0198953178356756,0.01791497197860633,0.122921061227484,1.5527380653119847,2.45500912144871,1.5172059808188438,-0.8185511273798353,-1.2839281810895324,0.9577628923010357,0.029530780099120836,-0.16581044357440022,0.22973413713476332,-0.798786809889689,0.022714971676360232,0.6500396157784228,-0.07255654685486011,-0.4398318265026485,0.4208220454173212,-0.9673458760341846,-0.3871536970998188,1.9884963532347142,1.575065838549261,2.392126637804941,1.5180860496706106,-1.1614162295949166,-0.9236391599815941,1.0392371573601007,0.0,0.0,0.0,0.0,0.0,0.0,0.0,0.0,0.0,0.0,0.0,0.0,9.0,9.0,9.0,9.0,9.0,9.0,6.0,6.0,6.0,6.0,6.0,6.0,-0.28283050289501754,42.57765109864988,9.568941000643491,-0.16189884063658144,0.000352686229121435,0.0002259240941414123,2.201522062056625
33.133333333334015,-0.14125352770447597,-0.5109763783343564,0.2036486083252382,0.012948982966220737,-0.009867205979391181,0.01777450819188717,-0.01919689517217727,0.024136089774068174,-0.09127265604414919,0.0,0.0,0.0,-0.14433440470956893,-0.5099561975413865,0.19979235303741424,0.012999590139167943,-0.002807704848856519,0.03570730019831723,0.004706332359597276,-0.024891474051045748,-0.14468986790013982,0.0,0.0,0.0,0.6897432562025652,0.883713807510281,1.6799504447919062,0.6443541465457643,0.9628812778240705,1.7762129801561253,-0.01703039776752783,0.010289967644140644,0.1221121868609187,1.5536198764373192,2.4488684931518945,1.5255048412916756,-0.8464655975709278,-1.2836798958281608,0.9823787832994144,0.027479815873063477,-0.17808271379445173,0.2425552551682242,-0.8245516737850813,0.01253736245288897,0.7089976918937146,-0.06152892678172082,-0.36816810660154503,0.38463354100382685,-0.7729459168617715,-0.30532827670413787,1.7687422834587558,1.575065838549261,2.392126637804941,1.5180860496706106,-1.1614162295949166,-0.9236391599815941,1.0392371573601007,0.0,0.0,0.0,0.0,0.0,0.0,0.0,0.0,0.0,0.0,0.0,0.0,9.0,9.0,9.0,9.0,9.0,9.0,6.0,6.0,6.0,6.0,6.0,6.0,-0.24703501315861454,42.58113048745448,9.611733093199812,-0.12699343062284016,-0.0003020026825841793,0.0002061310152401078,1.5751353777306338
33.166666666667346,-0.1408423896702361,-0.5112331869229763,0.20414388710077136,0.012534243818506244,-0.009156015239043778,0.01471722017919908,-0.023408101320131464,0.029615036834786522,-0.07836908077647517,0.0,0.0,0.0,-0.14390154009850184,-0.5100642577828657,0.2008690990783055,0.013121441555099105,-0.003252652078286288,0.03299711295980032,-0.001958245760240729,-0.01705520054696308,-0.14193605018516564,0.0,0.0,0.0,0.724044921689361,0.8864810699680825,1.686444822289479,0.6750741825106924,0.9590178225953389,1.7836705625170617,-0.013940817649454984,0.0026493356063747205,0.1202655297595642,1.5544337163870972,2.4425047026100035,1.5340802996804952,-0.8747076411510233,-1.2836490163646166,1.0081179371062348,0.025436737619913035,-0.186636715435965,0.2523609194991333,-0.839691429530271,0.004796710088515285,0.7511156401009755,-0.061292347594513276,-0.25662004924539783,0.294169929927273,-0.4541926723556889,-0.2322195709312105,1.263538446217828,1.575065838549261,2.392126637804941,1.5180860496706106,-1.1614162295949166,-0.9236391599815941,1.0392371573601007,0.0,0.0,0.0,0.0,0.0,0.0,0.0,0.0,0.0,0.0,0.0,0.0,9.0,9.0,9.0,9.0,9.0,9.0,6.0,6.0,6.0,6.0,6.0,6.0,-0.2227027816001499,42.63558925421317,9.653988926299307,-0.0908098913223284,-0.000964464679114263,0.00015267926599714723,1.4687775186312089
33.20000000000068,-0.14045544449199313,-0.5114558437624023,0.20455651354495694,0.011911783651862221,-0.008203125713038703,0.012013557837325469,-0.028221879207126297,0.035313919331189686,-0.06817665313454113,0.0,0.0,0.0,-0.14347056940988379,-0.5101796411784657,0.20185769588241306,0.013086243875309902,-0.003505576696837052,0.03030995609566823,-0.009250890864763495,-0.00779865884785913,-0.13889048893129052,0.0,0.0,0.0,0.7592296463437731,0.8903342358435599,1.692721426133087,0.7069862015482733,0.9556091423501891,1.790413078540257,-0.010609689161012549,-0.005032775513350929,0.11742224335151319,1.5551763427193575,2.435961289479639,1.5429139620803682,-0.9031824979886133,-1.2837642622248413,1.0351000367553869,0.0233314391851757,-0.19308050108593963,0.26079355449716946,-0.849394279928557,-0.000706013841656839,0.7900138730166993,-0.06315895304212003,-0.19331356949923933,0.25297904994108406,-0.291085511948579,-0.16508171790516374,1.1669469874717158,1.575065838549261,2.392126637804941,1.5180860496706106,-1.1614162295949166,-0.9236391599815941,1.0392371573601007,0.0,0.0,0.0,0.0,0.0,0.0,0.0,0.0,0.0,0.0,0.0,0.0,9.0,9.0,9.0,9.0,9.0,9.0,6.0,6.0,6.0,6.0,6.0,6.0,-0.21375264580498654,42.595941097890964,9.688801542037735,-0.054945332262984856,-0.0016514797558770944,0.00014721872598724012,1.1317745495103684
33.23333333333401,-0.1401049361963919,-0.5116370848061206,0.2048952038844082,0.010975111447850336,-0.0070215454511184895,0.009597694042320902,-0.03623696472859503,0.04067564873755353,-0.06058176247436314,0.0,0.0,0.0,-0.1430493360539766,-0.5102953410512865,0.20275929471469342,0.012825144480596008,-0.003548880274129919,0.027657048542777056,-0.019736840444338544,0.0021828724301471425,-0.13538678288395456,0.0,0.0,0.0,0.7952453579963373,0.8953244378476597,1.6990022724703722,0.7400258182410617,0.9527944468089551,1.7965922058543207,-0.00715064692729471,-0.012676156126854743,0.11355975869347164,1.5558512891400247,2.4292238595744573,1.552061252089556,-0.931993257560859,-1.2838474204822365,1.0633175936821677,0.021276074808404374,-0.1991087651322848,0.2698769850161433,-0.8593466180877658,-0.0018985030951261333,0.8276890962078493,-0.06166093130313976,-0.18084792139035463,0.2725029155692166,-0.2985701447762659,-0.035774677604078826,1.1302566957344986,1.575065838549261,2.392126637804941,1.5180860496706106,-1.1614162295949166,-0.9236391599815941,1.0392371573601007,0.0,0.0,0.0,0.0,0.0,0.0,0.0,0.0,0.0,0.0,0.0,0.0,9.0,9.0,9.0,9.0,9.0,9.0,6.0,6.0,6.0,6.0,6.0,6.0,-0.2108056797285136,42.4637212258313,9.719815468422944,-0.01946646581734139,-0.0021705524345458915,0.00014344840829252914,0.846238034087243
33.26666666666734,-0.13979637422424535,-0.5117776303088752,0.20517074286181453,0.009823656438621662,-0.005772278188875569,0.007498031061049543,-0.04124509497348539,0.04143589382922437,-0.05243232025530924,0.0,0.0,0.0,-0.142643752549028,-0.510407481108746,0.20357625703933888,0.01237789866237262,-0.0034609317850461748,0.025071291505576923,-0.028211778981142466,0.008316499013623968,-0.1303971037773115,0.0,0.0,0.0,0.8316448144459506,0.9011754519065932,1.7054561045668473,0.7739570792304955,0.950572069971726,1.8023583801885597,-0.003654776621633507,-0.01994719865343178,0.1087719046021103,1.556459188369132,2.4223508340739826,1.5614736115367611,-0.9610290754411909,-1.2838259828679242,1.0923029676912426,0.01925000951828347,-0.20383009838692517,0.2782061839494829,-0.8671652303025591,-0.0002040820787946396,0.855603845584114,-0.060781958703627084,-0.14163999763921142,0.249875968000187,-0.23455836644379854,0.05083263048994481,0.837442481287941,1.575065838549261,2.392126637804941,1.5180860496706106,-1.1614162295949166,-0.9236391599815941,1.0392371573601007,0.0,0.0,0.0,0.0,0.0,0.0,0.0,0.0,0.0,0.0,0.0,0.0,9.0,9.0,9.0,9.0,9.0,9.0,6.0,6.0,6.0,6.0,6.0,6.0,-0.20036587104978154,42.362070983318105,9.743887077629964,0.015866662847308526,-0.0028050351546697883,0.00010751391652923104,0.674047747949712
33.30000000000067,-0.13954635584060923,-0.5118675688713026,0.20538381387324683,0.008268434930077192,-0.00431300873627387,0.0054832175312290315,-0.05186398638660418,0.046489879605644546,-0.052053836324155486,0.0,0.0,0.0,-0.14226432082764318,-0.5105079318764152,0.20430814325152,0.011631835334137421,-0.0031434711793933015,0.02248511331308683,-0.04195514851453286,0.0190551520203055,-0.1287184446740377,0.0,0.0,0.0,0.8690171668595564,0.9081212417155623,1.7123208611124903,0.8089635928904205,0.9490883321198419,1.8078989548421804,-0.0003086885850698065,-0.027142870612301882,0.10302900465943783,1.5569907083411954,2.4152014991253545,1.571357810060193,-0.9908276876107315,-1.2835497618239884,1.122624431793509,0.017047069280694275,-0.2109300651015359,0.2904193651184667,-0.8850273201583317,0.005456393519117429,0.8916305639067011,-0.06608820712767585,-0.21299900143832187,0.36639543506951605,-0.5358626956731782,0.16981426793736207,1.0808015496776149,1.575065838549261,2.392126637804941,1.5180860496706106,-1.1614162295949166,-0.9236391599815941,1.0392371573601007,0.0,0.0,0.0,0.0,0.0,0.0,0.0,0.0,0.0,0.0,0.0,0.0,9.0,9.0,9.0,9.0,9.0,9.0,6.0,6.0,6.0,6.0,6.0,6.0,-0.2333697743746772,42.06848464159595,9.766617240953057,0.050401815778594344,-0.0033376134599534257,0.00012943814712040869,1.2218517649186087
33.333333333334004,-0.13936092100063704,-0.511896562092462,0.2055348221006271,0.006457776119490846,-0.0025822593955100986,0.0034763442715546834,-0.05779591779849817,0.05357783275205729,-0.05442281978417179,0.0,0.0,0.0,-0.14191837597063392,-0.5105875866257122,0.20495342900942362,0.010652170769197708,-0.0025567208806609562,0.019860412426140492,-0.052441549430808365,0.031562679457790566,-0.1289071985290149,0.0,0.0,0.0,0.9075841861197244,0.9160493382843822,1.719691073011532,0.8451600008267546,0.9483824950199116,1.8133551608171128,0.0027562679562351255,-0.034233508978553547,0.09645211284389624,1.5574258778443373,2.4077050713393353,1.5818295012704207,-1.0216974855206928,-1.283071471575861,1.1543916446364426,0.014385746489736558,-0.22023857742089803,0.30624027924404207,-0.9124050649186698,0.011384602802252364,0.932554444827573,-0.07983968372873151,-0.2792553695808646,0.47462742376726,-0.8213323428101418,0.17784627849404805,1.2277164276261552,1.575065838549261,2.392126637804941,1.5180860496706106,-1.1614162295949166,-0.9236391599815941,1.0392371573601007,0.0,0.0,0.0,0.0,0.0,0.0,0.0,0.0,0.0,0.0,0.0,0.0,9.0,9.0,9.0,9.0,9.0,9.0,6.0,6.0,6.0,6.0,6.0,6.0,-0.2822460811335217,41.76848923412928,9.788409436122686,0.08575752352886201,-0.004193750984180733,0.00013846616503490616,1.1281950895092443
33.366666666667335,-0.1392376219421092,-0.5118599370080286,0.20562667639142637,0.004611145091958681,-0.0006691052544388304,0.0015026252392899419,-0.0568882573933017,0.05815727331871659,-0.05630860812647046,0.0,0.0,0.0,-0.14160907328367006,-0.5106391840295955,0.20551137934152153,0.009556689913532129,-0.0017425564072915448,0.017211917742114533,-0.05721135062343885,0.04193515305668427,-0.12842616355990222,0.0,0.0,0.0,0.94756416556713,0.9249536895392438,1.7276296496562673,0.8826698409280455,0.9485133840930462,1.8188470244914738,0.005466430416183419,-0.04122588908501517,0.08912624451233422,1.5577598885607726,2.3998194980746628,1.592973271326185,-1.0538911234909936,-1.282453454463977,1.1877719265497537,0.011475463158618865,-0.23112432443374928,0.32495549419663444,-0.948007781045569,0.01615520983843384,0.9784571198754114,-0.08730849993353082,-0.32657241038553725,0.5614564485777711,-1.0680814838069779,0.1431182110854443,1.3770802514351521,1.575065838549261,2.392126637804941,1.5180860496706106,-1.1614162295949166,-0.9236391599815941,1.0392371573601007,0.0,0.0,0.0,0.0,0.0,0.0,0.0,0.0,0.0,0.0,0.0,0.0,9.0,9.0,9.0,9.0,9.0,9.0,6.0,6.0,6.0,6.0,6.0,6.0,-0.312689219847623,41.48755538129776,9.808811815535384,0.12199988071448783,-0.0052228367749276305,0.00014907675090922168,1.2183532873780862
33.40000000000067,-0.13916648299487686,-0.5117684584907289,0.20567584228945068,0.0029526924862944403,0.001108011052007896,-9.615119360432237e-05,-0.04936457515520415,0.05360748084602972,-0.047207680113705776,0.0,0.0,0.0,-0.14133508183676324,-0.5106626297627767,0.2059865432901242,0.008478863693836287,-0.0008925121665650287,0.014678374679700384,-0.05558834676953639,0.04307939573186026,-0.12138141140126102,0.0,0.0,0.0,0.9880165564382318,0.9345356268685377,1.735984916039338,0.9211097056670184,0.9494407564225337,1.8243963171817115,0.008007335356795604,-0.047576005401429436,0.08129992816070926,1.5579979240089177,2.3917747176485533,1.6045117805966371,-1.0867462067243547,-1.2817905905005074,1.2219395081594828,0.008585863349103974,-0.2379370500001022,0.3390886834745893,-0.97310425834908,0.018642349215537708,1.0095040054863857,-0.08668799428544668,-0.2043817669905879,0.423995678338647,-0.7528943191053286,0.07461418131311606,0.9314065683292305,1.575065838549261,2.392126637804941,1.5180860496706106,-1.1614162295949166,-0.9236391599815941,1.0392371573601007,0.0,0.0,0.0,0.0,0.0,0.0,0.0,0.0,0.0,0.0,0.0,0.0,9.0,9.0,9.0,9.0,9.0,9.0,6.0,6.0,6.0,6.0,6.0,6.0,-0.27683863269623576,41.468111211351946,9.819514738389493,0.1608023914932874,-0.006390118046703197,0.00010027631033077133,0.9025719479107353
33.433333333334,-0.13914311076964425,-0.5116139174069625,0.205678303631723,0.0014451414233977084,0.0030049282536360935,-0.0016537202368337525,-0.04277531445448029,0.05666234119053107,-0.04848024432318974,0.0,0.0,0.0,-0.14109606186515586,-0.510651082981151,0.20637809047991823,0.007412868692112219,0.00013935705250629738,0.012141269794519727,-0.05427760016247829,0.05116617353694686,-0.12009169007959075,0.0,0.0,0.0,1.0296198608177558,0.9450828807542995,1.744390600339048,0.9606918807984809,0.9513073807574519,1.8298922684454977,0.010347553156296917,-0.053689687454130046,0.0731431612519666,1.558097835213873,2.383528825192001,1.6164947428260144,-1.1204646037979045,-1.2814115889391884,1.257524664487072,0.00486017854881178,-0.24423019913107408,0.3526888057457437,-0.9987360275873537,0.013794147631559811,1.0482044617139075,-0.11177054400876583,-0.18879447392915572,0.4080036681346315,-0.7689530771482106,-0.14544604751933693,1.1610136868256533,1.575065838549261,2.392126637804941,1.5180860496706106,-1.1614162295949166,-0.9236391599815941,1.0392371573601007,0.0,0.0,0.0,0.0,0.0,0.0,0.0,0.0,0.0,0.0,0.0,0.0,9.0,9.0,9.0,9.0,9.0,9.0,6.0,6.0,6.0,6.0,6.0,6.0,-0.32042462996732035,41.250075775082884,9.823858452906364,0.19884411188122944,-0.007946460716544923,0.00012829776501771528,1.9570215542988054
33.46666666666733,-0.1391612209831493,-0.5113951796595337,0.2056350740871967,0.00011421060821660523,0.004967533973317338,-0.003176441494928834,-0.035243767437739305,0.058124090660189566,-0.049920299222995956,0.0,0.0,0.0,-0.14089042998288148,-0.5105997310390251,0.20668616110121094,0.006389967717558219,0.0013222464277803537,0.009608068959810158,-0.051509959694404195,0.057702471278366474,-0.11849160603484954,0.0,0.0,0.0,1.0723025976079128,0.9563756906225136,1.7528001808264597,1.0014130031928552,0.9540906421740663,1.835322932004782,0.012421513608432947,-0.05942070824288794,0.06479297818388037,1.5580484777477006,2.3751049346486313,1.628898148698391,-1.1550328698636865,-1.281467880479756,1.2943368799289052,0.0006329101928206618,-0.2498878772444221,0.36563105269610946,-1.0242773305114248,0.003472218399167233,1.0856457960746382,-0.12681805067973353,-0.169730343400441,0.3882674085109725,-0.7662390877221316,-0.3096578769717773,1.1232400308219233,1.575065838549261,2.392126637804941,1.5180860496706106,-1.1614162295949166,-0.9236391599815941,1.0392371573601007,0.0,0.0,0.0,0.0,0.0,0.0,0.0,0.0,0.0,0.0,0.0,0.0,9.0,9.0,9.0,9.0,9.0,9.0,6.0,6.0,6.0,6.0,6.0,6.0,-0.34167510754230745,41.02968579559639,9.825542634398415,0.23756617958433385,-0.009377248764103063,0.00012256395326049052,1.2864709023020824
33.50000000000066,-0.13921388068371235,-0.5111257556187451,0.2055615106933498,-0.0010183930240343086,0.0066932335241511294,-0.00432883138893185,-0.02742591866455544,0.05077921484917003,-0.040440776183649836,0.0,0.0,0.0,-0.14071565211764137,-0.5105105852237505,0.20691667490942722,0.0054393484163345485,0.002475161220590524,0.0072292429170679835,-0.04740086201436222,0.05556172520215874,-0.10977912929785649,0.0,0.0,0.0,1.1151731467477217,0.9681849064376227,1.7610612441985114,1.0428784021295823,0.957741236122963,1.8406456886458442,0.014417386458973468,-0.06433981139844151,0.05644644766377332,1.5578602515323754,2.3667263205156406,1.6414278367339372,-1.1897446041645112,-1.2819805988052844,1.3316010713438435,-0.0035535542422321558,-0.2508682417412879,0.37247077827629343,-1.0356604628536363,-0.00909696037751471,1.1071657603236484,-0.12559393305158453,-0.02941093490597353,0.2051917674055194,-0.3414939702663456,-0.3770753633004583,0.6455989274703096,1.575065838549261,2.392126637804941,1.5180860496706106,-1.1614162295949166,-0.9236391599815941,1.0392371573601007,0.0,0.0,0.0,0.0,0.0,0.0,0.0,0.0,0.0,0.0,0.0,0.0,9.0,9.0,9.0,9.0,9.0,9.0,6.0,6.0,6.0,6.0,6.0,6.0,-0.29313820618371667,40.999550525405894,9.815366713020103,0.2780157423694363,-0.010558418234834166,7.413095867864206e-05,1.1218412708843797
33.53333333333399,-0.13929757033979875,-0.5108022054155261,0.20545213469763562,-0.0020133476366361786,0.008406872887484517,-0.005439489450895669,-0.021378468848589703,0.050081365171267676,-0.04087140320591844,0.0,0.0,0.0,-0.14057039317541623,-0.5103800429877771,0.20706980648151468,0.004534317468166235,0.003716358051773692,0.004878555989776004,-0.04462435344841431,0.05908807381528369,-0.10720474188737938,0.0,0.0,0.0,1.1586685461901562,0.9808259293344304,1.7686795880190738,1.0851781157547014,0.9623991378260582,1.8456436136333636,0.016394089570312825,-0.06881127121589019,0.04824942680035158,1.5574897974723372,2.358420838011874,1.654008726344935,-1.2244650032227782,-1.2832735422717325,1.3697505326593906,-0.008593599281510308,-0.2497323973224328,0.3757747183120524,-1.0396281354498835,-0.02889118945480222,1.1320444797521547,-0.1512013511783446,0.034075332565653225,0.09911820107276875,-0.11903017788741857,-0.5938268723186253,0.7463615828551866,1.575065838549261,2.392126637804941,1.5180860496706106,-1.1614162295949166,-0.9236391599815941,1.0392371573601007,0.0,0.0,0.0,0.0,0.0,0.0,0.0,0.0,0.0,0.0,0.0,0.0,9.0,9.0,9.0,9.0,9.0,9.0,6.0,6.0,6.0,6.0,6.0,6.0,-0.31619791084087767,40.82359534544702,9.796337692331017,0.3172214586905657,-0.012068277457882415,9.37213333319642e-05,2.0843497815556837
33.566666666667324,-0.13940832141177315,-0.51042855454485,0.20530484402210813,-0.002881528150374354,0.01003010616337999,-0.006551295500330525,-0.015630354003951213,0.04697247203138108,-0.042429881137780144,0.0,0.0,0.0,-0.1404529743812739,-0.5102070246744864,0.20714611575310374,0.003679769262601222,0.004998166734117064,0.002547195036817092,-0.041660248938670374,0.060317823390244385,-0.10510535162244317,0.0,0.0,0.0,1.2028038289946121,0.9942557524339719,1.7753854883212992,1.1283085539368647,0.9681007323041333,1.8501483863142214,0.018354477034814926,-0.07284284195480936,0.04033258509850056,1.5569136763666755,2.350242501167505,1.6665300983598843,-1.2589707786425912,-1.2855461805459938,1.408713323585666,-0.014386955207066985,-0.24681086932818433,0.3756856797363358,-1.0366582202128902,-0.0550831619701589,1.1566039784428923,-0.1738006777667003,0.0876458398274544,-0.002671157271496961,0.08909745710979944,-0.7857591754607006,0.7367849607221268,1.575065838549261,2.392126637804941,1.5180860496706106,-1.1614162295949166,-0.9236391599815941,1.0392371573601007,0.0,0.0,0.0,0.0,0.0,0.0,0.0,0.0,0.0,0.0,0.0,0.0,9.0,9.0,9.0,9.0,9.0,9.0,6.0,6.0,6.0,6.0,6.0,6.0,-0.333507239960644,40.626488022836305,9.770170738079193,0.3555405983602376,-0.01345732536086719,9.864591805264222e-05,1.72355436966447
33.600000000000655,-0.13954207823838682,-0.5100116834747921,0.20511611572159422,-0.003624839793471781,0.011477519406004588,-0.007713387235078646,-0.009906307009835535,0.041245402240238566,-0.0452816766958077,0.0,0.0,0.0,-0.14036141216606293,-0.5099924631742736,0.20714573581486045,0.0028842820794987086,0.006261489435337567,0.00022279058712880006,-0.03833456400042712,0.05873506091884728,-0.10364341234419694,0.0,0.0,0.0,1.2475484093029716,1.008458379587649,1.781046338922795,1.1722434160404946,0.9748702559663406,1.8540457164780033,0.02029023972178939,-0.07643697474422886,0.03274223466159326,1.5561266550978494,2.342227936684887,1.6789033636708133,-1.2930770614152045,-1.2888796383867889,1.4484077484057492,-0.020536077112211726,-0.24256157942842918,0.3726938661306883,-1.0276783955232307,-0.08503021080595416,1.179423155882628,-0.18447365715434222,0.12747869699265485,-0.08975440816942694,0.26939474068978464,-0.8984114650738575,0.6845753231920717,1.575065838549261,2.392126637804941,1.5180860496706106,-1.1614162295949166,-0.9236391599815941,1.0392371573601007,0.0,0.0,0.0,0.0,0.0,0.0,0.0,0.0,0.0,0.0,0.0,0.0,9.0,9.0,9.0,9.0,9.0,9.0,6.0,6.0,6.0,6.0,6.0,6.0,-0.33047671329610995,40.40915521842492,9.73999020764692,0.39284823242094963,-0.014576759689088226,9.789801394866071e-05,1.601763015641337
33.63333333333399,-0.13969366461094945,-0.5095695820158171,0.20490000607057923,-0.004222675122291816,0.012500236784654305,-0.008581932638439198,-0.004199738153526854,0.028214051829114274,-0.037246592796643774,0.0,0.0,0.0,-0.14029293273959204,-0.5097430974685946,0.20707617899508282,0.0021695264820395144,0.007347495691044897,-0.0019057791542451184,-0.03402766197898277,0.04962749530567656,-0.0932340977347983,0.0,0.0,0.0,1.2920755919169116,1.0228177688751379,1.7858509043356159,1.2165902735610856,0.9824735166965727,1.8573726041722431,0.022167750917911122,-0.07913733207320195,0.025631912008881125,1.5551592125742264,2.334495427010015,1.6909584794826111,-1.326400735471373,-1.2931390150870525,1.4878806386360397,-0.026194209509867603,-0.23550405330691432,0.36533360494618644,-1.0090329462977792,-0.1135309376072589,1.1825988565666856,-0.16974397192967636,0.2117257836454457,-0.22080783553505542,0.5593634767635433,-0.8550218040391421,0.09527102052172613,1.575065838549261,2.392126637804941,1.5180860496706106,-1.1614162295949166,-0.9236391599815941,1.0392371573601007,0.0,0.0,0.0,0.0,0.0,0.0,0.0,0.0,0.0,0.0,0.0,0.0,9.0,9.0,9.0,9.0,9.0,9.0,6.0,6.0,6.0,6.0,6.0,6.0,-0.26603775960530807,40.279217998390806,9.708380679584549,0.4297107293521326,-0.015235381984197938,3.1673387391517593e-05,0.943008264642401
33.66666666666732,-0.13985951177832118,-0.5091041704533473,0.20464360766498835,-0.004699430315668458,0.013331645342127316,-0.009585148151440348,0.000816486949569456,0.022036179045850056,-0.041797342059716525,0.0,0.0,0.0,-0.1402455423079868,-0.5094606560918029,0.20693586750777224,0.0015185239239105348,0.00836218337510976,-0.004045515442520303,-0.03058928802284333,0.045685593969153615,-0.09282063068736468,0.0,0.0,0.0,1.3365922610016818,1.037521879037729,1.7894402381978298,1.2613216255286943,0.9909327823079112,1.8599533082432744,0.024062802008636405,-0.08123730513724972,0.01905937568893562,1.5539908692183297,2.327058997262495,1.7026001263375863,-1.3586929569253499,-1.2984955015715984,1.5273156100813212,-0.032098270287890716,-0.2272299460527041,0.3546108054148985,-0.9821887445121326,-0.1449733755600076,1.1828990477611914,-0.17712182334069335,0.2482232176263062,-0.32168398593863873,0.8053260535693996,-0.9432731385824611,0.009005735835174888,1.575065838549261,2.392126637804941,1.5180860496706106,-1.1614162295949166,-0.9236391599815941,1.0392371573601007,0.0,0.0,0.0,0.0,0.0,0.0,0.0,0.0,0.0,0.0,0.0,0.0,9.0,9.0,9.0,9.0,9.0,9.0,6.0,6.0,6.0,6.0,6.0,6.0,-0.2558698664236241,40.059903807030445,9.667253844046288,0.46485290148375946,-0.016106194323444845,2.8048216600351505e-05,1.6761315036781446
33.70000000000065,-0.14003694703013492,-0.5086232827546786,0.20434539019768533,-0.005082116886965899,0.013933833397265895,-0.010634686345699522,0.004868023838920887,0.014748326821946803,-0.04333401524588475,0.0,0.0,0.0,-0.1402173659850123,-0.5091490522456552,0.2067261021556274,0.0009256520409419453,0.009264853947006362,-0.006152759759952794,-0.02746751446349549,0.03986503046796841,-0.09035375658419387,0.0,0.0,0.0,1.3807260672950818,1.0524504637686203,1.7917345021827973,1.3062207685047913,1.0001892808165576,1.8616933530378885,0.026036235334979257,-0.0826380915527688,0.013082789530065022,1.552636139851521,2.319978996721433,1.7136927086807046,-1.38957248657938,-1.3048829594758389,1.566350575083889,-0.037794010765473014,-0.21734332617214303,0.340055248667329,-0.9449868412513087,-0.17607361660481524,1.174998982638425,-0.17087221432746894,0.2965985964168326,-0.4366667024270846,1.116057097824717,-0.933007231344229,-0.23700195368298643,1.575065838549261,2.392126637804941,1.5180860496706106,-1.1614162295949166,-0.9236391599815941,1.0392371573601007,0.0,0.0,0.0,0.0,0.0,0.0,0.0,0.0,0.0,0.0,0.0,0.0,9.0,9.0,9.0,9.0,9.0,9.0,6.0,6.0,6.0,6.0,6.0,6.0,-0.21703718623995227,39.87373617122109,9.62528392182067,0.49897831250923536,-0.016617977636410708,6.090497426725072e-06,1.3850221452676106
33.73333333333398,-0.14022315626687154,-0.5081384789243409,0.20401762074895596,-0.005379138197454173,0.014226644489000228,-0.01144872089307206,0.008094268430206154,0.005287653700951453,-0.036246870956933824,0.0,0.0,0.0,-0.14020647065963915,-0.5088145961223919,0.20645493532977158,0.0003915557259314262,0.00998755306902836,-0.008046543315818073,-0.024359360567339117,0.030890004354432676,-0.079323556410416,0.0,0.0,0.0,1.4238470108338424,1.0672559509075374,1.793136667710233,1.3509189451023,1.0100614266702845,1.8627149145102524,0.02802088127057481,-0.08308283476359939,0.007670447172591218,1.5511546136639591,2.3132859698705928,1.7242042846702215,-1.4189308666477205,-1.3119489871769259,1.6043842939870883,-0.042228527339729885,-0.20630831240751232,0.32358326934611437,-0.9021632151172455,-0.20001175955668077,1.1523407056101223,-0.13303549722770602,0.3310504129389214,-0.4941593796364395,1.2847087840218963,-0.7181442885559661,-0.6797483108490867,1.575065838549261,2.392126637804941,1.5180860496706106,-1.1614162295949166,-0.9236391599815941,1.0392371573601007,0.0,0.0,0.0,0.0,0.0,0.0,0.0,0.0,0.0,0.0,0.0,0.0,9.0,9.0,9.0,9.0,9.0,9.0,6.0,6.0,6.0,6.0,6.0,6.0,-0.12882328005059507,39.69941798917249,9.598690419677283,0.5314152513222132,-0.016524787364078253,-4.40942540600453e-05,1.039022196161385
33.76666666666731,-0.1404182383436273,-0.5076531230976472,0.20364832495138643,-0.005649382354683388,0.014337328058571784,-0.01242780134756601,0.009631346010475217,-0.0005407638788557326,-0.041185995453122654,0.0,0.0,0.0,-0.14021246623334674,-0.5084607652193498,0.20612182485934358,-0.00012357764026576362,0.010593476650817946,-0.009922234377773034,-0.023188915253224973,0.025037113406042977,-0.07773861874980126,0.0,0.0,0.0,1.4663276779720422,1.081946777909133,1.793407937338144,1.395431742528994,1.0204812044037364,1.8629039940004832,0.029978798396348188,-0.08290971178132547,0.0028749404818720773,1.5495176429913924,2.306938197358637,1.7341240340177826,-1.446773932039045,-1.319871615898613,1.6416300380538826,-0.04681558923124434,-0.19572488770828114,0.30625607673326094,-0.8575823795322394,-0.22512316095263615,1.129028449872594,-0.1376118567454336,0.3175027409769353,-0.5198157783856031,1.3374250675501844,-0.7533420418786613,-0.6993676721258499,1.575065838549261,2.392126637804941,1.5180860496706106,-1.1614162295949166,-0.9236391599815941,1.0392371573601007,0.0,0.0,0.0,0.0,0.0,0.0,0.0,0.0,0.0,0.0,0.0,0.0,9.0,9.0,9.0,9.0,9.0,9.0,6.0,6.0,6.0,6.0,6.0,6.0,-0.1316992455217576,39.43385060771452,9.563754563515877,0.5603736516507606,-0.016882652161842593,-4.6550893655128434e-05,1.3381924920185766
33.800000000000644,-0.1406220143929089,-0.5071706729557568,0.20323535426664463,-0.005908167715459472,0.01431434795876604,-0.013516272249582708,0.010702562723572433,-0.004881639329028638,-0.044454323186805,0.0,0.0,0.0,-0.14023489456634464,-0.508091085713346,0.2057283010136658,-0.0006239113213999516,0.011090792265220419,-0.01175528994111082,-0.02223591914432621,0.019648430303051967,-0.07501932272731304,0.0,0.0,0.0,1.508088463011912,1.096401058099905,1.7927237770772422,1.4396659544118378,1.0313392066087133,1.8622905680198456,0.03184831089118396,-0.08213045966326443,-0.0013627395622832828,1.5477463636401063,2.300899919188396,1.743485053892148,-1.4731631834043317,-1.328512713578095,1.6779772996765805,-0.05103078343613346,-0.18600719264091714,0.28930575639839373,-0.8136458204831487,-0.24786300724051785,1.103288049078152,-0.12645582614667356,0.2915308520209202,-0.508509610046017,1.3180967714727216,-0.6821953886364507,-0.7722120238332618,1.575065838549261,2.392126637804941,1.5180860496706106,-1.1614162295949166,-0.9236391599815941,1.0392371573601007,0.0,0.0,0.0,0.0,0.0,0.0,0.0,0.0,0.0,0.0,0.0,0.0,9.0,9.0,9.0,9.0,9.0,9.0,6.0,6.0,6.0,6.0,6.0,6.0,-0.11290567118377492,39.17187759144595,9.540294821544736,0.5878231333439912,-0.01686442275811162,-5.680109627925756e-05,1.0592306341892979
33.833333333333975,-0.14083115796987458,-0.5066984599255073,0.20279518219524056,-0.006099741016837891,0.014106183411065417,-0.01431693646769517,0.012843897727181818,-0.010531276595044676,-0.03551679744782768,0.0,0.0,0.0,-0.14027194564215223,-0.507710899121501,0.2052836371801452,-0.0010751296332074597,0.011433829020375872,-0.013341949361938615,-0.01966639636728651,0.012155033291774586,-0.0626504966897663,0.0,0.0,0.0,1.548444300025168,1.110273459718992,1.7915527907123305,1.4832494394136904,1.042422803230653,1.8610717071549239,0.033617678234412265,-0.08046080113570919,-0.005061810142746277,1.5459100559544212,2.295195844936101,1.7522900839995443,-1.4980579023894351,-1.3374697146356935,1.7128284605655035,-0.05373641485907913,-0.1760838825928619,0.27253585428072663,-0.7691096531964523,-0.261761023565476,1.0647859008045129,-0.08116894268837008,0.2976993014416575,-0.5030970635300134,1.3360850186008935,-0.4169404897487431,-1.1550644482091759,1.575065838549261,2.392126637804941,1.5180860496706106,-1.1614162295949166,-0.9236391599815941,1.0392371573601007,0.0,0.0,0.0,0.0,0.0,0.0,0.0,0.0,0.0,0.0,0.0,0.0,9.0,9.0,9.0,9.0,9.0,9.0,6.0,6.0,6.0,6.0,6.0,6.0,-0.027506234712779798,38.99594077550526,9.529664133104697,0.6148783032258837,-0.0163008050062462,-0.00010393247047318921,0.8170053344016406
33.86666666666731,-0.1410455023246347,-0.5062364921534712,0.20231937760578897,-0.0062665695520559075,0.013835346896681467,-0.015206016343636755,0.013773076984676814,-0.01261810208784768,-0.03794381793985718,0.0,0.0,0.0,-0.14032325110908997,-0.5073226475692465,0.20478875845016406,-0.0015094219404256232,0.011690802108220886,-0.014867838031984996,-0.018663832659904678,0.007999753781009034,-0.05927459998681428,0.0,0.0,0.0,1.587673598975582,1.1236560019976525,1.7899268150989647,1.526157712354548,1.0536703496741455,1.8592901438430942,0.03523594537678883,-0.07819085524337861,-0.008295861908669506,1.544009762082987,2.2897585981313093,1.7606091413005895,-1.5216384470969075,-1.3467368825776616,1.7464364460493287,-0.05591801571504505,-0.16743956362679133,0.2572264307811459,-0.727980778548266,-0.2725970333611869,1.0270883432780034,-0.0654480256789776,0.25932956898211734,-0.45928270498742285,1.2338662394455866,-0.3250802938713274,-1.1309267257952866,1.575065838549261,2.392126637804941,1.5180860496706106,-1.1614162295949166,-0.9236391599815941,1.0392371573601007,0.0,0.0,0.0,0.0,0.0,0.0,0.0,0.0,0.0,0.0,0.0,0.0,9.0,9.0,9.0,9.0,9.0,9.0,6.0,6.0,6.0,6.0,6.0,6.0,-0.00914427124762296,38.74130804225548,9.516491119576429,0.6388349885111572,-0.016030060387565714,-0.00010398953056939275,0.9481328114386148
33.90000000000064,-0.14126714415878186,-0.5057834334944387,0.20180966090193905,-0.006468723743170653,0.013575270523415136,-0.016093693841058493,0.012819190349585754,-0.012404928164676862,-0.037585937191842764,0.0,0.0,0.0,-0.1403894049117498,-0.5069278287846744,0.20424668426909404,-0.0019564497826578915,0.011896278966756027,-0.016306409407881733,-0.019088606731155533,0.005539944242176631,-0.05468543094674505,0.0,0.0,0.0,1.6255113820002305,1.1365842540082252,1.788037751724233,1.5682014320507986,1.0650329848409505,1.8570507306517656,0.03674824904476935,-0.07529999726355477,-0.011131471635822537,1.5420792823811136,2.2845762526533133,1.7684597472225236,-1.5438803801407985,-1.3560724643651674,1.7786950899043517,-0.057248932609148595,-0.1594600974355131,0.2427542620323972,-0.6874989203939084,-0.277577313537177,0.9875356581931243,-0.039927506823106224,0.23938398573834743,-0.43416506246246067,1.2144557446307294,-0.1494084052797033,-1.1865805525463742,1.575065838549261,2.392126637804941,1.5180860496706106,-1.1614162295949166,-0.9236391599815941,1.0392371573601007,0.0,0.0,0.0,0.0,0.0,0.0,0.0,0.0,0.0,0.0,0.0,0.0,9.0,9.0,9.0,9.0,9.0,9.0,6.0,6.0,6.0,6.0,6.0,6.0,0.03025448339728054,38.53176539347308,9.506716478867963,0.6622636997260668,-0.015466045560946329,-0.00011140139788096137,0.8812995025601279
33.93333333333397,-0.1415001992598528,-0.5053360115609702,0.2012689864848978,-0.006765438144296428,0.013385666916045074,-0.01693900920424551,0.010000649671722877,-0.010419762033678899,-0.036255869277686155,0.0,0.0,0.0,-0.140472246893209,-0.5065265482055423,0.20366134314178774,-0.0024528200262557125,0.012091396376592692,-0.017630261133729053,-0.021253923150739595,0.005067028820741726,-0.04885567304245031,0.0,0.0,0.0,1.662050066886418,1.1488917924408641,1.7860767576837084,1.6093168327661445,1.0763827785886688,1.8544613405027064,0.03804938678943493,-0.07188508841711744,-0.013571486096777077,1.5401187476583182,2.2795953839897223,1.7759385452186207,-1.5650447801612755,-1.36542412891329,1.80960377557644,-0.05829367199229002,-0.15277073908366368,0.23049404726607486,-0.6524543072075085,-0.27955906214151216,0.9473522661728078,-0.0313421814942427,0.20068075055548287,-0.36780644298967,1.0513383955919966,-0.059452458130054744,-1.205501760609496,1.575065838549261,2.392126637804941,1.5180860496706106,-1.1614162295949166,-0.9236391599815941,1.0392371573601007,0.0,0.0,0.0,0.0,0.0,0.0,0.0,0.0,0.0,0.0,0.0,0.0,9.0,9.0,9.0,9.0,9.0,9.0,6.0,6.0,6.0,6.0,6.0,6.0,0.03209086403418859,38.29987403867044,9.506999495241695,0.6836512706365973,-0.015021687712483467,-0.00011898418944950029,0.6134842472933028
33.9666666666673,-0.1417402472220619,-0.5048981761649706,0.20071674437779807,-0.0070072503676048,0.013146620477679586,-0.01737737559297678,0.011060824544446402,-0.011803161797916472,-0.023624988850024363,0.0,0.0,0.0,-0.14057037634815195,-0.5061216011928555,0.20304330754895966,-0.002920193686976932,0.012212735992181239,-0.0186636359960532,-0.01966948949861047,0.0015816002759354575,-0.03473940119877117,0.0,0.0,0.0,1.6966747229826384,1.1605030584283427,1.7842835680286722,1.649158041480183,1.0876220064324014,1.8516802964498134,0.039262225763022976,-0.06777049152667759,-0.015615721786631242,1.538189525082093,2.274872123974341,1.783002481589996,-1.5849692790684633,-1.3744619814945693,1.838771256815615,-0.05801567552193539,-0.14538878000218575,0.21811007651619968,-0.6159747472129262,-0.2739434056727553,0.8991337135077684,0.008339894110638877,0.22145877244433787,-0.3715191224962558,1.0943867998374703,0.16846969406270568,-1.4465565799511815,1.575065838549261,2.392126637804941,1.5180860496706106,-1.1614162295949166,-0.9236391599815941,1.0392371573601007,0.0,0.0,0.0,0.0,0.0,0.0,0.0,0.0,0.0,0.0,0.0,0.0,9.0,9.0,9.0,9.0,9.0,9.0,6.0,6.0,6.0,6.0,6.0,6.0,0.10576077536698947,38.18381724176578,9.504038045395381,0.7054165071000911,-0.014243681544032383,-0.00014794993385880417,0.8361698400905389
34.00000000000063,-0.1419940847094503,-0.5044582381337441,0.20015301116902112,-0.007367364051376855,0.013135374534506625,-0.017698121708702864,0.006887425390302338,-0.004773029822558628,-0.020062702850794055,0.0,0.0,0.0,-0.14068685875664094,-0.5057094791731348,0.20239754332108276,-0.0034623945167477125,0.012413849011138928,-0.019525459073252788,-0.02304842893375314,0.005443731148238484,-0.02645583281492936,0.0,0.0,0.0,1.7294090324124425,1.1715748105479102,1.7831744775561673,1.687599910665968,1.0987410107713729,1.8489842521752642,0.04023890321402886,-0.06306406598259641,-0.01748328089593726,1.5363279349123156,2.2703044117157547,1.7898559047734872,-1.6041279431707263,-1.382871725563038,1.8664103313335758,-0.056570361902861216,-0.13981717183911516,0.20977182250855805,-0.5884981977829025,-0.25950934992696034,0.8524927281951402,0.04335940857222536,0.16714824489211752,-0.250147620229249,0.8242964829007123,0.43302167237385,-1.3992295593788437,1.575065838549261,2.392126637804941,1.5180860496706106,-1.1614162295949166,-0.9236391599815941,1.0392371573601007,0.0,0.0,0.0,0.0,0.0,0.0,0.0,0.0,0.0,0.0,0.0,0.0,9.0,9.0,9.0,9.0,9.0,9.0,6.0,6.0,6.0,6.0,6.0,6.0,0.1421107183837722,37.96050506390059,9.522806000664982,0.7248060344457489,-0.013302494602078219,-0.0001464480875235652,0.6458227657175767
34.033333333333964,-0.14226375865568452,-0.5040144040473729,0.19958833811171717,-0.007808244032972596,0.01324416953826651,-0.017796518259773526,0.0036263573422182158,-0.0010047461087015572,-0.013620472322131056,0.0,0.0,0.0,-0.14082357232994616,-0.505289142982757,0.20173211156021484,-0.004064127806586511,0.012653676880911499,-0.020153438470728733,-0.025663103759763217,0.007304874681045348,-0.015309020551301789,0.0,0.0,0.0,1.760184786155199,1.1818628629007912,1.783361977114909,1.7245101908151417,1.1095912276239681,1.8467344802684655,0.04079075101378567,-0.05773084888777619,-0.019207506317383823,1.534568221896911,2.265819922026847,1.7966907569257966,-1.6230750666461933,-1.3904161331104317,1.8924290802666566,-0.05405104760904448,-0.13629551772452383,0.20662098388237285,-0.5751085354369763,-0.2373912675901933,0.8045392213933288,0.07557942881450203,0.1056496234377396,-0.09452515878555585,0.40168987037778486,0.6635424701030108,-1.4386052040543422,1.575065838549261,2.392126637804941,1.5180860496706106,-1.1614162295949166,-0.9236391599815941,1.0392371573601007,0.0,0.0,0.0,0.0,0.0,0.0,0.0,0.0,0.0,0.0,0.0,0.0,9.0,9.0,9.0,9.0,9.0,9.0,6.0,6.0,6.0,6.0,6.0,6.0,0.16886194305779711,37.73330103861883,9.549935758095794,0.7424471358398679,-0.012449470542882424,-0.0001593757479302349,0.44380240628139866
34.066666666667295,-0.14254052532054898,-0.5035752453574522,0.19903863794746218,-0.00810155789165833,0.013218208645315758,-0.017494222367981666,0.006762867866025719,-0.004842398409022454,-0.001221082169266141,0.0,0.0,0.0,-0.14097779631982377,-0.5048640543940834,0.20105732087150177,-0.004604234116243412,0.01280977111897399,-0.020480308610999996,-0.022485820268169476,0.003316872676819571,-0.0010942771976076848,0.0,0.0,0.0,1.7886411404381868,1.1913765042056297,1.7846873233466383,1.7596254059810037,1.120125213297236,1.8450155660308412,0.04115062418054387,-0.05178971948126585,-0.020656618855542954,1.5329380020397356,2.2615090477060287,1.8033751778465164,-1.6414805407782327,-1.3970383951154082,1.9165983133359084,-0.05062141301318787,-0.13164932565787868,0.20256207970851853,-0.5598123277864461,-0.21157566262959426,0.75156440184948,0.10288903787569822,0.13938576199935496,-0.12176712521562967,0.45888622951590496,0.7744681488179714,-1.5892445863154634,1.575065838549261,2.392126637804941,1.5180860496706106,-1.1614162295949166,-0.9236391599815941,1.0392371573601007,0.0,0.0,0.0,0.0,0.0,0.0,0.0,0.0,0.0,0.0,0.0,0.0,9.0,9.0,9.0,9.0,9.0,9.0,6.0,6.0,6.0,6.0,6.0,6.0,0.22360029808570092,37.64241860015891,9.539803484927592,0.7609472395245593,-0.011960623532296377,-0.000177364082161513,0.8517079308557698
34.10000000000063,-0.14282479741295742,-0.503134829290523,0.19851466205452672,-0.0083546880807266,0.013274645225204326,-0.016854776216831395,0.006445523511652748,-0.0019518973925790814,0.009186216465973791,0.0,0.0,0.0,-0.14114967262302655,-0.5044328602622894,0.20038315206040289,-0.005138742867505668,0.012988434601131764,-0.02050465094973719,-0.022017385952872726,0.004434701353542181,0.013021334943970952,0.0,0.0,0.0,1.8143042955807003,1.2002721828575105,1.787867773860469,1.7926172415513382,1.1303614274258202,1.84422734472792,0.0412351313260466,-0.04511497836034263,-0.02203676379287594,1.531522693637984,2.2573249583874277,1.8100675376770976,-1.6596989050941382,-1.4022003237669944,1.9388490141842294,-0.04517997237276082,-0.12756489492464962,0.2013678898477996,-0.5509713955802613,-0.17376379390825483,0.69553548424958,0.16324321921281157,0.12253292199687162,-0.035825695821567576,0.26522796618554356,1.1343560616401829,-1.6808675279969998,1.575065838549261,2.392126637804941,1.5180860496706106,-1.1614162295949166,-0.9236391599815941,1.0392371573601007,0.0,0.0,0.0,0.0,0.0,0.0,0.0,0.0,0.0,0.0,0.0,0.0,9.0,9.0,9.0,9.0,9.0,9.0,6.0,6.0,6.0,6.0,6.0,6.0,0.31057447426565604,37.49807353359834,9.554930940750353,0.778750426919716,-0.010910306425459981,-0.00018918058787359415,0.9566253302124771
34.13333333333396,-0.14311059747396288,-0.5026967349900991,0.1980302713331559,-0.008474754026161546,0.01328235828325645,-0.015828122917204493,0.008669043748937155,-0.0029650424303747157,0.02137291000213204,0.0,0.0,0.0,-0.14133699881388487,-0.5039968796405663,0.19972082036157376,-0.005615382400415503,0.013136371160360483,-0.02019444022331271,-0.01907129509153016,0.003002287387575464,0.02849877463145134,0.0,0.0,0.0,1.8369059334432978,1.2084631562730523,1.792951309549765,1.823204667673326,1.1402542376789486,1.8445523263793768,0.041118887278334244,-0.03774787075546379,-0.02322803200521289,1.530349516138329,2.2533077481121317,1.8167370410164874,-1.6776707119534477,-1.4058129586811796,1.958992426448309,-0.03852354078402011,-0.12286583714747269,0.20051269673705993,-0.5430932690462782,-0.13017396291978894,0.6347134066981209,0.1996929476622213,0.1409717333153078,-0.025655793322189813,0.2363437960194925,1.3076949296539766,-1.8246623265437727,1.575065838549261,2.392126637804941,1.5180860496706106,-1.1614162295949166,-0.9236391599815941,1.0392371573601007,0.0,0.0,0.0,0.0,0.0,0.0,0.0,0.0,0.0,0.0,0.0,0.0,9.0,9.0,9.0,9.0,9.0,9.0,6.0,6.0,6.0,6.0,6.0,6.0,0.3712234496314012,37.39555440313239,9.550666739595949,0.796081442125508,-0.010404470305483582,-0.00020725584941377884,0.9181141273493121
34.16666666666729,-0.14339023236577997,-0.5022635960804157,0.19759623926745556,-0.008396712044619312,0.013216509622161213,-0.014462063236859397,0.012671640453283759,-0.004668310896561759,0.03232903597383588,0.0,0.0,0.0,-0.14153622044781994,-0.5035576389958022,0.19908100739040058,-0.005991467445950388,0.013240316183938547,-0.019558814740916055,-0.014132959774518117,0.0009551049661773447,0.04336639600132086,0.0,0.0,0.0,1.8559654372255328,1.2158454571168247,1.800243669572445,1.851021502083633,1.149738976978771,1.846251011893888,0.04082062791581451,-0.02960623829773131,-0.024195062992594274,1.529478826420225,2.249473440896515,1.8234004257619691,-1.6954229040561866,-1.4076004257484247,1.9767400327664548,-0.030254974623415472,-0.11764142336149254,0.2001052604886597,-0.5360749317368722,-0.07914066231816261,0.5665232619289583,0.24805698481813904,0.1567324135794046,-0.012223087452007167,0.21055011928218265,1.53099901804879,-2.0457043430748785,1.575065838549261,2.392126637804941,1.5180860496706106,-1.1614162295949166,-0.9236391599815941,1.0392371573601007,0.0,0.0,0.0,0.0,0.0,0.0,0.0,0.0,0.0,0.0,0.0,0.0,9.0,9.0,9.0,9.0,9.0,9.0,6.0,6.0,6.0,6.0,6.0,6.0,0.4493356643216265,37.29445126766241,9.543535807184536,0.8128404700563144,-0.00990249987376407,-0.00023444024442331735,1.2116058851711948
34.20000000000062,-0.14365666734084928,-0.501842945166789,0.1972121682529561,-0.008111094645604548,0.012961342952099716,-0.01298911065177534,0.017109046448351796,-0.00989685333207983,0.03656112815622699,0.0,0.0,0.0,-0.141743422247145,-0.5031188750718406,0.19846965118231527,-0.006251369171269636,0.013241182680992681,-0.01872183673800889,-0.008512733267277639,-0.0038803055386740226,0.05216639968091874,0.0,0.0,0.0,1.8717988792472755,1.2225111630114485,1.8092609064874332,1.8760239177594216,1.1588255445409996,1.8492444221576805,0.04042853302307606,-0.021063488322161122,-0.024846888751845896,1.5288800685818085,2.245858098859887,1.829959072618693,-1.712760657166182,-1.4078493908673344,1.9923061782179166,-0.022060148309473275,-0.11152064851971952,0.1978746906306976,-0.5254467061121989,-0.03135952315091579,0.50016399633889,0.2458447894182659,0.18362324525319068,-0.06691709573886319,0.3188467687401969,1.4334341750174047,-1.9907779677020492,1.575065838549261,2.392126637804941,1.5180860496706106,-1.1614162295949166,-0.9236391599815941,1.0392371573601007,0.0,0.0,0.0,0.0,0.0,0.0,0.0,0.0,0.0,0.0,0.0,0.0,9.0,9.0,9.0,9.0,9.0,9.0,6.0,6.0,6.0,6.0,6.0,6.0,0.4524277304700507,37.18218089017504,9.510088005015358,0.8280108284374734,-0.010264607149995608,-0.0002281389379354959,0.8621307462608534
34.23333333333395,-0.14390605783608723,-0.501431953923547,0.19688413476681885,-0.007678791133738318,0.012689486666886208,-0.011356941813592836,0.019852661195950652,-0.009930091534183358,0.04240564441494656,0.0,0.0,0.0,-0.14195542528430183,-0.5026808447279462,0.19789434634233055,-0.006411839565656331,0.013220177848898205,-0.017659157497279383,-0.003758290675523135,-0.004795460298492316,0.06203627498702691,0.0,0.0,0.0,1.8842029291313502,1.2283679121679998,1.8199274650732185,1.8980237193763756,1.1674625626807884,1.8535548282822867,0.039992261161629336,-0.012137031189382065,-0.025125666491386596,1.52856754362337,2.2424851595198696,1.83637997554011,-1.7295498289086029,-1.4065202104585532,2.005532303390269,-0.013603881938594057,-0.10463233630692047,0.19437628863857137,-0.5109323368858159,0.01613043379198316,0.43124383556000834,0.2536879911263766,0.20664936638397166,-0.10495205976378691,0.4354310767914906,1.4246987082869684,-2.067604823366449,1.575065838549261,2.392126637804941,1.5180860496706106,-1.1614162295949166,-0.9236391599815941,1.0392371573601007,0.0,0.0,0.0,0.0,0.0,0.0,0.0,0.0,0.0,0.0,0.0,0.0,9.0,9.0,9.0,9.0,9.0,9.0,6.0,6.0,6.0,6.0,6.0,6.0,0.4691080267886485,37.07771719633277,9.48260865767115,0.8434701409004601,-0.010526213318220956,-0.00023754340415776953,1.2886950267135657
34.266666666667284,-0.14413425928275805,-0.501030010782411,0.19661308119478055,-0.007114071321759336,0.012415364356615662,-0.009655145119969226,0.02241737411160095,-0.00955461680771911,0.04548679142217109,0.0,0.0,0.0,-0.14216880164834567,-0.5022440483779944,0.1973606678354393,-0.006468962673077842,0.013183067791662378,-0.016419422464441554,0.001125521074079927,-0.00542790714404795,0.06949171850094604,0.0,0.0,0.0,1.8931862263908308,1.2334552303364439,1.8321421450144773,1.9169112578928111,1.1756375653170592,1.859192150434011,0.03951739059159462,-0.002955843238167239,-0.025055667317183113,1.5285482646396087,2.2393575964447856,1.842652607390353,-1.7457410774469309,-1.403622692187859,2.016468895024904,-0.0049202069880950935,-0.09742870693731377,0.19024473321771504,-0.4941357497284949,0.06332717667788054,0.36247977787936886,0.2605102485149689,0.21610888108820092,-0.12394666262569022,0.5038976147196288,1.4159022865769217,-2.0629217304191845,1.575065838549261,2.392126637804941,1.5180860496706106,-1.1614162295949166,-0.9236391599815941,1.0392371573601007,0.0,0.0,0.0,0.0,0.0,0.0,0.0,0.0,0.0,0.0,0.0,0.0,9.0,9.0,9.0,9.0,9.0,9.0,6.0,6.0,6.0,6.0,6.0,6.0,0.479313613492176,36.95691934868476,9.455427983984167,0.857795071322533,-0.01090247363679428,-0.00023690132861983737,1.3900983838173246
34.300000000000615,-0.14433768979859737,-0.5006409648523995,0.1963938056498595,-0.006432701440053718,0.012055466958810324,-0.00803309985169465,0.024810274977911894,-0.011753409143168088,0.04404147289471834,0.0,0.0,0.0,-0.14238002387733684,-0.5018108800649038,0.19687076614456445,-0.006419616730193462,0.013081765023418911,-0.01509840905054497,0.006100527758153174,-0.008343768285389075,0.07232069434850397,0.0,0.0,0.0,1.8992407425014601,1.2377887437720168,1.8454323387426401,1.932807951073116,1.1833282676761416,1.8659905509981562,0.03901322559873906,0.006146644782924874,-0.02460204968985062,1.5287740233505112,2.2364801427720726,1.848721631986751,-1.761239268997227,-1.3995058353581626,2.0253794449634563,0.002875105222016631,-0.09002530910003091,0.18479540300053116,-0.4746757475820883,0.1034461954865573,0.29903759139750463,0.23385936630335175,0.2221019351184857,-0.16347990651551622,0.5838000643921974,1.2035705642603027,-1.903265594455927,1.575065838549261,2.392126637804941,1.5180860496706106,-1.1614162295949166,-0.9236391599815941,1.0392371573601007,0.0,0.0,0.0,0.0,0.0,0.0,0.0,0.0,0.0,0.0,0.0,0.0,9.0,9.0,9.0,9.0,9.0,9.0,6.0,6.0,6.0,6.0,6.0,6.0,0.4374441775362418,36.81793514530163,9.415930509847964,0.8702625562686127,-0.011857544109679846,-0.00021884766822863333,1.1684979785457983
34.33333333333395,-0.14450998850404972,-0.5002594865530796,0.1962293682911765,-0.005584718076787756,0.01176834986179131,-0.0063847681168194325,0.02893532948822157,-0.009296551133992876,0.045535793740772185,0.0,0.0,0.0,-0.14258406969361972,-0.5013803787490544,0.19642923322415934,-0.006224733189902547,0.0129958700969403,-0.013647237485998243,0.012877315878937257,-0.007440039148889355,0.07746301409132883,0.0,0.0,0.0,1.901958418237855,1.2412476457467314,1.8600993277169404,1.9455155194572067,1.1904623107569046,1.8740811391705494,0.03843979890545764,0.01535544269373515,-0.023817604819573186,1.5293004562886972,2.233836393752611,1.8546434513904158,-1.7760994544548054,-1.3938989369042682,2.032017057350059,0.011487027171056888,-0.08288341675590713,0.18003485574013978,-0.4554289583455984,0.1466200342400728,0.23243144486455686,0.2583576584712077,0.21425677032371354,-0.14281641781174131,0.5774036770946975,1.2952151626054649,-1.9981843959884338,1.575065838549261,2.392126637804941,1.5180860496706106,-1.1614162295949166,-0.9236391599815941,1.0392371573601007,0.0,0.0,0.0,0.0,0.0,0.0,0.0,0.0,0.0,0.0,0.0,0.0,9.0,9.0,9.0,9.0,9.0,9.0,6.0,6.0,6.0,6.0,6.0,6.0,0.46878699088014636,36.69287400012212,9.395486629424086,0.8830574741544238,-0.012235639328120745,-0.00022986952897779966,2.295652317277872
34.36666666666728,-0.14464506839295943,-0.4998865606079564,0.19611625628599774,-0.004558603541155278,0.011478342845337532,-0.004804350707329498,0.03361103058689956,-0.00924664584922675,0.04408004950571916,0.0,0.0,0.0,-0.14277546436319136,-0.5009534341611892,0.19603783199133937,-0.005866860920161648,0.012889354551680348,-0.012131798094728162,0.02040698061713586,-0.008264900790651453,0.07943016830143623,0.0,0.0,0.0,1.9010786587389,1.2436124348907958,1.8762279974105127,1.9548329952626893,1.1969089530248211,1.883561543076924,0.0377941434825797,0.024723955715140706,-0.022663771261963027,1.5301569790164156,2.231420367799025,1.8604155673005698,-1.790261195889346,-1.3866940991339394,2.0361317844427407,0.02095946361138697,-0.07594832465702403,0.17545393678312787,-0.4350444814726774,0.19297010015326654,0.15977169014181486,0.28417309320990247,0.20805276296649305,-0.13742756871035702,0.6115343061876304,1.3905019773958123,-2.1797926416822597,1.575065838549261,2.392126637804941,1.5180860496706106,-1.1614162295949166,-0.9236391599815941,1.0392371573601007,0.0,0.0,0.0,0.0,0.0,0.0,0.0,0.0,0.0,0.0,0.0,0.0,9.0,9.0,9.0,9.0,9.0,9.0,6.0,6.0,6.0,6.0,6.0,6.0,0.5033957590773424,36.572651684829246,9.36689613687024,0.8947855061145891,-0.012728059990530255,-0.0002513744539502649,2.706938632618182
34.40000000000061,-0.14473258338681866,-0.49952703952903316,0.19604970205983,-0.0032649149012226666,0.011080682921718625,-0.0033455571598751525,0.04113195621826007,-0.012498673466976248,0.040876353559420556,0.0,0.0,0.0,-0.14294652689990733,-0.5005329348068599,0.19569677616876044,-0.005286430590723991,0.012705208977423894,-0.010601917651188227,0.030686317172354816,-0.011795889834415263,0.07902507289639482,0.0,0.0,0.0,1.8963309944807945,1.2446072121784553,1.8938179560794708,1.9605418129684757,1.2024902405990927,1.8944973209110423,0.03709906803606998,0.03429251511707726,-0.021077289688503465,1.5313751993104696,2.22923764108578,1.86599981215757,-1.80357113908073,-1.3778229932328145,2.0374129659245885,0.031350893751543575,-0.06897064248391019,0.17016954273438253,-0.4112136909852406,0.24174548474025198,0.07888085968422336,0.3117429042046982,0.20933046519341544,-0.15853182146236014,0.7149237146231047,1.4632615376095628,-2.426724913727745,1.575065838549261,2.392126637804941,1.5180860496706106,-1.1614162295949166,-0.9236391599815941,1.0392371573601007,0.0,0.0,0.0,0.0,0.0,0.0,0.0,0.0,0.0,0.0,0.0,0.0,9.0,9.0,9.0,9.0,9.0,9.0,6.0,6.0,6.0,6.0,6.0,6.0,0.5445095819098096,36.46606071998389,9.327645807297559,0.9055265213636334,-0.013428174181947722,-0.0002798139236381003,3.0647105126954512
34.43333333333394,-0.14477486230728698,-0.4991862787164894,0.19602057744930063,-0.001927095187963395,0.010539190506283267,-0.0021072859096270442,0.04215251171633989,-0.016769171528460296,0.034582968096093195,0.0,0.0,0.0,-0.14309421355792099,-0.5001228235275059,0.1954034397712022,-0.004594527210655039,0.012407739033362659,-0.009138378904205447,0.03556387512430925,-0.016986714909632994,0.07480292250933918,0.0,0.0,0.0,1.888634975723848,1.2444745996251547,1.9122372266975962,1.962942640397057,1.2072068024282527,1.9066560844568412,0.03634912956920205,0.04351354436291732,-0.019160547546712148,1.532869588915648,2.2272799469750213,1.8713496840736943,-1.8160050690575134,-1.3677914766156059,2.036484433159319,0.040338090020750825,-0.06214409637647901,0.1637206192339494,-0.3857498298640788,0.2812121605909227,0.0077229645893506366,0.2696158880762174,0.2047963832229354,-0.19346770501299437,0.763915833634854,1.1840002755201204,-2.1347368528461814,1.575065838549261,2.392126637804941,1.5180860496706106,-1.1614162295949166,-0.9236391599815941,1.0392371573601007,0.0,0.0,0.0,0.0,0.0,0.0,0.0,0.0,0.0,0.0,0.0,0.0,9.0,9.0,9.0,9.0,9.0,9.0,6.0,6.0,6.0,6.0,6.0,6.0,0.47682572213620633,36.327234699324734,9.279543125970614,0.9138378338609203,-0.015005690166661284,-0.00024516023381895846,1.59249406338145
34.46666666666727,-0.14475797712373323,-0.49886981312267187,0.19603019287278675,-0.0002938841294716464,0.00982593962764963,-0.000914681289221753,0.05085824648080282,-0.022105008678891837,0.033233606722476904,0.0,0.0,0.0,-0.14320944326816357,-0.4997272758497758,0.1951585076733634,-0.0036516195447252285,0.011985663771170158,-0.00766755573587097,0.04703163461197635,-0.02265673582680705,0.07415599489440794,0.0,0.0,0.0,1.877237202313788,1.2430495524147258,1.9315769500667226,1.961738902999798,1.2109534120248608,1.920057116799419,0.035668397493099024,0.052730656828978394,-0.01689595695757509,1.53472044913591,2.2255869562159676,1.8763740943738014,-1.827172489977339,-1.356268508788423,2.0328117382962683,0.05046323441215388,-0.054574513973234026,0.15506174574678971,-0.351931695017874,0.3241967434072981,-0.07087957573123334,0.30375433174209177,0.22708747209734953,-0.25976620461479055,1.0145440453861438,1.2895374844912628,-2.3580762096175194,1.575065838549261,2.392126637804941,1.5180860496706106,-1.1614162295949166,-0.9236391599815941,1.0392371573601007,0.0,0.0,0.0,0.0,0.0,0.0,0.0,0.0,0.0,0.0,0.0,0.0,9.0,9.0,9.0,9.0,9.0,9.0,6.0,6.0,6.0,6.0,6.0,6.0,0.5374314111874123,36.26718661249624,9.228041542496435,0.9235504967909288,-0.015878779796012488,-0.0002652276467063064,3.885850587550439
34.500000000000604,-0.14467388937359155,-0.4985825197168212,0.19608417275411344,0.0016015472764463537,0.008936082127596202,0.00039077177514021833,0.05879515112470525,-0.027674285453618434,0.036451926757607195,0.0,0.0,0.0,-0.1432841813563399,-0.49935048214907984,0.19496470264379623,-0.002464111157855467,0.011436960065663493,-0.0061258258084793266,0.058068048648418635,-0.028360896572947603,0.07656432311315298,0.0,0.0,0.0,1.8615589455839034,1.2405353515693796,1.9512472024845335,1.956592029279035,1.2137491473175872,1.934458495622599,0.035397924836929905,0.06201747586857481,-0.01428447456773394,1.5369612061837212,2.2242653408679396,1.8808035461381036,-1.8361442941312278,-1.343139877119972,2.026056413719739,0.0616362190936094,-0.04462381161830435,0.14027628386830743,-0.29674664808373646,0.37063821450478657,-0.15873301677433216,0.33518954044366545,0.29852107064789024,-0.44356385635446893,1.655551408024127,1.3932441329246543,-2.635603231292964,1.575065838549261,2.392126637804941,1.5180860496706106,-1.1614162295949166,-0.9236391599815941,1.0392371573601007,0.0,0.0,0.0,0.0,0.0,0.0,0.0,0.0,0.0,0.0,0.0,0.0,9.0,9.0,9.0,9.0,9.0,9.0,6.0,6.0,6.0,6.0,6.0,6.0,0.6148723263636875,36.28632912029501,9.149929246371778,0.9341896404068918,-0.016877003641313698,-0.00028255504238089424,4.613670844015282
34.533333333333935,-0.14453657834394526,-0.4983218988222221,0.19617599383665518,0.0033072092085039556,0.00804853515144991,0.0015883062582350395,0.053367315554467866,-0.027488085722215103,0.03265255651265156,0.0,0.0,0.0,-0.14331962049748423,-0.49899422585683256,0.19482058351291617,-0.0012715283615079283,0.01082357703555603,-0.004611377410428477,0.05758779096428235,-0.031055966140030478,0.07429136416709481,0.0,0.0,0.0,1.8428813444052314,1.2369392017736132,1.9711622434520868,1.94792778284302,1.2155448937154947,1.9497614737057105,0.03513843706035048,0.07080372900795091,-0.01148662502964881,1.5394802781398143,2.2232245247564713,1.8848235322628573,-1.843622212231421,-1.328921233316314,2.0169935757848956,0.07092684548639903,-0.03569092610213842,0.12715848378451092,-0.24847391136511182,0.40791894757475655,-0.23416776428831587,0.2787187917836893,0.267986565484978,-0.39353400251389514,1.4481821015587393,1.1184219920991003,-2.2630424254195116,1.575065838549261,2.392126637804941,1.5180860496706106,-1.1614162295949166,-0.9236391599815941,1.0392371573601007,0.0,0.0,0.0,0.0,0.0,0.0,0.0,0.0,0.0,0.0,0.0,0.0,9.0,9.0,9.0,9.0,9.0,9.0,6.0,6.0,6.0,6.0,6.0,6.0,0.5144699762037284,36.14334431931877,9.1280576782481,0.9383310940438102,-0.018722245533507764,-0.00024115693291720808,1.85486115033852
34.56666666666727,-0.14434529941958765,-0.4980910852807061,0.19633236334678728,0.004971050104045242,0.007082150603125493,0.0032593734829151266,0.05297932591613526,-0.029963080414486122,0.04574442532554217,0.0,0.0,0.0,-0.1433131467814923,-0.4986612274769155,0.19473760460974562,-1.1029432098554276e-05,0.010130504714818115,-0.002805440198733599,0.060118154851811045,-0.034441002575126056,0.08723368307676882,0.0,0.0,0.0,1.820283072270356,1.2322843777437442,1.9917868347470835,1.9354074335484366,1.2163298233799582,1.966134976360049,0.03491465685549245,0.07954719787191519,-0.008630729117330718,1.542372662818477,2.2225330427227394,1.8884308381732664,-1.8494783965547952,-1.313013623170048,2.0051955206723613,0.08148997540205755,-0.025726616042020544,0.1145322794696875,-0.1999483235891898,0.45412518545024044,-0.31401702368012924,0.3168938974697554,0.2989293018035363,-0.3787861294447027,1.4557676332776612,1.3861871362645166,-2.3954777817544013,1.575065838549261,2.392126637804941,1.5180860496706106,-1.1614162295949166,-0.9236391599815941,1.0392371573601007,0.0,0.0,0.0,0.0,0.0,0.0,0.0,0.0,0.0,0.0,0.0,0.0,9.0,9.0,9.0,9.0,9.0,9.0,6.0,6.0,6.0,6.0,6.0,6.0,0.5780592324654346,36.15474688995264,9.115300796185306,0.9453959578792693,-0.01948528180327866,-0.00024969306442051975,4.724626536630808
34.6000000000006,-0.14410806331924275,-0.4978900735665417,0.19658283940056254,0.006466727538763928,0.0060729263947813025,0.0056778670477258975,0.04959124243441011,-0.031236146028654575,0.06701469244779859,0.0,0.0,0.0,-0.14326522413445972,-0.49835324908152534,0.19473114924162016,0.0012471509958382387,0.009380306334333918,-0.000559208260204076,0.059290583960665444,-0.03672039808789673,0.10712184783393885,0.0,0.0,0.0,1.7934617636506323,1.226529395678006,2.0124847007491833,1.9188067820025294,1.216039448004671,1.983344017590091,0.03501092966445825,0.08825286448486255,-0.005585451290333338,1.545607312692023,2.222335412666755,1.8913832272957385,-1.852943061694438,-1.2954932922179268,1.990300098149135,0.09185632260493658,-0.012528139800356709,0.09722520893933881,-0.13594274398925316,0.5017816808591716,-0.40258079169123806,0.31099041608637107,0.39595428724991505,-0.5192121159104607,1.9201673879980987,1.429694862267935,-2.6569130403332655,1.575065838549261,2.392126637804941,1.5180860496706106,-1.1614162295949166,-0.9236391599815941,1.0392371573601007,0.0,0.0,0.0,0.0,0.0,0.0,0.0,0.0,0.0,0.0,0.0,0.0,9.0,9.0,9.0,9.0,9.0,9.0,6.0,6.0,6.0,6.0,6.0,6.0,0.602991749399553,36.25854306025737,9.06826231531733,0.9533051487909764,-0.020871915898521304,-0.00026654891596616936,4.79476954706649
34.63333333333393,-0.1438386303636602,-0.4977229273849403,0.19695259617857175,0.0076341626262573445,0.004973449855321889,0.00885238126610646,0.0422684881642663,-0.03360382265617368,0.08868067037722774,0.0,0.0,0.0,-0.1431793714446583,-0.49807390708773003,0.19481703539995632,0.0024136349038804024,0.0085284113279726,0.002160524150646811,0.054234378184649934,-0.041102465370265406,0.1283752782157097,0.0,0.0,0.0,1.7630145283042207,1.2195133607899176,2.0325682654293904,1.8982804939959168,1.2145323963922163,2.001045809076936,0.0354666244888666,0.0965984178232476,-0.0022432317427293594,1.5490720076024376,2.222724994200646,1.893537346763591,-1.853733563135749,-1.2768761100379444,1.9723636639803543,0.09991267240993855,0.0036155840777027833,0.07549079233682807,-0.061124276822638435,0.5396042038860384,-0.49292228060602616,0.24169049415005925,0.48431171634178477,-0.652032498075322,2.2445540149984415,1.1346756908060005,-2.710244667443644,1.575065838549261,2.392126637804941,1.5180860496706106,-1.1614162295949166,-0.9236391599815941,1.0392371573601007,0.0,0.0,0.0,0.0,0.0,0.0,0.0,0.0,0.0,0.0,0.0,0.0,9.0,9.0,9.0,9.0,9.0,9.0,6.0,6.0,6.0,6.0,6.0,6.0,0.5308517856736942,36.340555389144306,9.019784139610362,0.9573481390662119,-0.02308235057700861,-0.0002639464509631151,3.3863511819442853
34.66666666666726,-0.1435562040521442,-0.49758641362617273,0.19741764675801976,0.00830658192063418,0.003929320281677546,0.011806470646737692,0.03005806561588979,-0.03156923386193586,0.08142375495194418,0.0,0.0,0.0,-0.14306244268928786,-0.49782404167299155,0.19499117534922644,0.003388989869883027,0.007639986809090759,0.004844036261006674,0.044520863883489525,-0.04234077722010099,0.1251472403955245,0.0,0.0,0.0,1.729967186181734,1.211461170789926,2.0514319623313413,1.8742650204430402,1.2118117063519946,2.0188726956213707,0.03626201959303566,0.10412892893031257,0.001307526869717885,1.5526315088342444,2.2236542252382736,1.894849011456519,-1.8517995402085714,-1.2577566391082997,1.9519482674646167,0.10449424877278526,0.01978981544511128,0.051396891304170494,0.01830569960267253,0.5622574865549077,-0.572615357183429,0.13744729088540128,0.48522694102225494,-0.7228170309797272,2.382899292759329,0.6795984800660813,-2.3907922973220863,1.575065838549261,2.392126637804941,1.5180860496706106,-1.1614162295949166,-0.9236391599815941,1.0392371573601007,0.0,0.0,0.0,0.0,0.0,0.0,0.0,0.0,0.0,0.0,0.0,0.0,9.0,9.0,9.0,9.0,9.0,9.0,6.0,6.0,6.0,6.0,6.0,6.0,0.38012612796537965,36.275019170129426,8.964567783866933,0.9549814600643746,-0.025578962999165872,-0.00022087435851106396,2.3095093574752075
34.70000000000059,-0.14327475545709265,-0.4974910725102991,0.198001368079876,0.008537239587383817,0.0027041960238762403,0.015143821486778012,0.020191155460774372,-0.036766642701294414,0.09241828751727876,0.0,0.0,0.0,-0.14292106840307559,-0.4976093885007858,0.19526543641214492,0.004164302053574128,0.0065981726721750285,0.007828094608152284,0.03451116406954169,-0.049135227704860895,0.13801290432432367,0.0,0.0,0.0,1.6944380791982765,1.201937161641206,2.0694346481671166,1.8468953852192043,1.2076697145357786,2.036847783980799,0.03713844763656628,0.11097847196164928,0.0050911785589737545,1.5562529050093465,2.22515486957022,1.895390247783001,-1.8475315494248339,-1.2381506756074048,1.9288878167975407,0.10725933975963702,0.03660949178730632,0.027957023631024015,0.09146171554230965,0.5795384322028688,-0.6520807990693291,0.08295272960555237,0.5045902902658511,-0.7031960301943944,2.1946804781891136,0.5184283694388325,-2.3839632565770046,1.575065838549261,2.392126637804941,1.5180860496706106,-1.1614162295949166,-0.9236391599815941,1.0392371573601007,0.0,0.0,0.0,0.0,0.0,0.0,0.0,0.0,0.0,0.0,0.0,0.0,9.0,9.0,9.0,9.0,9.0,9.0,6.0,6.0,6.0,6.0,6.0,6.0,0.3045810163552302,36.29819479382006,8.94867874956057,0.9511918447176375,-0.02742821765686862,-0.00022201172748537168,3.3976921615661135
34.733333333333924,-0.14300410275978148,-0.4974405268236728,0.19870303795193342,0.008423697025415934,0.0013530166309002976,0.01858565038575674,0.013805964674391633,-0.04054901157893772,0.09503708149311019,0.0,0.0,0.0,-0.14276039307198196,-0.49743383629102356,0.19564449028392059,0.004776733013289471,0.005433398822320777,0.010976635773429158,0.026398678020616018,-0.054411165364828484,0.14428026054046317,0.0,0.0,0.0,1.6562135731003809,1.1908295801935798,2.0858311330970207,1.8161371667933124,1.2019518196844035,2.054594748225317,0.038446457111535465,0.1172456783257414,0.009292406232719215,1.5598755507615945,2.2273307128821123,1.894843914407052,-1.8399572407734979,-1.218301899459657,1.9026763466427041,0.10820602829817279,0.05572003016694991,-0.0016076596419684099,0.18197341154082577,0.5901550003559128,-0.7415896694531761,0.028400656156073015,0.5733161513893077,-0.8869404981897727,2.7153508799554835,0.31849704459132044,-2.685266111515409,1.575065838549261,2.392126637804941,1.5180860496706106,-1.1614162295949166,-0.9236391599815941,1.0392371573601007,0.0,0.0,0.0,0.0,0.0,0.0,0.0,0.0,0.0,0.0,0.0,0.0,9.0,9.0,9.0,9.0,9.0,9.0,6.0,6.0,6.0,6.0,6.0,6.0,0.25664695783381475,36.39568484267744,8.873945549092761,0.947406215742746,-0.02934161297443985,-0.00024055204914782968,4.748999776755538
34.766666666667255,-0.14275039471150155,-0.49742534406726363,0.19948623336782445,0.008067297041475366,0.0001752139349488393,0.021340812698913168,0.009918364112674768,-0.03519827647328795,0.07471308043382473,0.0,0.0,0.0,-0.14258402525350036,-0.49729590294924253,0.1961160948766808,0.00527155994214494,0.004289036578619445,0.013832248456066749,0.020544425045395887,-0.0528138099221902,0.12873906926983691,0.0,0.0,0.0,1.6166265423491664,1.178198908291854,2.101279061188972,1.7825537002992218,1.1946239957159523,2.0722635007935906,0.03957645700189631,0.12245265730414535,0.013591145024232167,1.5634333807367942,2.2299578485341884,1.893630982930059,-1.8304654931074955,-1.1985394904768543,1.8742995954878758,0.10722527560338493,0.07111605643050037,-0.02479451608718014,0.25049275716698854,0.5919665131080293,-0.8147315795809603,-0.02942258084363571,0.46188078790651393,-0.6956056933563519,2.0555803687848826,0.05434538256349484,-2.194257303833529,1.575065838549261,2.392126637804941,1.5180860496706106,-1.1614162295949166,-0.9236391599815941,1.0392371573601007,0.0,0.0,0.0,0.0,0.0,0.0,0.0,0.0,0.0,0.0,0.0,0.0,9.0,9.0,9.0,9.0,9.0,9.0,6.0,6.0,6.0,6.0,6.0,6.0,0.1298934187010955,36.248286124334676,8.883171053451756,0.9341667914915183,-0.0312817904186084,-0.00019656227338754606,1.756157630410983
34.80000000000059,-0.1425106155102918,-0.49745297770594865,0.20036042434380313,0.0076873220837555475,-0.0010862501940202534,0.024037441136168642,0.012991027342180123,-0.03783268867398802,0.07264133327016777,0.0,0.0,0.0,-0.14239231726453103,-0.49719913886835454,0.19668343550667516,0.00573971483237951,0.003056274755018287,0.01672591161762261,0.019091924518846337,-0.05642584544107443,0.12916449432457355,0.0,0.0,0.0,1.5751123830180458,1.163858953189989,2.1151478600287397,1.746077463528267,1.1855390446001803,2.0895366943286304,0.04094512093338715,0.12693888005809847,0.018253063607858982,1.5669129995223119,2.233179374184432,1.891400208195912,-1.8179754519992821,-1.1789792189986463,1.8429849240914205,0.10533413424481418,0.08813586514837657,-0.05288033337866796,0.3332984078865968,0.5885276006001684,-0.8978706211227594,-0.05673424075712257,0.5105942615362861,-0.8425745187446346,2.4841695215882478,-0.10316737523582646,-2.4941712462539707,1.575065838549261,2.392126637804941,1.5180860496706106,-1.1614162295949166,-0.9236391599815941,1.0392371573601007,0.0,0.0,0.0,0.0,0.0,0.0,0.0,0.0,0.0,0.0,0.0,0.0,9.0,9.0,9.0,9.0,9.0,9.0,6.0,6.0,6.0,6.0,6.0,6.0,0.11465123854855408,36.364785734553045,8.818035951993735,0.9252718458993601,-0.032985753819323727,-0.00021459554018349314,4.470572277176212
34.83333333333392,-0.14227516241097826,-0.49751999492365984,0.20131573768853245,0.007487287167597112,-0.002297464502470696,0.02647675515328723,0.02244307763097685,-0.036687720404493016,0.06401224826027647,0.0,0.0,0.0,-0.14218166033471571,-0.4971437326089772,0.19734392971635895,0.006297095977157673,0.0018058722650711328,0.019557693581737784,0.023175357573460342,-0.056639976146474424,0.12485773895221675,0.0,0.0,0.0,1.531329005812683,1.1477262561413928,2.127085403117698,1.7066037265427274,1.1745869764609504,2.1061228329917965,0.04269611104663689,0.13088529460687137,0.02335495249079323,1.5703136320210203,2.2370511762493805,1.887948758817825,-1.8017789674521199,-1.1597435041401216,1.8082138504554195,0.10312402805577324,0.10681466301509496,-0.08665576535463122,0.4350291602387779,0.5808901640372192,-0.994711679760941,-0.06630318567122828,0.5603639360015515,-1.013262959278898,3.0519225705654325,-0.22912309688847768,-2.9052317591454493,1.575065838549261,2.392126637804941,1.5180860496706106,-1.1614162295949166,-0.9236391599815941,1.0392371573601007,0.0,0.0,0.0,0.0,0.0,0.0,0.0,0.0,0.0,0.0,0.0,0.0,9.0,9.0,9.0,9.0,9.0,9.0,6.0,6.0,6.0,6.0,6.0,6.0,0.12786652030818346,36.50811752070105,8.749254807390322,0.9145155025069982,-0.03451771551055344,-0.00023772312962380693,4.676608515279102
34.86666666666725,-0.14202942881515976,-0.49762695109277266,0.20234288031125994,0.007632757514368038,-0.0034838427064929553,0.028600395436258603,0.036945549473776304,-0.03632804941791007,0.05318041179852086,0.0,0.0,0.0,-0.1419450092512197,-0.49713104890590026,0.19809338008110314,0.007049709530354105,0.0005179271614290141,0.02227105922795513,0.032257797538190136,-0.05781125637693396,0.11793957588435422,0.0,0.0,0.0,1.4853648376063264,1.1297726269656432,2.1369544915644374,1.6641692158110775,1.161696713346,2.1218107487865656,0.0447732762648933,0.13427673089754716,0.02888179049330543,1.573627358208921,2.241593432106758,1.8831970246179126,-1.7816694082264224,-1.1410745115536167,1.76983159692825,0.10064919977660704,0.12645000481925278,-0.12391993911645557,0.5472009045935385,0.5670099064091703,-1.099215630463701,-0.07424484837498593,0.5890602541247347,-1.1179252128547303,3.3651523306428186,-0.4164077288414664,-3.135118521082804,1.575065838549261,2.392126637804941,1.5180860496706106,-1.1614162295949166,-0.9236391599815941,1.0392371573601007,0.0,0.0,0.0,0.0,0.0,0.0,0.0,0.0,0.0,0.0,0.0,0.0,9.0,9.0,9.0,9.0,9.0,9.0,6.0,6.0,6.0,6.0,6.0,6.0,0.13341604715390065,36.647385790779076,8.700820214113152,0.8991397475036703,-0.03602926259691738,-0.0002452080821992164,3.4468629527755357
34.90000000000058,-0.14177988992844753,-0.49776211322175096,0.2034109738573966,0.007753965514641477,-0.0044041430977437065,0.029994709074857177,0.0393144536326458,-0.028647121496748668,0.030681559927428367,0.0,0.0,0.0,-0.14168310778619791,-0.49715709051201484,0.19891627518783456,0.007811905872653577,-0.0006719186085101392,0.02456523404664803,0.03240247177668243,-0.05252663479702857,0.09681744487870869,0.0,0.0,0.0,1.4382107342706552,1.110437575408278,2.14498098302053,1.6192224117278413,1.1470273329599343,2.1365522986659995,0.04688973569449497,0.13669882992831542,0.03453954007484923,1.5767925928800701,2.246669299753748,1.8773757415709174,-1.758445870491784,-1.1232996628983096,1.7287544576678378,0.0968544266818499,0.1436673545462191,-0.15773230731205795,0.6468710562239487,0.5445002752425316,-1.1879479953628105,-0.11384319284271398,0.5165204918089894,-1.0143710458680708,2.990104548912305,-0.6752889349991579,-2.661970946973283,1.575065838549261,2.392126637804941,1.5180860496706106,-1.1614162295949166,-0.9236391599815941,1.0392371573601007,0.0,0.0,0.0,0.0,0.0,0.0,0.0,0.0,0.0,0.0,0.0,0.0,9.0,9.0,9.0,9.0,9.0,9.0,6.0,6.0,6.0,6.0,6.0,6.0,0.04770478868186023,36.65114097802806,8.702615977115219,0.8765320683820256,-0.0373512475017409,-0.00019375650643405073,1.3705647255007278
34.93333333333391,-0.14150464202598054,-0.4979287642025769,0.2045258122283115,0.008298901232861741,-0.0052867162884136145,0.0312256706844491,0.05512681281795485,-0.027717847805313257,0.02421421979286678,0.0,0.0,0.0,-0.14138713012068452,-0.4972223791348639,0.1998103504243863,0.008803478265849804,-0.0018603750239979365,0.026738121628667837,0.0430104775979383,-0.051919202939680886,0.09014572462146253,0.0,0.0,0.0,1.389695756129171,1.0896363113430376,2.151135113903243,1.5718460476113552,1.130574051647681,2.1502128810833163,0.049051613846566255,0.13836366176011788,0.04040525946347886,1.579835912471294,2.2523440889414426,1.8703991008138348,-1.731914859163532,-1.10654831106827,1.6846954002279948,0.09315120071842649,0.16138490193596663,-0.19211025091233663,0.7462439119730226,0.5165271283483064,-1.2771638139177954,-0.11109677890270264,0.531526421692426,-1.0313383080083605,2.9811856724722188,-0.8391944068267582,-2.6764745566495467,1.575065838549261,2.392126637804941,1.5180860496706106,-1.1614162295949166,-0.9236391599815941,1.0392371573601007,0.0,0.0,0.0,0.0,0.0,0.0,0.0,0.0,0.0,0.0,0.0,0.0,9.0,9.0,9.0,9.0,9.0,9.0,6.0,6.0,6.0,6.0,6.0,6.0,0.05749786253969258,36.830232171299926,8.689569310878083,0.853997804263588,-0.038363742542304624,-0.0001873022113442202,2.6485638707521932
34.966666666667244,-0.1411967826291401,-0.4981281053711613,0.2056850256839085,0.009113830764239293,-0.006156395302518386,0.0323051938013543,0.06621760668856194,-0.02740272272037262,0.01743660100300297,0.0,0.0,0.0,-0.14105193341342845,-0.497327430988536,0.2007716977088168,0.009961793298723392,-0.003061668882830893,0.028791526848950425,0.0505182558041537,-0.05200693365019582,0.08365742018047673,0.0,0.0,0.0,1.3400078669611553,1.067488619207941,2.1550959469246935,1.5222190758503522,1.1123862148987076,2.1625240992846706,0.05132801827324834,0.13924701402699552,0.04653330527234115,1.5827193253082417,2.25868112387144,1.8621410529781446,-1.7018606506896474,-1.0911886113834162,1.637670083435515,0.08871865697843122,0.18053566591193979,-0.22919770701791564,0.8498321401353658,0.47936970314651167,-1.3662276071555295,-0.1329763121998582,0.5745229192791944,-1.1126236831673701,3.1076468448702936,-1.1147227560538417,-2.6719137971320244,1.575065838549261,2.392126637804941,1.5180860496706106,-1.1614162295949166,-0.9236391599815941,1.0392371573601007,0.0,0.0,0.0,0.0,0.0,0.0,0.0,0.0,0.0,0.0,0.0,0.0,9.0,9.0,9.0,9.0,9.0,9.0,6.0,6.0,6.0,6.0,6.0,6.0,0.039683075352370034,37.061177405133165,8.664360946204896,0.8281360968982404,-0.039317858443358666,-0.00017575784025908314,2.8979959278659697
35.000000000000576,-0.14087018022560882,-0.49834930977064446,0.2068674566049936,0.009735502918224885,-0.006801248936218302,0.032965046562823494,0.062194648382806916,-0.02079810056694698,0.0044730218813380795,0.0,0.0,0.0,-0.14068173789305902,-0.49746720661764604,0.20178621904628544,0.011035490160353326,-0.004134315542125513,0.030462383336912473,0.04598458822506801,-0.04537175312077668,0.06474462186732755,0.0,0.0,0.0,1.2904053190509475,1.0446771011467102,2.157451807479504,1.4709835059668475,1.0928138588415517,2.1735665005450526,0.05331356033860139,0.13885185820790413,0.05246231802699003,1.5853961397216678,2.2654881627942913,1.8530398546368516,-1.6697977914606048,-1.0773751561107117,1.58919266564517,0.08310917392800045,0.1963193337610078,-0.2584232024984958,0.9245345646259734,0.43605900650292834,-1.4249575581920741,-0.16828449151292305,0.47351003547204035,-0.8767648644174058,2.2410727347182284,-1.2993208993074996,-1.7618985310963406,1.575065838549261,2.392126637804941,1.5180860496706106,-1.1614162295949166,-0.9236391599815941,1.0392371573601007,0.0,0.0,0.0,0.0,0.0,0.0,0.0,0.0,0.0,0.0,0.0,0.0,9.0,9.0,9.0,9.0,9.0,9.0,6.0,6.0,6.0,6.0,6.0,6.0,-0.06065976035140208,37.10700462136385,8.714869261262859,0.7947062028216325,-0.03961736968871088,-9.673137488241945e-05,1.008502199693205
35.03333333333391,-0.14051268619554316,-0.4985896002940492,0.2080799812512122,0.010527674985271344,-0.007295400589376035,0.033575227804027385,0.06883115753031463,-0.01625568081636258,0.0011131865110132477,0.0,0.0,0.0,-0.14027293028875545,-0.4976389084862,0.20285243351364488,0.012189765844112384,-0.005115308952833901,0.032037895558191136,0.04937588500611767,-0.0405861697806591,0.05973742856413322,0.0,0.0,0.0,1.2408471551752818,1.021212796532565,2.15760377109198,1.4183957819036568,1.0719524556731703,2.1829795223137016,0.05527643610131872,0.1373796950345776,0.05848277753866048,1.587832491788758,2.2728827850214626,1.8428689454530163,-1.635196235740972,-1.0655382433315483,1.5390293312399694,0.07643009931780764,0.2133322224637601,-0.2895592511762066,1.0002093026013115,0.3820912577509094,-1.4782525408347016,-0.20037223830578402,0.5103866610825694,-0.9340814603313241,2.27024213926014,-1.6190324625605683,-1.5988494792788261,1.575065838549261,2.392126637804941,1.5180860496706106,-1.1614162295949166,-0.9236391599815941,1.0392371573601007,0.0,0.0,0.0,0.0,0.0,0.0,0.0,0.0,0.0,0.0,0.0,0.0,9.0,9.0,9.0,9.0,9.0,9.0,6.0,6.0,6.0,6.0,6.0,6.0,-0.10243688596156608,37.37076791294741,8.702768675723961,0.7626139921416416,-0.04008600724345013,-7.468450937569981e-05,2.9639459171205207
35.06666666666724,-0.1401190065424019,-0.49884048454094926,0.20932193770061902,0.011479969973111688,-0.007567355189629508,0.03415593968441142,0.07474764451320161,-0.009730043592164294,-0.0012189611778282566,0.0,0.0,0.0,-0.13982309194630865,-0.49783706400575356,0.20396611188908467,0.013418250654213742,-0.005941034546188445,0.033489706102330916,0.05243275786718815,-0.03283899259812806,0.05344989931615274,0.0,0.0,0.0,1.1918235582272134,0.9974757995720283,2.155594874674744,1.3648595617965549,1.0500560791929783,2.190585813979168,0.05712868338375336,0.1347337144383766,0.06445114118615683,1.5900148971427606,2.280832217069916,1.8317597399415608,-1.5985952811925936,-1.055881164659927,1.4878370633146951,0.06912480685265185,0.2300993817903169,-0.3187038606211819,1.065422191834667,0.3205053260160631,-1.5165962054503892,-0.21915877395467376,0.5030147797967038,-0.8743382833492586,1.9563866770006648,-1.8475779520453903,-1.1503099384706283,1.575065838549261,2.392126637804941,1.5180860496706106,-1.1614162295949166,-0.9236391599815941,1.0392371573601007,0.0,0.0,0.0,0.0,0.0,0.0,0.0,0.0,0.0,0.0,0.0,0.0,9.0,9.0,9.0,9.0,9.0,9.0,6.0,6.0,6.0,6.0,6.0,6.0,-0.1448025013271047,37.60279557012647,8.72340004566258,0.7268838539428507,-0.040025856070389776,-3.294328024455728e-05,2.087143166168134
35.10000000000057,-0.1397054743538437,-0.49909447340881524,0.21057153463937925,0.01216182616928051,-0.00763171100063738,0.0343477393776176,0.06661754607016444,-0.0038069209763898666,-0.013015825384604135,0.0,0.0,0.0,-0.1393392303238558,-0.49805569184137827,0.2051134192730786,0.014476338473281537,-0.006588954379407107,0.034565365676289116,0.04382346590722852,-0.024118699538434818,0.035232560955997805,0.0,0.0,0.0,1.144061912234572,0.9739185391567813,2.1517187464432723,1.310913516491098,1.0274588744666262,2.196344003864957,0.058686832964386496,0.13073966051752103,0.07014472203382364,1.5919080714606784,2.28919159475987,1.8199922073059402,-1.5609620520993206,-1.0484554218801256,1.4366466515025864,0.06090508864257622,0.24388734772917986,-0.34158527291946883,1.1078053124770175,0.2553499642680482,-1.5293403047256404,-0.2465915463022689,0.4136389781658893,-0.6864423689486081,1.2714936192705193,-1.9546608524404467,-0.38232297825753697,1.575065838549261,2.392126637804941,1.5180860496706106,-1.1614162295949166,-0.9236391599815941,1.0392371573601007,0.0,0.0,0.0,0.0,0.0,0.0,0.0,0.0,0.0,0.0,0.0,0.0,9.0,9.0,9.0,9.0,9.0,9.0,6.0,6.0,6.0,6.0,6.0,6.0,-0.23290293742930035,37.72416797489876,8.76486107752846,0.6865470198434035,-0.039236557575901054,2.668435379288292e-05,1.5930549190123844
35.1333333333339,-0.13926274626416243,-0.49934493914126493,0.21183621108262907,0.012944170431592841,-0.007502420581661693,0.034521464422894985,0.0694637356326434,0.0016702625096227212,-0.014813716605333177,0.0,0.0,0.0,-0.13882043117217777,-0.4982891539697057,0.20629323797184046,0.01553253678512895,-0.007064658463872906,0.03555623403832086,0.04334497739544041,-0.01577329550269102,0.031102366220429722,0.0,0.0,0.0,1.0973356412545978,0.9506206535534852,2.1455898921563406,1.2567575420557604,1.0043462295248924,2.199960633880552,0.06014274546457339,0.1257045311725139,0.07575597691345953,1.5935044726942469,2.2980557040840353,1.8074271826184576,-1.521959040343425,-1.0434745788703659,1.3853256133285639,0.05222972088556445,0.2585779690596971,-0.36516225138947506,1.1493286726102476,0.18473351495121165,-1.5362008650556673,-0.26026103271035317,0.4407186399155168,-0.7073093541001861,1.2457008039969046,-2.1184934795050956,-0.2058168099008042,1.575065838549261,2.392126637804941,1.5180860496706106,-1.1614162295949166,-0.9236391599815941,1.0392371573601007,0.0,0.0,0.0,0.0,0.0,0.0,0.0,0.0,0.0,0.0,0.0,0.0,9.0,9.0,9.0,9.0,9.0,9.0,6.0,6.0,6.0,6.0,6.0,6.0,-0.2574158650366305,38.04147013200417,8.771073569111648,0.6479155941603728,-0.03845533211556329,4.3802735797626724e-05,2.859409528421206
35.16666666666723,-0.1387902503125252,-0.4995854601642092,0.2131180430922774,0.01377888279510145,-0.007198528997260392,0.03471139800033303,0.07080698977365155,0.006383195729041877,-0.01546565130511024,0.0,0.0,0.0,-0.13826764395197494,-0.49853169843829975,0.20750333102195742,0.016563698429111703,-0.007366090407968019,0.036476667364574514,0.04177860447381265,-0.007432268773725603,0.027706320143985774,0.0,0.0,0.0,1.0516253598378618,0.9277137627531276,2.137089775202467,1.202589802345862,0.9809176901748276,2.2012181702844904,0.06150235972589479,0.11978866621285258,0.08130726416804634,1.5947918218534909,2.3074521486884643,1.7940689850226632,-1.4816901688839323,-1.0410561086928685,1.3340547143407806,0.0431568901467364,0.27412154844181563,-0.3888847023790456,1.188486986726605,0.10994724186701904,-1.5374849347742219,-0.2721849221648416,0.46630738146355666,-0.7116735296871165,1.1747494234907236,-2.2435881925257783,-0.03852209155663783,1.575065838549261,2.392126637804941,1.5180860496706106,-1.1614162295949166,-0.9236391599815941,1.0392371573601007,0.0,0.0,0.0,0.0,0.0,0.0,0.0,0.0,0.0,0.0,0.0,0.0,9.0,9.0,9.0,9.0,9.0,9.0,6.0,6.0,6.0,6.0,6.0,6.0,-0.28275193630657847,38.377894296607025,8.785700340335072,0.6073646293836017,-0.03730475982546788,5.6622156083152575e-05,2.7525836131147505
35.200000000000564,-0.1382948915314345,-0.49980971798978224,0.21441410606175035,0.014503383359747846,-0.006741641168206654,0.034886000219702035,0.06703835083735993,0.010311673430963106,-0.016099335365469813,0.0,0.0,0.0,-0.13768506938499397,-0.4987774631739622,0.20873889818881589,0.017482363536917137,-0.007490155791699096,0.03726256554625636,0.036076715798705195,0.0009558982765396351,0.021301364732085215,0.0,0.0,0.0,1.0070829646627697,0.905332436963854,2.12645972605605,1.1486528835462464,0.9573873634184785,2.2000729777290093,0.06260563985377379,0.11307202604934166,0.08667811698114823,1.5957693867981626,2.3173156191014614,1.7800989578931141,-1.4407341640738789,-1.0411222195858099,1.2832854827593259,0.0339369289423475,0.28864325774055155,-0.4090287767173292,1.2152824251099368,0.03532686276351478,-1.5278796098871688,-0.2765988361316671,0.4356512789620781,-0.6043222301485082,0.8038631514999524,-2.238611373105128,0.2881597466115913,1.575065838549261,2.392126637804941,1.5180860496706106,-1.1614162295949166,-0.9236391599815941,1.0392371573601007,0.0,0.0,0.0,0.0,0.0,0.0,0.0,0.0,0.0,0.0,0.0,0.0,9.0,9.0,9.0,9.0,9.0,9.0,6.0,6.0,6.0,6.0,6.0,6.0,-0.3188598201102948,38.654558513359525,8.824533152904742,0.5641368243272732,-0.03555363543760759,7.348027158493586e-05,2.1933602154015692
35.233333333333896,-0.13779076121114653,-0.5000157926178881,0.21570434806136804,0.014919801226425231,-0.006234144702955628,0.034761443297026774,0.05648741997775411,0.011171334310348287,-0.023823311755957338,0.0,0.0,0.0,-0.13708091126265268,-0.4990224267734682,0.20998732376131737,0.018172118978404934,-0.007484029068174917,0.03770244173618722,0.024910201864566606,0.007000657116988052,0.004909104608894932,0.0,0.0,0.0,0.9641278637593618,0.883855533740307,2.1142604549241217,1.095306913398437,0.9340842820390524,2.1966744696316063,0.06323946987296444,0.10549072379364152,0.09155858548051587,1.5964566949363477,2.3274556395524235,1.7658631665611024,-1.4000586761609946,-1.0433407776395378,1.2339107831245597,0.02505847241114903,0.2990148282660931,-0.4210587522126752,1.218603899960997,-0.03259554015338689,-1.4967871959910453,-0.266353695935954,0.31114711576624593,-0.3608992648603805,0.09964424553180368,-2.03767208750705,0.9327724168837026,1.575065838549261,2.392126637804941,1.5180860496706106,-1.1614162295949166,-0.9236391599815941,1.0392371573601007,0.0,0.0,0.0,0.0,0.0,0.0,0.0,0.0,0.0,0.0,0.0,0.0,9.0,9.0,9.0,9.0,9.0,9.0,6.0,6.0,6.0,6.0,6.0,6.0,-0.36243850207783623,38.803001392364784,8.879219675442872,0.5180804299593675,-0.033056455427091125,0.00011303488366976033,1.9839629942430035
35.26666666666723,-0.13727736184328493,-0.5001985806633595,0.2169870137564121,0.015250994999290647,-0.005634487016720158,0.034585426005785805,0.052240325909394224,0.01350995682932752,-0.024056978353796776,0.0,0.0,0.0,-0.1364588672421223,-0.4992619258724354,0.21124359063095657,0.018732234249159915,-0.007338160175126906,0.03796141527662688,0.01860562837520341,0.013431060920891191,-0.0034327140705752157,0.0,0.0,0.0,0.9228478779912531,0.8633405052176157,2.1008429991822855,1.042812186351436,0.911212850464401,2.191160753760412,0.0632939764937715,0.0971966361826521,0.0958728557439166,1.5968894253788684,2.3377643906543497,1.7515784511429382,-1.3601948742483128,-1.047465766869791,1.1862648954221675,0.01700743298746279,0.305846631460549,-0.4260472257675094,1.2034773382406365,-0.09336496465619265,-1.4518468193781917,-0.24153118271058716,0.20495409583367794,-0.14965420664502746,-0.4537968516108116,-1.8230827350841725,1.3482112983856038,1.575065838549261,2.392126637804941,1.5180860496706106,-1.1614162295949166,-0.9236391599815941,1.0392371573601007,0.0,0.0,0.0,0.0,0.0,0.0,0.0,0.0,0.0,0.0,0.0,0.0,9.0,9.0,9.0,9.0,9.0,9.0,6.0,6.0,6.0,6.0,6.0,6.0,-0.37294056582654767,38.99333956688815,8.927953168421743,0.47277829794962245,-0.030487423624849797,0.0001327861496840388,2.1233386117492254
35.30000000000056,-0.13675809799798283,-0.5003574973106977,0.21825126369844278,0.015490677179565489,-0.005009796204873225,0.03423863912953545,0.04742833447154805,0.014061661780780714,-0.02790556640770836,0.0,0.0,0.0,-0.13582338798244326,-0.4994931044044,0.21250062221736196,0.019158028674885714,-0.0070978872550821505,0.03801082181713569,0.012156001880677447,0.017632095359982003,-0.01304477230832024,0.0,0.0,0.0,0.8833010353640466,0.8438304668132803,2.0864790449319504,0.991396437992842,0.8889375821383927,2.1836702127753918,0.0627163657837396,0.0883326238895248,0.0995695870094521,1.5970931059708016,2.348132413457593,1.7374071820271249,-1.32150704553298,-1.0532608773072956,1.1405987415930106,0.009742756167817338,0.3093093332183869,-0.4254411242387697,1.17491568705353,-0.14702386363548553,-1.3972720163758692,-0.21794030458936364,0.1038810527351352,0.01818304586219178,-0.8568495356131982,-1.6097669693787868,1.6372440900696787,1.575065838549261,2.392126637804941,1.5180860496706106,-1.1614162295949166,-0.9236391599815941,1.0392371573601007,0.0,0.0,0.0,0.0,0.0,0.0,0.0,0.0,0.0,0.0,0.0,0.0,9.0,9.0,9.0,9.0,9.0,9.0,6.0,6.0,6.0,6.0,6.0,6.0,-0.3788719001380645,39.18279156104628,8.95851424820436,0.4276455641692678,-0.02784064103260575,0.00014433116506940014,2.3563754788602274
35.33333333333389,-0.13624272282120353,-0.5004938775529434,0.2194767891943198,0.015506477543227499,-0.0044137170175840195,0.033490416637135215,0.03798183086485712,0.013143040774043505,-0.03838359014610079,0.0,0.0,0.0,-0.13518176267264692,-0.4997143379159046,0.2137468775290605,0.019375481836599772,-0.0068018013844155486,0.03773107117565948,0.00226197832000663,0.019952768511057428,-0.02824053001487714,0.0,0.0,0.0,0.8456484807366343,0.8255886037882437,2.0715177636904003,0.9413153923803596,0.8674995522610626,2.1743980666013516,0.061499070542651024,0.07894601552543604,0.1024900490200813,1.597098043445241,2.3584114476212794,1.723539565949825,-1.2843786259483234,-1.0603654672966691,1.0973568297670424,0.0033463348780602455,0.3086837943465248,-0.419166029625591,1.1342069540443132,-0.1910997543326343,-1.3305955753113192,-0.19189263869271278,-0.018766166155862008,0.18825283839535933,-1.2212619902765025,-1.322276720914463,2.000293231936496,1.575065838549261,2.392126637804941,1.5180860496706106,-1.1614162295949166,-0.9236391599815941,1.0392371573601007,0.0,0.0,0.0,0.0,0.0,0.0,0.0,0.0,0.0,0.0,0.0,0.0,9.0,9.0,9.0,9.0,9.0,9.0,6.0,6.0,6.0,6.0,6.0,6.0,-0.38295109729756693,39.327470764783435,8.978239278213897,0.3830615898536858,-0.024957509753954277,0.0001684636762737668,2.5565196874790166
35.36666666666722,-0.1357268032564636,-0.500609697492918,0.22066111387897985,0.015536006085404754,-0.0038643239561104437,0.032614261544503344,0.03553778441785999,0.012077428189834628,-0.040725653184853675,0.0,0.0,0.0,-0.13453628280102384,-0.49992484070791726,0.21497734813532682,0.019502851110647736,-0.0064773240499780334,0.037273358815368945,-0.001887651930447376,0.020947817729798146,-0.03607060987024413,0.0,0.0,0.0,0.8099675568199018,0.8083676750607659,2.056323555372828,0.892786081786512,0.8469208290641893,2.163587367767946,0.05951104079599058,0.0692083401075832,0.10464243524841757,1.596947874330386,2.368475078765299,1.7101601620803697,-1.249218924555334,-1.0685256459290298,1.0565692732432723,-0.0018879373377512993,0.3041672209959034,-0.4073100872643017,1.0812630125412275,-0.2269034907580909,-1.2592829889125081,-0.15702816647434634,-0.13549720051864297,0.35567827083868053,-1.5883182450925715,-1.074112092763698,2.1393775919643323,1.575065838549261,2.392126637804941,1.5180860496706106,-1.1614162295949166,-0.9236391599815941,1.0392371573601007,0.0,0.0,0.0,0.0,0.0,0.0,0.0,0.0,0.0,0.0,0.0,0.0,9.0,9.0,9.0,9.0,9.0,9.0,6.0,6.0,6.0,6.0,6.0,6.0,-0.3654685986668822,39.477967185730364,8.9943846780352,0.33958150641241447,-0.022267595850112176,0.00016532530081270203,2.4094778608310996
35.40000000000055,-0.13520896645545247,-0.5007089515521912,0.22180129820623384,0.01559665826524562,-0.0034043138827583672,0.031644801068839705,0.03372032261876926,0.009919511258200907,-0.04255386135276858,0.0,0.0,0.0,-0.1338891880426852,-0.5001247965115307,0.21618866288175034,0.019559059882063384,-0.006153586842696845,0.03670249848462709,-0.005090284068800521,0.02055204372650099,-0.04073644068818094,0.0,0.0,0.0,0.7761316903027717,0.7920276309161409,2.040995558839882,0.8459266524157076,0.8272054452927197,2.1513967516358767,0.05681178132531524,0.059330657292774695,0.10609519260807765,1.5966659519839552,2.378282459480503,1.6972933817204312,-1.2160057018635644,-1.077585972253262,1.018091463320085,-0.006267759374529424,0.2975366879693848,-0.39310563628686906,1.024685458015803,-0.2568410234040075,-1.1893171947679115,-0.13139466110334375,-0.19891599079555666,0.42613352932297816,-1.6973266357627348,-0.8981259793774977,2.098973824337899,1.575065838549261,2.392126637804941,1.5180860496706106,-1.1614162295949166,-0.9236391599815941,1.0392371573601007,0.0,0.0,0.0,0.0,0.0,0.0,0.0,0.0,0.0,0.0,0.0,0.0,9.0,9.0,9.0,9.0,9.0,9.0,6.0,6.0,6.0,6.0,6.0,6.0,-0.3425592730407876,39.690403927347525,8.991272898073232,0.2982994931170265,-0.01982967373244371,0.00015362806060437162,2.6113700827859
35.433333333333884,-0.13468754853431736,-0.5007939130432895,0.22289812501192433,0.015698740050391038,-0.003012025175215906,0.03065659091380094,0.03244260401859341,0.008502596904035778,-0.0424192059878446,0.0,0.0,0.0,-0.13324204936757608,-0.5003140519396984,0.21737913504083503,0.019564221945927194,-0.005826194221073781,0.036071675266717944,-0.0073014703735436726,0.020377438926066027,-0.04283059398502198,0.0,0.0,0.0,0.7439301684087305,0.7764415565345465,2.0257083041902373,0.8007757672352568,0.8083416849885763,2.13801132301624,0.05344964493052169,0.049528173338722684,0.10685305556518129,1.5962863316331517,2.3878043896347316,1.6849657658736759,-1.1846886823097262,-1.0873243208643053,0.9817197277411289,-0.009681660140912004,0.2896174990743653,-0.37758752903073056,0.9679022104153625,-0.2803806466888688,-1.1238737765017586,-0.10241702299147741,-0.23757566685058604,0.46554321768415463,-1.7034974280132127,-0.706188698545839,1.963302547984588,1.575065838549261,2.392126637804941,1.5180860496706106,-1.1614162295949166,-0.9236391599815941,1.0392371573601007,0.0,0.0,0.0,0.0,0.0,0.0,0.0,0.0,0.0,0.0,0.0,0.0,9.0,9.0,9.0,9.0,9.0,9.0,6.0,6.0,6.0,6.0,6.0,6.0,-0.30360495853143177,39.931756940264975,8.985528756472334,0.25953035319128803,-0.017460880298042714,0.0001366248999231101,2.532370395634604
35.466666666667216,-0.1341691214985716,-0.5008669525759744,0.2239419009989443,0.015679881827243027,-0.002678337982267876,0.029478757534257428,0.026085823799459864,0.007359437424264183,-0.04715807225010063,0.0,0.0,0.0,-0.13259941417911666,-0.5004926624659582,0.21854261243155215,0.01944440154677267,-0.005499886962861031,0.035273368349164926,-0.013008985686200347,0.019986384803763357,-0.05003156278710463,0.0,0.0,0.0,0.7136267131854327,0.7618698088017404,2.010625940761361,0.7575409784467765,0.790463730734494,2.1236310257034994,0.049526717655343264,0.03970417915097993,0.10683606134628061,1.5958293422822822,2.396938800302638,1.6732835572365938,-1.1554530642692722,-1.0975030595687196,0.9478157141221051,-0.012367007064360364,0.2792273797162493,-0.35950668241854894,0.9073464309475388,-0.29703498965124153,-1.0527048645477302,-0.08056040770345078,-0.3117035807434806,0.5424253983654492,-1.816673384034713,-0.49963028887118244,2.1350673586208555,1.575065838549261,2.392126637804941,1.5180860496706106,-1.1614162295949166,-0.9236391599815941,1.0392371573601007,0.0,0.0,0.0,0.0,0.0,0.0,0.0,0.0,0.0,0.0,0.0,0.0,9.0,9.0,9.0,9.0,9.0,9.0,6.0,6.0,6.0,6.0,6.0,6.0,-0.2855490794842801,40.09595287956355,8.976752355250262,0.22200666256774348,-0.01512457814307222,0.00015437699758868995,3.225915574180525
35.50000000000055,-0.1336439186565844,-0.500931806082164,0.22494299048617308,0.015811946954845564,-0.002423219081379619,0.028450862478019565,0.028153757268611298,0.00572140412528898,-0.04190572785308545,0.0,0.0,0.0,-0.1319596560343917,-0.5006615258543939,0.21968080939573603,0.01934823849711111,-0.0051971337645618,0.03449498736356985,-0.011580585508314645,0.018537695158221013,-0.048244745698153846,0.0,0.0,0.0,0.6851578949081215,0.7481558534042122,1.996059097600013,0.7163135665859202,0.7735536134182962,2.1085248522963322,0.04502725409168798,0.030015064399729733,0.10601744521004941,1.5953537608917945,2.4056350199208008,1.662332266210399,-1.128428212048828,-1.1078508365341602,0.9162472811040359,-0.01363396349787473,0.2670001856020039,-0.33886138133007704,0.8429458547247319,-0.305967202525893,-0.9822702818772948,-0.038008693005431006,-0.3668158234273619,0.6193590326541571,-1.9320172866842034,-0.2679663862395434,2.113037480113061,1.575065838549261,2.392126637804941,1.5180860496706106,-1.1614162295949166,-0.9236391599815941,1.0392371573601007,0.0,0.0,0.0,0.0,0.0,0.0,0.0,0.0,0.0,0.0,0.0,0.0,9.0,9.0,9.0,9.0,9.0,9.0,6.0,6.0,6.0,6.0,6.0,6.0,-0.2214483553568274,40.28966859845614,8.973636221228245,0.18693457290652452,-0.012922250430249749,0.00014925593487380429,2.739638098692712
35.53333333333388,-0.13310724989205946,-0.5009910208209781,0.22590673451756987,0.016086524410718266,-0.002235518816786755,0.02755767659340785,0.030245643971689565,0.004342205444247687,-0.03746701689417106,0.0,0.0,0.0,-0.13132144898660952,-0.5008211961949665,0.2207953885168596,0.01929002071246536,-0.00491237361556588,0.0337629970171949,-0.009495411426621914,0.017377483786797043,-0.045236849240335886,0.0,0.0,0.0,0.6584852954457839,0.7353009011977447,1.9819388293153029,0.6771716270920373,0.7576197820777826,2.0928252724159604,0.04010931495172285,0.020537138482416027,0.10451669016069676,1.5948732284669174,2.4139067364523474,1.652068243583676,-1.1034573867112605,-1.1183368767154134,0.8869307840650216,-0.014155302996836629,0.25443439249826755,-0.31823424631115593,0.7803984583262585,-0.3117098711336923,-0.9137533680727187,-0.015640184968856937,-0.3769737931120896,0.6188140505676336,-1.8764218919542028,-0.17228005823397996,2.055507414137284,1.575065838549261,2.392126637804941,1.5180860496706106,-1.1614162295949166,-0.9236391599815941,1.0392371573601007,0.0,0.0,0.0,0.0,0.0,0.0,0.0,0.0,0.0,0.0,0.0,0.0,9.0,9.0,9.0,9.0,9.0,9.0,6.0,6.0,6.0,6.0,6.0,6.0,-0.1781615375040595,40.52547284224505,8.957699464260193,0.1541949100548516,-0.011182976060077676,0.00014803289362458338,3.0528433085461506
35.56666666666721,-0.1325669871314393,-0.5010452293038506,0.22682466137774446,0.0162463785594138,-0.002069403526888577,0.0265351502058923,0.024549819374657354,0.004282286905484642,-0.04072542100085244,0.0,0.0,0.0,-0.13068825132717274,-0.5009716543252154,0.22188189930173782,0.019148189606696345,-0.004629952100098531,0.03292328660748088,-0.013224981913970701,0.01698212804399013,-0.04961419240731324,0.0,0.0,0.0,0.6336388066015474,0.7234008327664017,1.9686190119300748,0.6401962662933769,0.7427106698694139,2.076817282474197,0.03482194159840164,0.011286200510146276,0.10220553997444554,1.5944281932237387,2.421668842240614,1.6425871958722316,-1.0806378941818786,-1.128583469689996,0.8599372223158865,-0.013619139195849169,0.24005357993142434,-0.29569903633260786,0.7165226700297238,-0.3088351498695483,-0.8444556910069402,0.01608491402962378,-0.43142437700529584,0.6760562993564417,-1.9162736488960437,0.08624163792432017,2.0789303119733544,1.575065838549261,2.392126637804941,1.5180860496706106,-1.1614162295949166,-0.9236391599815941,1.0392371573601007,0.0,0.0,0.0,0.0,0.0,0.0,0.0,0.0,0.0,0.0,0.0,0.0,9.0,9.0,9.0,9.0,9.0,9.0,6.0,6.0,6.0,6.0,6.0,6.0,-0.12933689852143027,40.6761617345244,8.945804141739961,0.12407504357312053,-0.009138065431722131,0.0001530498478682918,3.09012206828044
35.60000000000054,-0.13201391842286292,-0.501097558922897,0.22770848093779383,0.016551905185101436,-0.0019697992291759867,0.025665117496590093,0.027105655520119357,0.002717493854278309,-0.035972214957476684,0.0,0.0,0.0,-0.13005748577516155,-0.5011137868219503,0.22294384742978504,0.019060726851637795,-0.004370950499085244,0.032158646925702944,-0.010349495618807047,0.015594086004234953,-0.04525668168765229,0.0,0.0,0.0,0.610249549061848,0.7122668261879659,1.9559481391228675,0.6052955579446081,0.728756341750196,2.060599091296009,0.029328528189594458,0.0025045103235540565,0.09929242553618879,1.5940291756308116,2.429020284919873,1.6337416027025995,-1.0595607022269777,-1.1386470795252195,0.8348118016249455,-0.012520064923824719,0.22704671356232484,-0.27547820883684637,0.6603847291079278,-0.30421724666098854,-0.7839936441544672,0.032972228160733516,-0.3902059910729854,0.6066248248728449,-1.68413822765388,0.13853709625679234,1.8138614055741908,1.575065838549261,2.392126637804941,1.5180860496706106,-1.1614162295949166,-0.9236391599815941,1.0392371573601007,0.0,0.0,0.0,0.0,0.0,0.0,0.0,0.0,0.0,0.0,0.0,0.0,9.0,9.0,9.0,9.0,9.0,9.0,6.0,6.0,6.0,6.0,6.0,6.0,-0.07901797587094372,40.957790299035345,8.924547838842834,0.09652592502804874,-0.007780547573378316,0.0001339317401938267,2.704567670472078
35.63333333333387,-0.13144753975999254,-0.5011455682485184,0.22856023056272579,0.01691541849422064,-0.0018419385754466534,0.024856615481724843,0.027320892448825088,0.003904804874435095,-0.03403117206853939,0.0,0.0,0.0,-0.12942846270684835,-0.5012465253626536,0.22398171620006452,0.018999303522780602,-0.004087956081309737,0.03141805574930071,-0.008862042410517468,0.016484193143886827,-0.0433947342821841,0.0,0.0,0.0,0.5880246752925246,0.7017671837125052,1.9439349085812956,0.5723457660970565,0.7156817068326382,2.04429555708345,0.02372892742261135,-0.005662194482131708,0.09585157325656775,1.5936875901214902,2.4360014845499043,1.6254661573667877,-1.039968490728454,-1.1484627620917376,0.8112193257418638,-0.01100506516103602,0.2153062304547359,-0.25733497632851976,0.6119724730064454,-0.29771940021735666,-0.7331807323797889,0.04544999288366099,-0.3522144932276679,0.5442969752497986,-1.4523676830444716,0.19493539330895582,1.5243873532403471,1.575065838549261,2.392126637804941,1.5180860496706106,-1.1614162295949166,-0.9236391599815941,1.0392371573601007,0.0,0.0,0.0,0.0,0.0,0.0,0.0,0.0,0.0,0.0,0.0,0.0,9.0,9.0,9.0,9.0,9.0,9.0,6.0,6.0,6.0,6.0,6.0,6.0,-0.03893174865618532,41.22002890231442,8.906542520540818,0.07137979074697771,-0.006526480692187642,0.00011096028219548248,2.7037269530710395
35.666666666667204,-0.1308708146821571,-0.5011842260948927,0.22937782660806227,0.017238894066507218,-0.001604117824915801,0.024003432242566083,0.024749679438622055,0.007475644416760456,-0.03524961805189538,0.0,0.0,0.0,-0.12880200553341278,-0.5013673313122747,0.2249937896580249,0.01892059191041162,-0.00373592820635293,0.03063707083473842,-0.00945902487267114,0.01951205445293347,-0.04463590519543814,0.0,0.0,0.0,0.5667692124863497,0.6917703146327014,1.9325533748189525,0.5412344691106081,0.7033995145835449,2.0280123462571686,0.018100650349918274,-0.013135615991710668,0.09197401622994622,1.5934009337303827,2.4426314964993163,1.6177188276255556,-1.0216761184743144,-1.1580131969513332,0.7889022043031952,-0.009401482875829686,0.2043689824731593,-0.2407249202674805,0.5698382694182754,-0.29024849726436436,-0.6907360062333016,0.04810746855618998,-0.3281174394472981,0.49830168183117823,-1.264026107645101,0.22412708858976854,1.2733417843946202,1.575065838549261,2.392126637804941,1.5180860496706106,-1.1614162295949166,-0.9236391599815941,1.0392371573601007,0.0,0.0,0.0,0.0,0.0,0.0,0.0,0.0,0.0,0.0,0.0,0.0,9.0,9.0,9.0,9.0,9.0,9.0,6.0,6.0,6.0,6.0,6.0,6.0,-0.022454202190322015,41.443389635067824,8.889476638409514,0.04794181206205832,-0.005430569005270058,8.997034227187228e-05,2.8862581307281525
35.700000000000536,-0.13029583933557726,-0.5012137445242755,0.23015127916149863,0.017304129547214078,-0.0013268116349667118,0.0229290296234403,0.01547385683584139,0.00879797783689693,-0.04142039362702077,0.0,0.0,0.0,-0.1281831891357302,-0.50147556998697,0.2259742071285759,0.018708269128980902,-0.0033574104913795264,0.02969899279567336,-0.01558864674868854,0.020484726647218565,-0.05142920120630601,0.0,0.0,0.0,0.5465763132677617,0.6825590827034015,1.9220787293236277,0.5119589469734981,0.6919914007303947,2.0119800338171947,0.012543249534384546,-0.02007099462027174,0.0875187066082225,1.5931963933716622,2.4488544979126834,1.610559674588327,-1.0047156417661987,-1.166963502497942,0.7680688572731611,-0.007224634799688536,0.192583022425058,-0.22342470083373178,0.5291556239684093,-0.2757556100202972,-0.6469122760117832,0.0653054422842345,-0.3535788014430384,0.5190065830124609,-1.2204793634959845,0.43478661732201473,1.3147119066455482,1.575065838549261,2.392126637804941,1.5180860496706106,-1.1614162295949166,-0.9236391599815941,1.0392371573601007,0.0,0.0,0.0,0.0,0.0,0.0,0.0,0.0,0.0,0.0,0.0,0.0,9.0,9.0,9.0,9.0,9.0,9.0,6.0,6.0,6.0,6.0,6.0,6.0,0.008145110392893562,41.57803582624824,8.875357414279176,0.02586021820389564,-0.003934403376196105,0.00010043991031324917,3.65445462246871
35.73333333333387,-0.12972385890568927,-0.50122792999967,0.230882794805217,0.01725923438497208,-0.0009173628210232456,0.02179743451160591,0.01087721361398145,0.012702511949367213,-0.04287803335902717,0.0,0.0,0.0,-0.12757397376714819,-0.5015680916172256,0.22692175765844955,0.018425610484770698,-0.002893712937723515,0.028706719243366787,-0.018639126860164,0.024244403722556207,-0.05325925642260154,0.0,0.0,0.0,0.5269376500298547,0.6738694668975121,1.9123562451119194,0.48428285036205637,0.6813458434743654,1.996259030528357,0.007171122541629785,-0.02620625204576229,0.08268907464366665,1.593058667690895,2.4547716228133685,1.603845707933481,-0.9886468098283667,-1.1754068232209836,0.7481493531213149,-0.005162725215238267,0.18253683882205066,-0.20875423337483018,0.49776184674610924,-0.2607849511342654,-0.6140275083741848,0.06185728753350805,-0.30138550809022074,0.4401140237670482,-0.9418133166690021,0.44911976658095304,0.9865430291279522,1.575065838549261,2.392126637804941,1.5180860496706106,-1.1614162295949166,-0.9236391599815941,1.0392371573601007,0.0,0.0,0.0,0.0,0.0,0.0,0.0,0.0,0.0,0.0,0.0,0.0,9.0,9.0,9.0,9.0,9.0,9.0,6.0,6.0,6.0,6.0,6.0,6.0,0.01949515293241766,41.82104631336321,8.85885919766137,0.005945697571926631,-0.0030471379180414537,7.3031904366333e-05,2.5165307799350183
35.7666666666672,-0.1291592130414776,-0.5012200840276818,0.23157292445331537,0.017092843049925577,-0.00034143830039243955,0.020623878888913254,0.00620532474433633,0.017444619328433768,-0.04406359566006086,0.0,0.0,0.0,-0.12697697156731597,-0.5016409364528097,0.22783516665912276,0.01806517778673119,-0.002315207797273959,0.02767388615596283,-0.022013303603794387,0.02937516937739737,-0.054433876482127275,0.0,0.0,0.0,0.5072764507960845,0.6656040689043369,1.9030800193349282,0.45787406934504726,0.6713854819375931,1.9808025969508276,0.0021812017455420905,-0.03135117155772699,0.07768495141049438,1.5929543849126495,2.460531840673773,1.5973688848056187,-0.9728624258965813,-1.1835121616024973,0.7286246319998192,-0.003806563969989299,0.1760499701487744,-0.1991212070155191,0.48160829421774265,-0.2490350846750307,-0.5951702585546422,0.04068483735746904,-0.19460606019828763,0.2889907907793319,-0.48460657585099715,0.352495993777042,0.5657174945862801,1.575065838549261,2.392126637804941,1.5180860496706106,-1.1614162295949166,-0.9236391599815941,1.0392371573601007,0.0,0.0,0.0,0.0,0.0,0.0,0.0,0.0,0.0,0.0,0.0,0.0,9.0,9.0,9.0,9.0,9.0,9.0,6.0,6.0,6.0,6.0,6.0,6.0,0.009113092677405898,42.13779654262131,8.841065479326982,-0.012358347915026532,-0.0024956115468970363,4.0536620472625406e-05,2.211521839656272
35.80000000000053,-0.1286102051768948,-0.5011938462896767,0.23221864418158825,0.016720376134888644,0.00021765764451068398,0.019373899200358386,-0.000997687204889297,0.016786521932046057,-0.04592093981964451,0.0,0.0,0.0,-0.12639650874988445,-0.5016944984583147,0.22871112352914344,0.017581580655009223,-0.0017300616680983464,0.026549890633562535,-0.027513877216794214,0.02930464562314672,-0.05801775579366675,0.0,0.0,0.0,0.4878410839614197,0.6577779919627763,1.8942586118459213,0.4327011405153064,0.6620750713253897,1.9656693601425295,-0.0024780567890036916,-0.03573226813507775,0.07253759857668593,1.592867984731748,2.4660909501818837,1.5911684312744117,-0.9575166447418445,-1.1912750770653884,0.7096712264968277,-0.002996858274695093,0.1698655135451415,-0.19038280629598406,0.46745172116731837,-0.2382700041494962,-0.5774581962447117,0.02429117085882619,-0.18553369810898657,0.2621520215860516,-0.42469719151272894,0.32295241576603495,0.5313618692979158,1.575065838549261,2.392126637804941,1.5180860496706106,-1.1614162295949166,-0.9236391599815941,1.0392371573601007,0.0,0.0,0.0,0.0,0.0,0.0,0.0,0.0,0.0,0.0,0.0,0.0,9.0,9.0,9.0,9.0,9.0,9.0,6.0,6.0,6.0,6.0,6.0,6.0,-0.01864844468041582,42.28746913739882,8.821243148562848,-0.03258386494248955,-0.0017744893656828076,3.924293857489325e-05,3.3014940172178813
35.83333333333386,-0.12808145633019907,-0.501147294973585,0.23282215421399896,0.016188088714055318,0.0007999167173727596,0.018119714183273395,-0.006612326586918384,0.017144541961313733,-0.045825137804862026,0.0,0.0,0.0,-0.12583603428975856,-0.5017274986836936,0.22954887546020428,0.016990788047856028,-0.0011110876043851532,0.025393348927172196,-0.03219650524192241,0.030536468677822448,-0.05878510153479555,0.0,0.0,0.0,0.46805358305206196,0.6503347160502546,1.8856763214034091,0.40844557111034374,0.6533637754113129,1.9508167184140455,-0.006630822841265007,-0.039155347136113704,0.06737054924506222,1.5927747747652201,2.471596985034349,1.5850487215094469,-0.942053388305051,-1.1987999257334365,0.6908130756067395,-0.0028631520887883923,0.16674253489768415,-0.185855130731289,0.4650823691249769,-0.2299203080774604,-0.5696490832166662,0.004011185577201012,-0.09368935942372132,0.13583026694085124,-0.0710805612702438,0.2504908821610742,0.23427339084136695,1.575065838549261,2.392126637804941,1.5180860496706106,-1.1614162295949166,-0.9236391599815941,1.0392371573601007,0.0,0.0,0.0,0.0,0.0,0.0,0.0,0.0,0.0,0.0,0.0,0.0,9.0,9.0,9.0,9.0,9.0,9.0,6.0,6.0,6.0,6.0,6.0,6.0,-0.03385937155991092,42.568500934983966,8.804399250232088,-0.05086105051200793,-0.0012176805092718457,1.665024966591988e-05,2.114696732915659
35.86666666666719,-0.12757807179028408,-0.5010812172406182,0.23338542742035195,0.015499861914047668,0.0013753009674842068,0.016903301329110745,-0.012016039584663924,0.016657340262521504,-0.04425214810572628,0.0,0.0,0.0,-0.1252990426092424,-0.5017399334339427,0.23034757893663782,0.01629402312523688,-0.00048721585055183886,0.024210615267627876,-0.036773755746711156,0.030384679774178025,-0.05925679878064605,0.0,0.0,0.0,0.4478985654013007,0.6431932296283304,1.8775239465636189,0.3849553409004249,0.6451819239799393,1.936355138384421,-0.010356218717644514,-0.041716076833417014,0.062110306928488235,1.5926863236284212,2.477025232790914,1.5790550978942088,-0.9265670876652516,-1.2059475943559332,0.6719888917420811,-0.002723406765573662,0.16414580009719654,-0.1818241825485252,0.46475346917098037,-0.21959347514241917,-0.566366705032056,0.004192359696441907,-0.07790204401462816,0.12092844548291429,-0.009866998619896249,0.3098049880512363,0.09847134553830478,1.575065838549261,2.392126637804941,1.5180860496706106,-1.1614162295949166,-0.9236391599815941,1.0392371573601007,0.0,0.0,0.0,0.0,0.0,0.0,0.0,0.0,0.0,0.0,0.0,0.0,9.0,9.0,9.0,9.0,9.0,9.0,6.0,6.0,6.0,6.0,6.0,6.0,-0.029515730110504235,42.733136350762905,8.793802343932438,-0.07012105994598779,-0.0003600005745971746,2.1518954291532832e-06,2.588451944231007
35.900000000000524,-0.12710288390450808,-0.5009965414528306,0.23391234512331022,0.014703483004519416,0.001930756295421874,0.015778990303914827,-0.015914156952590533,0.01581707125988092,-0.04094256071519126,0.0,0.0,0.0,-0.1247881950358233,-0.501732044312539,0.23110766510918662,0.015513026961212695,0.00013092340929763845,0.023035574723186146,-0.040271503254016405,0.02973666174749834,-0.05812618512722789,0.0,0.0,0.0,0.42749932916613087,0.6363117451216412,1.8697553378066512,0.3621694248825927,0.6374727352307548,1.9223252875076238,-0.013686084958880802,-0.043554883410073485,0.0568348536963966,1.592588948704336,2.4823665996083295,1.5731999525988176,-0.911137707451118,-1.2127729168202657,0.6532537448983472,-0.002855300736894339,0.16154260304737175,-0.17771096675733494,0.4635054273396671,-0.20970427433412422,-0.5634918385520291,-0.003956819139620308,-0.07809591149474314,0.12339647373570768,-0.03744125493939775,0.2966760242488483,0.08624599440080742,1.575065838549261,2.392126637804941,1.5180860496706106,-1.1614162295949166,-0.9236391599815941,1.0392371573601007,0.0,0.0,0.0,0.0,0.0,0.0,0.0,0.0,0.0,0.0,0.0,0.0,9.0,9.0,9.0,9.0,9.0,9.0,6.0,6.0,6.0,6.0,6.0,6.0,-0.04584622248118775,42.864140865623895,8.780216460305578,-0.09023082391467153,0.00029539837616665565,-2.0772972990357186e-07,2.598263389257355
35.933333333333856,-0.12665564973800636,-0.500896871729784,0.23440256995327935,0.013876220188575913,0.002413457561846185,0.014689041093164887,-0.017548879240076573,0.013547914221463182,-0.039191125569324255,0.0,0.0,0.0,-0.12430468741295458,-0.501705396499815,0.23182824691891651,0.014688924959846885,0.0007075490137128502,0.021839168665166702,-0.041781095116528943,0.02740132172624321,-0.05840723953247462,0.0,0.0,0.0,0.4072919902150841,0.6297304250094002,1.8623701178048884,0.34019037440311434,0.6302163995985586,1.9087770026056134,-0.016707070723234102,-0.044940339336545086,0.05159426442420292,1.5924789989743167,2.4875444627835486,1.5675687760912351,-0.8960645900718314,-1.2193042677129908,0.6349359593530433,-0.0031507615126884904,0.15740479785350414,-0.17186051907076413,0.4559641566989554,-0.20052844263254155,-0.5541863237567543,-0.00886382327382455,-0.12413415581602812,0.17551343059712463,-0.22623811922135162,0.2752749510474806,0.2791654438582451,1.575065838549261,2.392126637804941,1.5180860496706106,-1.1614162295949166,-0.9236391599815941,1.0392371573601007,0.0,0.0,0.0,0.0,0.0,0.0,0.0,0.0,0.0,0.0,0.0,0.0,9.0,9.0,9.0,9.0,9.0,9.0,6.0,6.0,6.0,6.0,6.0,6.0,-0.0664782742826755,42.911920445908734,8.760805444368762,-0.11132821008088899,0.0008989555131346805,1.7340509630640443e-05,2.9390895133048045
35.96666666666719,-0.12623485831302106,-0.500782012031841,0.23486403539363002,0.013069388884886695,0.0028796235449717643,0.013773900133507178,-0.017561482149100027,0.013011765875844655,-0.03327408949786766,0.0,0.0,0.0,-0.12384884027906089,-0.5016601821572674,0.23251212862738196,0.013850451723191761,0.001272858283154006,0.02071248903700383,-0.04191640107150185,0.026537951887338096,-0.05436530002399831,0.0,0.0,0.0,0.3873712779816601,0.62333113157656,1.8553376542447875,0.3190309558467135,0.623335306574529,1.895734008586034,-0.019464708587140174,-0.04590985309068929,0.04645087726515221,1.5923506580961353,2.4925481152719198,1.5621832242728133,-0.8814523127758931,-1.2256009067071876,0.6170270526024932,-0.003617071401186823,0.15254131571859822,-0.16499787605868932,0.4442335981517511,-0.19277559409478273,-0.5429069095965832,-0.013989296654949976,-0.14590446404717775,0.20587929036224414,-0.35191675641612885,0.23258545613276446,0.3383824248051324,1.575065838549261,2.392126637804941,1.5180860496706106,-1.1614162295949166,-0.9236391599815941,1.0392371573601007,0.0,0.0,0.0,0.0,0.0,0.0,0.0,0.0,0.0,0.0,0.0,0.0,9.0,9.0,9.0,9.0,9.0,9.0,6.0,6.0,6.0,6.0,6.0,6.0,-0.08175874796537763,42.99894072487657,8.745197433253992,-0.13161971071167075,0.0013979827401295886,2.0647805181225887e-05,2.1982752715971836
36.00000000000052,-0.12583912410636924,-0.5006566937799442,0.23530535783382953,0.012296654874400596,0.003252322595153072,0.013095525705009338,-0.017044394115985358,0.010191992862593638,-0.02552177538225426,0.0,0.0,0.0,-0.12342058692325976,-0.5015985229224506,0.23316342369453208,0.013011877572375158,0.0017814713178706879,0.01970286426098258,-0.04138216932056005,0.023532048251045268,-0.04813397033414235,0.0,0.0,0.0,0.3678859030781809,0.6171105210602026,1.848780861584276,0.2987194802589023,0.6167874438992882,1.8832778502864653,-0.02200024089081011,-0.04656830367390174,0.04136145199548678,1.5922211731859388,2.4973525648615467,1.5570862208322327,-0.8674532214667092,-1.2315704560297152,0.599618636730374,-0.003795388670990147,0.14693609703207267,-0.15693936083117593,0.4280596922342621,-0.18364951781547775,-0.5291372873079143,-0.005349518094099727,-0.16815656059576675,0.24175545682540134,-0.4852171775246702,0.27378228837914964,0.41308866866006444,1.575065838549261,2.392126637804941,1.5180860496706106,-1.1614162295949166,-0.9236391599815941,1.0392371573601007,0.0,0.0,0.0,0.0,0.0,0.0,0.0,0.0,0.0,0.0,0.0,0.0,9.0,9.0,9.0,9.0,9.0,9.0,6.0,6.0,6.0,6.0,6.0,6.0,-0.0686941361152138,43.084688131901444,8.730347792750424,-0.1514409663178189,0.002068451058589993,2.604227545972837e-05,2.101822522813323
36.03333333333385,-0.12546905834010944,-0.5005274829014823,0.23573585430780386,0.011523200623555352,0.003468820846614513,0.012688120720863318,-0.017448595061641967,0.0055013679036763595,-0.01676250125639374,0.0,0.0,0.0,-0.1230204401398415,-0.5015238380840121,0.23378733538865124,0.012160332330824,0.002193133098931215,0.018845440324265276,-0.04147762980684511,0.018652596216243822,-0.04031769320037393,0.0,0.0,0.0,0.34910801087672794,0.6110666106312793,1.8426676514287759,0.2793488626349094,0.6105403970108826,1.8714365943948463,-0.024361363551079075,-0.04705325556557437,0.03639007508040935,1.5920839005876377,2.5019352554540304,1.5523021721912433,-0.8542429907129959,-1.2372480175547487,0.5828927450926455,-0.004010581523015267,0.1406325108603613,-0.14799409309684564,0.4068911791523526,-0.1747677364391635,-0.5108969285238734,-0.0064557855607536045,-0.18910758515134138,0.2683580320299092,-0.635055392457284,0.26645344128942783,0.5472107635212298,1.575065838549261,2.392126637804941,1.5180860496706106,-1.1614162295949166,-0.9236391599815941,1.0392371573601007,0.0,0.0,0.0,0.0,0.0,0.0,0.0,0.0,0.0,0.0,0.0,0.0,9.0,9.0,9.0,9.0,9.0,9.0,6.0,6.0,6.0,6.0,6.0,6.0,-0.07436953366507715,43.160124997211696,8.710533011968172,-0.17117144568141127,0.00259927222154821,3.853112933847186e-05,1.9817895486205273
36.06666666666718,-0.12512379759282594,-0.5004010443124401,0.2361529128808422,0.01076675579940248,0.003503043443548342,0.012319383602031742,-0.01731685265095832,3.049153920387307e-05,-0.015050451966639285,0.0,0.0,0.0,-0.12264828986060754,-0.5014400912676946,0.23438470226938182,0.011309999464385451,0.0024878333227610094,0.01803255697837349,-0.04090761640912821,0.012884344552743343,-0.037728888812542216,0.0,0.0,0.0,0.33117744811882693,0.6052782953669587,1.836995104142686,0.26097995070602026,0.604600914554215,1.8602355951831298,-0.026534552673395405,-0.04745207872752684,0.031553567124270224,1.5919438751716497,2.506282117599588,1.5478260052259187,-0.8418520846737955,-1.242612564952598,0.5669793470275932,-0.004137368827432766,0.13381474653126768,-0.1388547036721101,0.3834485138347925,-0.16554686010337846,-0.48856693747567215,-0.00380361913252497,-0.2045329298728085,0.27418168274206595,-0.7032799595268031,0.27662629007355083,0.6698997314460368,1.575065838549261,2.392126637804941,1.5180860496706106,-1.1614162295949166,-0.9236391599815941,1.0392371573601007,0.0,0.0,0.0,0.0,0.0,0.0,0.0,0.0,0.0,0.0,0.0,0.0,9.0,9.0,9.0,9.0,9.0,9.0,6.0,6.0,6.0,6.0,6.0,6.0,-0.07000783877729866,43.23176086161162,8.685249810570925,-0.18955774256632651,0.0031245323466277952,5.261015757676568e-05,1.7397471044004125
36.10000000000051,-0.12480256968637127,-0.5002880814149435,0.23657042622078372,0.010031720972347401,0.0032649458734927955,0.012241071645272567,-0.016896594340514194,-0.008156022004221813,-0.0058801410955286616,0.0,0.0,0.0,-0.12230391896912594,-0.5013533978533607,0.2349625081177575,0.010465741925733286,0.002607024355771209,0.017407048039872842,-0.040123357945362814,0.004402793701025587,-0.028383692137096794,0.0,0.0,0.0,0.31415583405731157,0.5996845594949974,1.8317037068961315,0.24364357182759974,0.5989288291057645,1.849667515312035,-0.028540601212186382,-0.047768807499101625,0.02691105473293371,1.5917938133540672,2.5104248297254586,1.5436152305073418,-0.8303074553681686,-1.2477194285966697,0.5518779522115747,-0.0043803592941260286,0.1274591580278268,-0.13050039559557491,0.3587087573908001,-0.15731955958255617,-0.4648835421455941,-0.007289714000797866,-0.19066765510322614,0.2506292422960561,-0.7421926933197718,0.24681901562466896,0.7105018599023428,1.575065838549261,2.392126637804941,1.5180860496706106,-1.1614162295949166,-0.9236391599815941,1.0392371573601007,0.0,0.0,0.0,0.0,0.0,0.0,0.0,0.0,0.0,0.0,0.0,0.0,9.0,9.0,9.0,9.0,9.0,9.0,6.0,6.0,6.0,6.0,6.0,6.0,-0.07102016816538326,43.34728284468648,8.661732990066795,-0.20745677240110494,0.0035219631599148205,5.7244053825622476e-05,1.4480576179895008
36.133333333333844,-0.12450304668466096,-0.500198634597495,0.23699478931781595,0.009350906630709855,0.002736769214911566,0.012387119893581518,-0.015351908191599595,-0.016835943314519847,0.001180369344476127,0.0,0.0,0.0,-0.12198622788525623,-0.501270445347825,0.23552606503540877,0.009651080462326767,0.002527284624696046,0.016946841920904728,-0.038239231899851234,-0.005089829192398199,-0.02020851420310299,0.0,0.0,0.0,0.2980665293638898,0.5940537145385,1.826725066148008,0.22735125459494335,0.5934025268847162,1.8397064054453582,-0.03045460319699281,-0.04794637223475979,0.02252933466326522,1.591621192860701,2.5143692071838104,1.5396413551659534,-0.8196745812911075,-1.2526769070460484,0.537469975821559,-0.00491252963203417,0.12137393517630983,-0.1229776386929602,0.3322270673381562,-0.15158942218175944,-0.44312070851551205,-0.015965110137244266,-0.18255668554550936,0.2256827070784413,-0.7944507015793176,0.1719041220239018,0.6528850089024607,1.575065838549261,2.392126637804941,1.5180860496706106,-1.1614162295949166,-0.9236391599815941,1.0392371573601007,0.0,0.0,0.0,0.0,0.0,0.0,0.0,0.0,0.0,0.0,0.0,0.0,9.0,9.0,9.0,9.0,9.0,9.0,6.0,6.0,6.0,6.0,6.0,6.0,-0.08383516993131312,43.44225879191145,8.634546480424497,-0.2246003611741607,0.0037624293164628675,4.809382271091234e-05,1.2850117040557738
36.166666666667176,-0.12422505699985542,-0.500132686679187,0.23741885215403527,0.008691468730552526,0.002110848850481111,0.012460465156073864,-0.014853241171308535,-0.019750490068706994,-0.0007224455639728011,0.0,0.0,0.0,-0.12169468221542941,-0.50119406719682,0.23607490909689066,0.008854879954042558,0.0023448209746774426,0.01649930438656787,-0.036916997534514495,-0.00989115143236674,-0.019399775933778063,0.0,0.0,0.0,0.28293198759884275,0.5885662882461065,1.8220764047136147,0.21210725167523034,0.588053902953724,1.8303586327783878,-0.03219872231128589,-0.04806853613650482,0.018367076664128672,1.5914380418746286,2.51811500285389,1.5358904182974422,-0.8098675457191413,-1.2574117282257258,0.5238590876423763,-0.005300529598794764,0.11537389179369649,-0.11601128360120733,0.30688306721870956,-0.14522623098746432,-0.4199246664221563,-0.011639999002817793,-0.1800013014784002,0.20899065275258644,-0.7603200035834,0.19089573582885355,0.6958812628006728,1.575065838549261,2.392126637804941,1.5180860496706106,-1.1614162295949166,-0.9236391599815941,1.0392371573601007,0.0,0.0,0.0,0.0,0.0,0.0,0.0,0.0,0.0,0.0,0.0,0.0,9.0,9.0,9.0,9.0,9.0,9.0,6.0,6.0,6.0,6.0,6.0,6.0,-0.07223798401017434,43.52747162737679,8.61315138657275,-0.2388152508182939,0.00416250705181942,5.576828361350539e-05,1.330128880826886
36.20000000000051,-0.12396705157837151,-0.5001003010596837,0.2378508871462286,0.00807042757707764,0.0012504107691015663,0.0126724460005587,-0.013759900631470288,-0.026743639853207872,0.0036546823501030674,0.0,0.0,0.0,-0.1214283128476302,-0.5011307014475267,0.23661367130369654,0.00808670960513661,0.0019807773857972027,0.01617345929494658,-0.03516412418546988,-0.01838949264829992,-0.013416980642793508,0.0,0.0,0.0,0.26871854720507504,0.5830750334612288,1.8176881832058949,0.19789373114931946,0.582810252649002,1.821592707093466,-0.0338122691880704,-0.04807656443080812,0.014476106617885372,1.5912340926761497,2.5216922350526567,1.532311385305319,-0.8008780824567985,-1.2620074495929554,0.5109346790636713,-0.005845827169175932,0.11000260790656799,-0.11025108770953485,0.28208362098642725,-0.14032317100707725,-0.3984630603814852,-0.016358927111435065,-0.16113851661385492,0.17280587675017434,-0.743983386968469,0.14709179941161202,0.6438481812201328,1.575065838549261,2.392126637804941,1.5180860496706106,-1.1614162295949166,-0.9236391599815941,1.0392371573601007,0.0,0.0,0.0,0.0,0.0,0.0,0.0,0.0,0.0,0.0,0.0,0.0,9.0,9.0,9.0,9.0,9.0,9.0,6.0,6.0,6.0,6.0,6.0,6.0,-0.07498538604444849,43.63276540541678,8.590446442397088,-0.25296941049525634,0.0043874686637057625,5.006373661588237e-05,1.1304121601557875
36.23333333333384,-0.12372917539844183,-0.5001040748457358,0.2382880246326148,0.007459478238731812,0.00025804945075190086,0.012870032496896978,-0.013509283634431858,-0.03063056200678553,0.0034076490288344214,0.0,0.0,0.0,-0.12118666036457469,-0.5010844664324678,0.2371432480369151,0.007334798828325433,0.0014834620975856905,0.01588891828025146,-0.03400067127900974,-0.024490995925949832,-0.01133441521871692,0.0,0.0,0.0,0.2554064520130231,0.5775219247511248,1.8135151327515207,0.184691824461763,0.5776176850556771,1.813377953016453,-0.03530188114321592,-0.047959770394014514,0.01087125683588271,1.591002847831391,2.525102933873872,1.5288828633102558,-0.792678985973316,-1.2665036953150486,0.4986451424133213,-0.006573505951568186,0.10488151239316,-0.10532080247110803,0.2580098033317922,-0.13669930477755368,-0.3786117531341618,-0.021830363471767585,-0.15363286540223953,0.1479085571528043,-0.7222145296390523,0.10871598688570694,0.5955392174197034,1.575065838549261,2.392126637804941,1.5180860496706106,-1.1614162295949166,-0.9236391599815941,1.0392371573601007,0.0,0.0,0.0,0.0,0.0,0.0,0.0,0.0,0.0,0.0,0.0,0.0,9.0,9.0,9.0,9.0,9.0,9.0,6.0,6.0,6.0,6.0,6.0,6.0,-0.082701021327787,43.71438053540777,8.569485408797062,-0.2654588531652273,0.004578517177360908,4.4991179418529814e-05,1.084116715147772
36.26666666666717,-0.12351022559724525,-0.5001371437382596,0.23871933656724728,0.006875778332607105,-0.0006439822221082142,0.012839023234198116,-0.012876913224066193,-0.02785944057980746,-0.003258119742541032,0.0,0.0,0.0,-0.12096879470978025,-0.5010550433468801,0.23766030490126835,0.006609552662892912,0.000974776710815699,0.015524374033915694,-0.03236382479340838,-0.024724233861199707,-0.015051314832653873,0.0,0.0,0.0,0.24298000173495918,0.5721445384706879,1.8095886930381255,0.17248009996346625,0.5725496596279814,1.8057164808882356,-0.036576868333319995,-0.04780613654169328,0.007494563514169321,1.5907622948657303,2.5283433570543825,1.525605977252227,-0.7851459607086344,-1.2708045410378965,0.4871003403177951,-0.007002227963735124,0.09976896774126678,-0.10064465531761224,0.2366637730708966,-0.13158334938281158,-0.35709995962191177,-0.012861660365008137,-0.15337633955679653,0.1402844146048739,-0.6403809078268682,0.1534786618422631,0.6453538053675003,1.575065838549261,2.392126637804941,1.5180860496706106,-1.1614162295949166,-0.9236391599815941,1.0392371573601007,0.0,0.0,0.0,0.0,0.0,0.0,0.0,0.0,0.0,0.0,0.0,0.0,9.0,9.0,9.0,9.0,9.0,9.0,6.0,6.0,6.0,6.0,6.0,6.0,-0.06333034374856195,43.78861081825511,8.557499711952557,-0.2751705603705745,0.004898600081271853,5.536643159287369e-05,1.1441794135986143
36.3000000000005,-0.12331056180535999,-0.5001996642873394,0.23913831383855103,0.006293990817059378,-0.0015215321746938505,0.012597625307340297,-0.01309985634974056,-0.02706466338621088,-0.009361310248024338,0.0,0.0,0.0,-0.12077444161693138,-0.5010438839328628,0.23816196756089977,0.005895549738574018,0.0004270528860953655,0.015073732039353801,-0.03148770594665917,-0.026277520136444465,-0.019015870691619696,0.0,0.0,0.0,0.23141587063978009,0.5670274073745284,1.80588139139017,0.1612347288659839,0.5676500243972765,1.7985898573262409,-0.03761485740683527,-0.04763319560801643,0.004351971580072996,1.5905133771983502,2.53142133054621,1.5224567800009063,-0.7781895955873381,-1.2749005691588509,0.4763245680277127,-0.007312429335516049,0.09481579241697197,-0.09653216346561463,0.2180152267828897,-0.12578167888002395,-0.3345487656756181,-0.009306041153427749,-0.14859525972884474,0.12337475555992843,-0.5594563886402066,0.1740501150836288,0.6765358183888109,1.575065838549261,2.392126637804941,1.5180860496706106,-1.1614162295949166,-0.9236391599815941,1.0392371573601007,0.0,0.0,0.0,0.0,0.0,0.0,0.0,0.0,0.0,0.0,0.0,0.0,9.0,9.0,9.0,9.0,9.0,9.0,6.0,6.0,6.0,6.0,6.0,6.0,-0.053809191161079184,43.86328414285079,8.544162276327874,-0.284340576207236,0.0051443348001354305,6.299921438482348e-05,1.0160415308495314
36.33333333333383,-0.12312919647414963,-0.5002884469017115,0.23952952640933642,0.0057326688549602595,-0.0023301840514634727,0.01197325548053312,-0.01288285298738101,-0.024930969664526185,-0.02065614166596983,0.0,0.0,0.0,-0.12060291298453046,-0.5010511103175184,0.2386411635708848,0.005201187322067916,-0.00012944247532164555,0.014427600607900631,-0.03022933203769007,-0.026378280162958845,-0.02814133728922652,0.0,0.0,0.0,0.22060364953073058,0.5622036250869171,1.8023947118253856,0.15089356368575954,0.5629423656136626,1.791985758476443,-0.038394201687319426,-0.04741119765951841,0.0014270709611835242,1.5902615715586117,2.5343312525266564,1.5194200620975287,-0.7716846050602735,-1.278771650687529,0.4662515897826673,-0.0074735892399441,0.08980370374792157,-0.09291174588942525,0.20277155280225706,-0.11934885686690677,-0.31297582012611475,-0.004834797132841554,-0.15036266007151175,0.10861252728568152,-0.4573102194189794,0.19298466039351558,0.6471883664851006,1.575065838549261,2.392126637804941,1.5180860496706106,-1.1614162295949166,-0.9236391599815941,1.0392371573601007,0.0,0.0,0.0,0.0,0.0,0.0,0.0,0.0,0.0,0.0,0.0,0.0,9.0,9.0,9.0,9.0,9.0,9.0,6.0,6.0,6.0,6.0,6.0,6.0,-0.043800450493475473,43.920746188229806,8.530396327646255,-0.29227147970787903,0.005348802052982604,6.3124718981733e-05,0.8902346433674718
36.366666666667165,-0.12296128405633137,-0.5004015968732584,0.23987730217962652,0.005274590860902021,-0.003076816038712708,0.010906603965377265,-0.010337554401679244,-0.022957516913455562,-0.03373294760018096,0.0,0.0,0.0,-0.12045180777090009,-0.5010770170919437,0.23908917855266587,0.004571975724201507,-0.0006946765089208077,0.013527357999545664,-0.02682689082405587,-0.026482695117133304,-0.039951421997362235,0.0,0.0,0.0,0.21056907571588232,0.557729207029969,1.7994862361073094,0.141438441561595,0.5584551601657012,1.7860474927978964,-0.038970233376012416,-0.0472013681197959,-0.0014794605025895483,1.5900649285491435,2.5369976878053047,1.5165821746627737,-0.7657110851008533,-1.282114389154358,0.45690305905494544,-0.006424056602680731,0.08326327348894326,-0.08772833065824244,0.1870609167891572,-0.10663772162554754,-0.29129588792980937,0.03148597911790108,-0.1962129077693495,0.15550245693548403,-0.4713190803929956,0.38133405724077724,0.6503979658891613,1.575065838549261,2.392126637804941,1.5180860496706106,-1.1614162295949166,-0.9236391599815941,1.0392371573601007,0.0,0.0,0.0,0.0,0.0,0.0,0.0,0.0,0.0,0.0,0.0,0.0,9.0,9.0,9.0,9.0,9.0,9.0,6.0,6.0,6.0,6.0,6.0,6.0,0.023753635937716844,43.911302924145026,8.51922728185307,-0.2994274170226774,0.005919790131624358,6.30723826134938e-05,1.2762480102749547
36.400000000000496,-0.12280464850087018,-0.5005323159373564,0.2401798128047996,0.004894807442014669,-0.0036687832346441397,0.00965343142331549,-0.008565931192508376,-0.018230997659253706,-0.03916284032367355,0.0,0.0,0.0,-0.12031943075106598,-0.5011195265942928,0.239502221569474,0.003996401277588092,-0.001207329498789361,0.012491638364549614,-0.024018881459210606,-0.02367431445753354,-0.04598172083901986,0.0,0.0,0.0,0.20122110716344027,0.5535986842282286,1.7971245923405927,0.13281442099177163,0.5541963755443232,1.7807930277775363,-0.039323761765575026,-0.04696735500501623,-0.004319244434767614,1.5899249393047659,2.5394319630157463,1.513937157096646,-0.760191284047742,-1.284950079603402,0.44820713063310186,-0.004941137088448065,0.07643992870515015,-0.0821431282086355,0.17274965999194425,-0.09225971618939115,-0.27101719774680855,0.044487585426979996,-0.20470034351379332,0.16755607348820836,-0.4293377039163891,0.43134016308469164,0.6083607054900243,1.575065838549261,2.392126637804941,1.5180860496706106,-1.1614162295949166,-0.9236391599815941,1.0392371573601007,0.0,0.0,0.0,0.0,0.0,0.0,0.0,0.0,0.0,0.0,0.0,0.0,9.0,9.0,9.0,9.0,9.0,9.0,6.0,6.0,6.0,6.0,6.0,6.0,0.04988841567564273,43.96084330988227,8.515901955476908,-0.3058418967769127,0.006142616184577454,5.9692855477078144e-05,0.826320467628023
36.43333333333383,-0.12265682930468477,-0.5006735674070181,0.240410886157997,0.00459015044015012,-0.004067002142047846,0.007814676617533437,-0.007113002717843752,-0.01233641146005638,-0.05651613900516688,0.0,0.0,0.0,-0.1202039245012269,-0.501175731504387,0.23986682679323712,0.0034769250040107497,-0.0016368751288158348,0.011088015771823065,-0.021132318203649136,-0.019452938501000716,-0.06300865202798134,0.0,0.0,0.0,0.19280663510110674,0.550125395396975,1.7958954332785,0.1250950786409525,0.5503027173907598,1.7764915385430278,-0.03949715704780297,-0.0469516745220266,-0.00739671170342451,1.589934272590858,2.5414916114164163,1.5116576803183788,-0.7553072548549338,-1.2867282282985,0.4404644175512356,-0.0014603799743041278,0.06667294424844761,-0.07297057830155551,0.15526380385348099,-0.06631621263175533,-0.24519332755292778,0.10442271342431811,-0.2930095337010761,0.27517649721239934,-0.5245756841538975,0.7783051067290744,0.7747161058164231,1.575065838549261,2.392126637804941,1.5180860496706106,-1.1614162295949166,-0.9236391599815941,1.0392371573601007,0.0,0.0,0.0,0.0,0.0,0.0,0.0,0.0,0.0,0.0,0.0,0.0,9.0,9.0,9.0,9.0,9.0,9.0,6.0,6.0,6.0,6.0,6.0,6.0,0.1580257016050013,43.87982146291559,8.511160278470854,-0.31072406707145733,0.007054453977468844,7.830067590111622e-05,1.7047026265122722
36.46666666666716,-0.12251681902242328,-0.5008072682205362,0.2405448489399282,0.004331535249026814,-0.0040432416919400005,0.005265216695808873,-0.006668434165839154,0.00033865719098257114,-0.07759774778948338,0.0,0.0,0.0,-0.12010411819109891,-0.501237283915859,0.24016710424126017,0.00299614314653314,-0.001838185317729781,0.00921943322786995,-0.019112608012455734,-0.008381294899281855,-0.08446135486637862,0.0,0.0,0.0,0.18539352103188342,0.5476280689311508,1.7959567952499838,0.11831666015950168,0.5469517214135601,1.7732943675323543,-0.03941445894831416,-0.04725640674267343,-0.010731064593459773,1.590129242401429,2.5431122458167166,1.5098232788287675,-0.7509880501546465,-1.2872378156981135,0.4338783598358768,0.0034126028866488527,0.05463700275548145,-0.06101155589274067,0.13813869529023717,-0.03229715220285369,-0.213452263491485,0.14618948582858943,-0.36107824478898465,0.3587706722644453,-0.5137532568973142,1.0205718128670491,0.9522319218432838,1.575065838549261,2.392126637804941,1.5180860496706106,-1.1614162295949166,-0.9236391599815941,1.0392371573601007,0.0,0.0,0.0,0.0,0.0,0.0,0.0,0.0,0.0,0.0,0.0,0.0,9.0,9.0,9.0,9.0,9.0,9.0,6.0,6.0,6.0,6.0,6.0,6.0,0.23144871093875263,43.821679393023615,8.512168432687599,-0.3135313365921793,0.00768945737153004,0.00010258757343872826,1.257049898444833
36.50000000000049,-0.12238309678267129,-0.5009260447572784,0.24058892397828732,0.0041196759571673226,-0.003736756839720016,0.0026211040002032475,-0.006010286969341004,0.00885853272716991,-0.08023322630470245,0.0,0.0,0.0,-0.1200187393866516,-0.5012986604650511,0.24039966738069418,0.002554082235245243,-0.0018627993263950022,0.007194806727262799,-0.017119254114682736,0.00010202519558255574,-0.09097313368312276,0.0,0.0,0.0,0.1788148295818671,0.5460377957471871,1.7968577229567195,0.11242095514399991,0.5441842298900207,1.7710731109317588,-0.03902506200850589,-0.047718225653364525,-0.0140036039348743,1.5904528991164533,2.5443814660368638,1.5083319716063623,-0.7470150279058583,-1.2868590739200698,0.42831911576671405,0.007610668596034733,0.04359673865477366,-0.05016332974568594,0.12550667673917928,-0.0031908818400795645,-0.18233563588041712,0.12594197128157641,-0.33120792302123375,0.32544678441164177,-0.37896055653173694,0.8731881108832237,0.933498828332036,1.575065838549261,2.392126637804941,1.5180860496706106,-1.1614162295949166,-0.9236391599815941,1.0392371573601007,0.0,0.0,0.0,0.0,0.0,0.0,0.0,0.0,0.0,0.0,0.0,0.0,9.0,9.0,9.0,9.0,9.0,9.0,6.0,6.0,6.0,6.0,6.0,6.0,0.19506495172551075,43.90656832790629,8.515395548902385,-0.3173946136681002,0.007419262738473709,0.00010596341301022383,0.4165317406148489
36.53333333333382,-0.12225956690365389,-0.5010071406375658,0.24050227984510308,0.0038459425804513014,-0.0028850910927814147,-0.0008708082118752208,-0.008499093599184942,0.025262989632290823,-0.10538307368403226,0.0,0.0,0.0,-0.11994859998621969,-0.5013478360527255,0.24054314603318636,0.0020968553081689885,-0.0015503715127296932,0.004595194927950666,-0.017716827695536397,0.016112962051979096,-0.11736113190920916,0.0,0.0,0.0,0.17332581611061712,0.5457626008479801,1.7989168563226465,0.10749569997899966,0.5422127791540614,1.7699628580125502,-0.03833178348479099,-0.04857288955779639,-0.01739183772795005,1.5909559294860738,2.545150581957944,1.507353626037759,-0.7434597648457277,-1.2852279523847265,0.42416204267297347,0.012597496924423034,0.029914564639862765,-0.036288021287297634,0.11294082011567184,0.03155880342683784,-0.1439200071682831,0.14960484985164907,-0.4104652204473269,0.41625925375164935,-0.3769756987052232,1.042490558007522,1.1524688613640208,1.575065838549261,2.392126637804941,1.5180860496706106,-1.1614162295949166,-0.9236391599815941,1.0392371573601007,0.0,0.0,0.0,0.0,0.0,0.0,0.0,0.0,0.0,0.0,0.0,0.0,9.0,9.0,9.0,9.0,9.0,9.0,6.0,6.0,6.0,6.0,6.0,6.0,0.22618886372367886,43.80513536048992,8.516997858847231,-0.31853884650291764,0.007894900624382473,0.00013526182829956546,1.2460469025488465
36.56666666666715,-0.12214746206227667,-0.5010345397125195,0.24025875985698325,0.003527599637291456,-0.001534339679283398,-0.005165942721098327,-0.010096474148894067,0.040358325036079626,-0.12913121097065872,0.0,0.0,0.0,-0.11989392231758383,-0.5013735965544766,0.24057794818913641,0.0016317036296266585,-0.0008981661494230253,0.0014045283136313244,-0.01796524268583699,0.032064348945445964,-0.1442198959545875,0.0,0.0,0.0,0.16927459135132125,0.5469636561565883,1.802217117793751,0.10370868846054189,0.541191702954512,1.77004794955374,-0.03742763232520774,-0.04994140747893366,-0.020864231053115516,1.5916523111281005,2.545284778058232,1.5070347832205024,-0.7405221851306171,-1.2822435732734871,0.4217317142333057,0.01812679848200849,0.01265544355238003,-0.01847286344089288,0.0963985343407712,0.07020718336706488,-0.09657990451611649,0.1658790467275637,-0.5177736326244821,0.5344547353921426,-0.4962685732470194,1.159451398206811,1.4202030795649982,1.575065838549261,2.392126637804941,1.5180860496706106,-1.1614162295949166,-0.9236391599815941,1.0392371573601007,0.0,0.0,0.0,0.0,0.0,0.0,0.0,0.0,0.0,0.0,0.0,0.0,9.0,9.0,9.0,9.0,9.0,9.0,6.0,6.0,6.0,6.0,6.0,6.0,0.235457892068327,43.63989551097676,8.513513713542194,-0.3200659935234832,0.008256134930400338,0.00016654031729285146,1.2981501520251333
36.600000000000485,-0.12204489402005132,-0.5010160353184447,0.23988571220363644,0.003232869392910686,-0.00017291384178170664,-0.009178798147675407,-0.009076678786604666,0.04076430557941166,-0.12036336476775904,0.0,0.0,0.0,-0.11985336501772759,-0.5013743883168001,0.24050662834307993,0.0012001206068694404,-0.0001555858276850226,-0.0018069705366584436,-0.016238871955672085,0.03596287406700949,-0.14365139753523337,0.0,0.0,0.0,0.1668475373895116,0.5493202875292651,1.8067476980524237,0.1011954505089079,0.541067899484945,1.771362405377691,-0.03650790748055018,-0.0516988517390941,-0.024328025084152785,1.5925301016081657,2.544765538323382,1.507419605409131,-0.7385203001370063,-1.2780015308295567,0.4209858670740657,0.023598075761975104,-0.006166313512886729,0.0015388226256069712,0.07217054465247394,0.10824324333429802,-0.04711024469017149,0.16413831839899834,-0.5646527119580028,0.6003505819949956,-0.726839690648918,1.141081799016994,1.48408979477835,1.575065838549261,2.392126637804941,1.5180860496706106,-1.1614162295949166,-0.9236391599815941,1.0392371573601007,0.0,0.0,0.0,0.0,0.0,0.0,0.0,0.0,0.0,0.0,0.0,0.0,9.0,9.0,9.0,9.0,9.0,9.0,6.0,6.0,6.0,6.0,6.0,6.0,0.2208549533100328,43.56827541107066,8.512209842825198,-0.32471025086545413,0.008355613699034037,0.00016717692929243966,1.0022051876039035
36.633333333333816,-0.12195820508288086,-0.5009391979201819,0.23934456589735512,0.002820461239928117,0.001437899560930341,-0.013866218007630925,-0.011495950409631184,0.04824395106592188,-0.1403057822919531,0.0,0.0,0.0,-0.11982848113586728,-0.5013422390078291,0.2403090438812079,0.0007334390144078106,0.0008062284793744468,-0.005541335885718968,-0.017803124571314166,0.045954899690282325,-0.16701028919601146,0.0,0.0,0.0,0.1666879675745484,0.5532658760470783,1.8127031667428886,0.10028407475829779,0.5420548450332104,1.7740264928302873,-0.03561383019094138,-0.054175978693271135,-0.0278469982787989,1.5936176280960659,2.543392714325534,1.5087095235384216,-0.7377707318266157,-1.2722430532768778,0.42260465261056374,0.02961655501199765,-0.029511917794589428,0.026311303461016042,0.03904821442530357,0.15125063216501178,0.01667229583323681,0.18055437750067635,-0.700368128451081,0.7431744250622722,-0.9936699068151111,1.2902216649214129,1.913476215702249,1.575065838549261,2.392126637804941,1.5180860496706106,-1.1614162295949166,-0.9236391599815941,1.0392371573601007,0.0,0.0,0.0,0.0,0.0,0.0,0.0,0.0,0.0,0.0,0.0,0.0,9.0,9.0,9.0,9.0,9.0,9.0,6.0,6.0,6.0,6.0,6.0,6.0,0.22377470314931314,43.32027823326008,8.501270847614009,-0.3259235899231075,0.008839869284230417,0.0002133761658345279,1.9019395141623257
36.66666666666715,-0.12189167289712087,-0.5008057840863367,0.23862483345340263,0.002286170882900611,0.0030924621619310283,-0.018988028509595918,-0.012844667912807448,0.0490556308608325,-0.1532841262748033,0.0,0.0,0.0,-0.11982037509499532,-0.501273968714665,0.23997221377351163,0.00023306938361110341,0.0018824715091691926,-0.009687850965098575,-0.019283813941386008,0.05084999629027109,-0.18485401501357446,0.0,0.0,0.0,0.1699259750694248,0.5585201804524753,1.8206227275062266,0.10157786885288458,0.54412133020166,1.7783214019421403,-0.035234169555227304,-0.05759666087617134,-0.031563614478394286,1.594958707852256,2.5408015681027054,1.5113159276073997,-0.7394301025222454,-1.2646311983106826,0.42721359467520503,0.03669378012780325,-0.06166023038810198,0.060898515866569525,-0.020171342437494147,0.20265397671223973,0.09773627323723841,0.21231675347416798,-0.9644493778053765,1.0376163721666045,-1.7765867058839315,1.5421003364168389,2.4319193221200477,1.575065838549261,2.392126637804941,1.5180860496706106,-1.1614162295949166,-0.9236391599815941,1.0392371573601007,0.0,0.0,0.0,0.0,0.0,0.0,0.0,0.0,0.0,0.0,0.0,0.0,9.0,9.0,9.0,9.0,9.0,9.0,6.0,6.0,6.0,6.0,6.0,6.0,0.2303033176154381,42.839275241585376,8.479305876518543,-0.3286432706109921,0.009585608119722866,0.0002510767330304031,3.205305579605133
36.70000000000048,-0.12185460762548486,-0.5006280090689266,0.23773052857998886,0.0015260027542535123,0.004516496287154215,-0.02418521740879646,-0.016365983361542432,0.0414635601900907,-0.1558178827878571,0.0,0.0,0.0,-0.11983189409701876,-0.5011722909198348,0.23949015715978364,-0.00034581737676835,0.0029052242253737484,-0.014049037358277656,-0.022882553548963624,0.0477077273612867,-0.1931246126553976,0.0,0.0,0.0,0.17654155715193284,0.5648815495749052,1.829879315400699,0.10528545285112698,0.5472249660620035,1.7840738642723837,-0.03526063238553892,-0.06166485539489741,-0.03506892064920519,1.596444608786989,2.5370616620984703,1.5150959295553923,-0.7434175630571646,-1.2557263613780834,0.4347581194658046,0.041949278737260155,-0.0953515302140695,0.0958995442487077,-0.08647299151088053,0.24564806422273186,0.18346925355773813,0.15766495828370725,-1.010738994779026,1.0500308514641452,-1.9890494722015917,1.2898226253147642,2.571989409614992,1.575065838549261,2.392126637804941,1.5180860496706106,-1.1614162295949166,-0.9236391599815941,1.0392371573601007,0.0,0.0,0.0,0.0,0.0,0.0,0.0,0.0,0.0,0.0,0.0,0.0,9.0,9.0,9.0,9.0,9.0,9.0,6.0,6.0,6.0,6.0,6.0,6.0,0.09985470246235284,42.66968128310913,8.460533964646393,-0.32891484051137077,0.009142250061451973,0.00025839302087640736,0.9632812662945699
36.73333333333381,-0.1218452643744891,-0.5004242034608842,0.236712819021277,0.0007258542795832781,0.005495285368538127,-0.02839604450654576,-0.014226040324653787,0.027273343784123032,-0.1266886717270099,0.0,0.0,0.0,-0.11986160407912377,-0.5010444941168032,0.23887889829289893,-0.0008991924301320476,0.0037313298425901732,-0.018026756267064434,-0.021491155433553066,0.037802860914367464,-0.17287421569031736,0.0,0.0,0.0,0.1857422885822361,0.5719099526595834,1.8401260605185021,0.11120934894590023,0.551198434061599,1.7911176155824853,-0.035525184525880465,-0.06581022074540023,-0.03824849397483305,1.5980163756670926,2.532436705925644,1.5197770515446203,-0.7493292974309527,-1.2459129543559193,0.44448818544640667,0.04541843051449515,-0.12428296686122438,0.12558895453413144,-0.14705901797938903,0.2781508285175262,0.25575773746462127,0.10407455331704993,-0.8679430994146463,0.8906823085627121,-1.8175807940552549,0.9750829288438305,2.1686545172064933,1.575065838549261,2.392126637804941,1.5180860496706106,-1.1614162295949166,-0.9236391599815941,1.0392371573601007,0.0,0.0,0.0,0.0,0.0,0.0,0.0,0.0,0.0,0.0,0.0,0.0,9.0,9.0,9.0,9.0,9.0,9.0,6.0,6.0,6.0,6.0,6.0,6.0,0.012147612996940449,42.82224846778158,8.474583605862,-0.32632076672745963,0.008492611523305937,0.00020872445825842467,0.5081286881225342
36.76666666666714,-0.12188158907674232,-0.5002165623362621,0.23555880873788476,-0.00044262682769526454,0.005864381210056793,-0.032571881615562945,-0.021009308760151238,0.006886610814925627,-0.12701400005987812,0.0,0.0,0.0,-0.11991612597091882,-0.5009012081061527,0.23813406940956078,-0.0016198268626061954,0.004253242043908625,-0.022059454479181978,-0.02929279529296336,0.022909267128129684,-0.17376832254986763,0.0,0.0,0.0,0.19925283642661956,0.5791050122165954,1.8517623325121249,0.12011143164865544,0.5558112851410407,1.7995812866941645,-0.03674804914890365,-0.07053906174352852,-0.041202531218969496,1.5996555470223712,2.526455833103638,1.5258319778335883,-0.7588223650750068,-1.2350629901530197,0.4573891851016226,0.04792290394373796,-0.16104511206052857,0.16296151062406883,-0.2388810255408777,0.3097162268971699,0.3432725722591926,0.07513420287728428,-1.1028643559791256,1.1211766826981218,-2.7546602268446603,0.9469619513893097,2.6254450438371393,1.575065838549261,2.392126637804941,1.5180860496706106,-1.1614162295949166,-0.9236391599815941,1.0392371573601007,0.0,0.0,0.0,0.0,0.0,0.0,0.0,0.0,0.0,0.0,0.0,0.0,9.0,9.0,9.0,9.0,9.0,9.0,6.0,6.0,6.0,6.0,6.0,6.0,-0.10625111863464332,42.29206866834778,8.443038366757664,-0.3253642618001437,0.008540971873309822,0.00022578720429364263,3.8630977140654883
36.80000000000047,-0.12197607308594921,-0.5000328475871734,0.23427807887540486,-0.0019869614404243487,0.005481735637281165,-0.036567293169258344,-0.027955559888115843,-0.01732490422381862,-0.12281405454953673,0.0,0.0,0.0,-0.12000128962776703,-0.5007584588243683,0.23725660001860016,-0.0025158422794909654,0.0043156209823260955,-0.026075318099738003,-0.03739136956444944,0.0008093933471737813,-0.1712694747195167,0.0,0.0,0.0,0.216487625765188,0.5866814011350567,1.8635215485767207,0.13198159438040138,0.5611146049078221,1.8089579708184704,-0.03836734914023233,-0.07548750351042798,-0.04333739664139019,1.601180427977265,2.5194833580034306,1.5327397286149629,-0.7709741895829179,-1.2241574013781749,0.47328366321625903,0.04647192041245371,-0.19313120602432643,0.19247551916884675,-0.3226634986718475,0.3213505177959554,0.43231375304579384,-0.043529505938527446,-0.9625828189139358,0.8854202563433378,-2.513474193929095,0.34902872696356646,2.671235423598037,1.575065838549261,2.392126637804941,1.5180860496706106,-1.1614162295949166,-0.9236391599815941,1.0392371573601007,0.0,0.0,0.0,0.0,0.0,0.0,0.0,0.0,0.0,0.0,0.0,0.0,9.0,9.0,9.0,9.0,9.0,9.0,6.0,6.0,6.0,6.0,6.0,6.0,-0.3290386956584115,42.33442253696599,8.429387367075476,-0.3171690020722545,0.00712347252130896,0.00023331657520211935,1.0422681730111587
36.833333333333805,-0.12212680401604267,-0.4998760929415963,0.23291896217723063,-0.0036178077875747353,0.004778475865089298,-0.039550306245057926,-0.026870823127453196,-0.02860287982280388,-0.09364987319245344,0.0,0.0,0.0,-0.1201177206883379,-0.5006231307116727,0.2362651715117519,-0.003453874246225686,0.004131844971127197,-0.029604872957372675,-0.03905262771979978,-0.010869626668716492,-0.14649505549969888,0.0,0.0,0.0,0.2364271293497265,0.59432017199075,1.8756734323728654,0.14648407231435803,0.5669643731940578,1.819230941880854,-0.04020361812481548,-0.08013800785093271,-0.045005697160737115,1.6026158377578719,2.5117507777569124,1.5403437902529307,-0.7853678278485807,-1.2130551332368056,0.4912899597050282,0.04419883574962254,-0.21902867360513611,0.21623973914897077,-0.3954272648705403,0.329162202092704,0.5042305141239816,-0.06819253988493501,-0.776924027424291,0.7129265994037205,-2.182912985960783,0.2343505289024577,2.1575028323456316,1.575065838549261,2.392126637804941,1.5180860496706106,-1.1614162295949166,-0.9236391599815941,1.0392371573601007,0.0,0.0,0.0,0.0,0.0,0.0,0.0,0.0,0.0,0.0,0.0,0.0,9.0,9.0,9.0,9.0,9.0,9.0,6.0,6.0,6.0,6.0,6.0,6.0,-0.34653040727760875,42.513374067354896,8.478668863105273,-0.3016639809403861,0.006624203831516962,0.00017440129442794494,1.002563921943606
36.866666666667136,-0.1223544672427426,-0.4997684276171999,0.23146313346387368,-0.005691665899073911,0.003519659640814604,-0.04258903580417198,-0.03646561641182949,-0.04717314453195394,-0.09697912680210452,0.0,0.0,0.0,-0.12027531260827092,-0.5005088152336619,0.23515575928450097,-0.004653668499387395,0.003560310521612141,-0.03316550646694835,-0.05115747501678802,-0.029148668382253717,-0.1466677605290485,0.0,0.0,0.0,0.259355964872386,0.6018137458466236,1.888030690716007,0.16371456677798674,0.5732368074593442,1.830272678588575,-0.04238636035599249,-0.08457466456848002,-0.04611839483813314,1.6038811868231413,2.5032047194326137,1.5486205858420945,-0.8022277143109666,-1.2019910068437998,0.5115542268347476,0.04003992655526595,-0.24393072435435176,0.2376158248329367,-0.46900681753789886,0.33100326189101736,0.5733621806357143,-0.12476727583069781,-0.7470615224764694,0.6412825705189782,-2.2073865800207573,0.055231793949399643,2.073949995351983,1.575065838549261,2.392126637804941,1.5180860496706106,-1.1614162295949166,-0.9236391599815941,1.0392371573601007,0.0,0.0,0.0,0.0,0.0,0.0,0.0,0.0,0.0,0.0,0.0,0.0,9.0,9.0,9.0,9.0,9.0,9.0,6.0,6.0,6.0,6.0,6.0,6.0,-0.4605180556566906,42.35981860635655,8.485209056616558,-0.2854418439082318,0.005938080673855817,0.0001549435585080361,1.6420837069146412
36.90000000000047,-0.12266644449345548,-0.49972023270978155,0.22991156052240508,-0.008063586180725588,0.0018747078183010447,-0.04563444659531803,-0.041714266472713174,-0.06031619912672284,-0.09873040030849985,0.0,0.0,0.0,-0.12048053379577918,-0.5004262329365817,0.2339275719194699,-0.006059241860549865,0.0026543234877486072,-0.03675047725826409,-0.060461650272566114,-0.04467744043430777,-0.14654409681642866,0.0,0.0,0.0,0.284897733915799,0.6093959467844927,1.9002422151125187,0.18355810460886599,0.5799837746303174,1.8418789044579504,-0.04463001007803513,-0.08872055464750855,-0.04660899124424286,1.6049225031538767,2.494020842828511,1.5573475531062726,-0.8210665149732593,-1.1912084490408381,0.5339809512999278,0.03417296879980038,-0.2649877735335061,0.2537446202278745,-0.5331116190918213,0.32598557668957234,0.6396552161821765,-0.17600873266396708,-0.6317114753746312,0.4838638618481341,-1.9231440466176732,-0.15053055604335103,1.9887910663938646,1.575065838549261,2.392126637804941,1.5180860496706106,-1.1614162295949166,-0.9236391599815941,1.0392371573601007,0.0,0.0,0.0,0.0,0.0,0.0,0.0,0.0,0.0,0.0,0.0,0.0,9.0,9.0,9.0,9.0,9.0,9.0,6.0,6.0,6.0,6.0,6.0,6.0,-0.5415252334398666,42.34028437553127,8.509721157386348,-0.26379888847417166,0.004989974708592859,0.0001494645519899973,1.3409867417919834
36.9333333333338,-0.12306980669249819,-0.49973219570854915,0.22826357994261015,-0.010672877094792216,6.980937641639859e-05,-0.04872833102565277,-0.045241442703680516,-0.067271761513849,-0.10224412866276555,0.0,0.0,0.0,-0.12073973122277366,-0.5003810430376986,0.23257987951704764,-0.007659086106768929,0.001552723911502499,-0.040357210048072446,-0.06911752438313412,-0.05342286091668136,-0.14632533264540593,0.0,0.0,0.0,0.31276333710736515,0.6165041855435095,1.9131023531810536,0.20590367182881888,0.5869388838532368,1.8542955227035793,-0.04714853120460914,-0.0923546572591695,-0.046966580954903615,1.6057982671835596,2.4840966326755587,1.5667052191095086,-0.8422427859838149,-1.1802320949269345,0.5580760467441548,0.02890627019358978,-0.2868134609035464,0.27173486014067627,-0.6012292932417157,0.3281889411745996,0.695120314278598,-0.15800095818631785,-0.6547706211012103,0.5397071973840544,-2.043530224496833,0.06610093455081856,1.663952942892647,1.575065838549261,2.392126637804941,1.5180860496706106,-1.1614162295949166,-0.9236391599815941,1.0392371573601007,0.0,0.0,0.0,0.0,0.0,0.0,0.0,0.0,0.0,0.0,0.0,0.0,9.0,9.0,9.0,9.0,9.0,9.0,6.0,6.0,6.0,6.0,6.0,6.0,-0.5135943745607323,42.114409766128304,8.558097400640632,-0.23824387671418212,0.00486156569258922,9.642829818384824e-05,2.181295141766455
36.96666666666713,-0.12354476211331296,-0.49978674090643577,0.22657156162651534,-0.012970295295506308,-0.0014182905544218045,-0.050777153798579465,-0.03356498992716808,-0.05894878723240383,-0.0721100046050332,0.0,0.0,0.0,-0.12104780182309391,-0.5003709050859809,0.2311337941972082,-0.009155481248343483,0.00048295266859747863,-0.043420768360850945,-0.06351561158146968,-0.0512531026888432,-0.11925239188818271,0.0,0.0,0.0,0.34202171880782284,0.6232506048507415,1.9261435604518091,0.23032910022238912,0.594063171718811,1.8673560274159282,-0.04952245859220589,-0.09520623505211506,-0.04697840217414975,1.6064923289164252,2.4737813650048572,1.5764149526072913,-0.8649722537534895,-1.1694301560600173,0.583271050950495,0.02351665805517634,-0.30190984038187857,0.28477295666921315,-0.6549991198074006,0.3254350910632085,0.7356068555530051,-0.16168836415240326,-0.45289138434996373,0.39114289585610623,-1.6130947969705454,-0.08261550334173426,1.2145962382322142,1.575065838549261,2.392126637804941,1.5180860496706106,-1.1614162295949166,-0.9236391599815941,1.0392371573601007,0.0,0.0,0.0,0.0,0.0,0.0,0.0,0.0,0.0,0.0,0.0,0.0,9.0,9.0,9.0,9.0,9.0,9.0,6.0,6.0,6.0,6.0,6.0,6.0,-0.47872862874037514,42.27520661332939,8.648737950926655,-0.20683225220165483,0.0035334374183728645,5.504209876228128e-05,0.7486674511441573
37.00000000000046,-0.12411194153407087,-0.49989073663230005,0.22481938133586515,-0.015577670788303272,-0.002966597189999507,-0.05288070733543566,-0.03988341811114041,-0.06338914580372246,-0.0765221720529399,0.0,0.0,0.0,-0.12141490356177849,-0.5003996548514253,0.22958959627227005,-0.010898736698202542,-0.0006808870803626014,-0.04639593354884455,-0.07466332084374949,-0.0551131399730842,-0.11416656026852356,0.0,0.0,0.0,0.3740889740477436,0.6291382465785772,1.9395947002816036,0.25733605777980395,0.6011026599416924,1.8810855815102003,-0.052390230435170874,-0.09779468918629995,-0.046679361186181836,1.6069497707497635,2.4627002833136578,1.5868984944695652,-0.8906775431001588,-1.158886048906101,0.6103930227576444,0.01698772268515786,-0.32225824728461394,0.30459515613521765,-0.7324388268691863,0.3193605067660629,0.7876417213273222,-0.19586806110055432,-0.6104522070820605,0.5946659839801346,-2.3231912118535725,-0.18223752891436729,1.5610459732295148,1.575065838549261,2.392126637804941,1.5180860496706106,-1.1614162295949166,-0.9236391599815941,1.0392371573601007,0.0,0.0,0.0,0.0,0.0,0.0,0.0,0.0,0.0,0.0,0.0,0.0,9.0,9.0,9.0,9.0,9.0,9.0,6.0,6.0,6.0,6.0,6.0,6.0,-0.5884483045041531,41.77528467407607,8.690770204859966,-0.1795329068921891,0.002355110359660628,6.188908263479037e-05,3.6659760202451217
37.03333333333379,-0.12478065842318344,-0.50003374807735,0.22303167914605637,-0.018476523658599506,-0.004338778859656202,-0.054567516264459874,-0.045947197008928145,-0.06091369216499255,-0.06687477153002616,0.0,0.0,0.0,-0.12184884747359662,-0.5004662320902156,0.22795923148729794,-0.012880130310342673,-0.001830916311042946,-0.04904874425485453,-0.08527564942592414,-0.05380642573429384,-0.09802607196556412,0.0,0.0,0.0,0.4087843512583634,0.6337614195927642,1.95359339263474,0.28695823311944346,0.6077795015187422,1.8955251059524993,-0.05574231193057594,-0.09993489513891615,-0.04615442746526618,1.6071459019378265,2.450889919406938,1.5982211856699202,-0.919555215676784,-1.1486454012287273,0.6391497233567,0.009585197989643723,-0.34362669389593903,0.32798554271883684,-0.8216997271555663,0.3112664558028271,0.837681252423551,-0.22207574086542414,-0.6410533983397531,0.7017115975085753,-2.6778270085914015,-0.24282152889707556,1.5011859328868602,1.575065838549261,2.392126637804941,1.5180860496706106,-1.1614162295949166,-0.9236391599815941,1.0392371573601007,0.0,0.0,0.0,0.0,0.0,0.0,0.0,0.0,0.0,0.0,0.0,0.0,9.0,9.0,9.0,9.0,9.0,9.0,6.0,6.0,6.0,6.0,6.0,6.0,-0.6542501986083524,41.49605548235304,8.77026114547733,-0.1451811206152009,0.0010329149404593174,3.291004818384638e-05,1.8677463491135027
37.066666666667125,-0.1255603966778026,-0.5002026205463556,0.221247455561426,-0.021666973760468673,-0.005372401249216794,-0.05534104235207819,-0.05304696163735019,-0.05247323075162909,-0.04189006724584919,0.0,0.0,0.0,-0.12235809633761525,-0.5005673113707836,0.22626263339428443,-0.015115149515097862,-0.0028925844761319907,-0.05113811566515711,-0.09651339793971259,-0.04898095606820618,-0.0706217497579309,0.0,0.0,0.0,0.4454712045416482,0.63723044961399,1.9678300233626156,0.31895470805509174,0.6140141847677484,1.9105463701488499,-0.05921739830597436,-0.10146657946203765,-0.04529752579373178,1.6070302135492534,2.43862481806554,1.6101763168503178,-0.9510501100356837,-1.1389262773772317,0.669172113391106,0.0008812982250824292,-0.3598442581266032,0.3484311378475656,-0.9037977962298487,0.29813796229751993,0.8796748848293057,-0.2611169929368388,-0.48652692691992466,0.613367853861862,-2.462942072228472,-0.3938548051592149,1.2598089721726424,1.575065838549261,2.392126637804941,1.5180860496706106,-1.1614162295949166,-0.9236391599815941,1.0392371573601007,0.0,0.0,0.0,0.0,0.0,0.0,0.0,0.0,0.0,0.0,0.0,0.0,9.0,9.0,9.0,9.0,9.0,9.0,6.0,6.0,6.0,6.0,6.0,6.0,-0.6978760803410542,41.511982502336316,8.870539555372059,-0.10368835323220874,-0.0007423296513984212,9.16072032787138e-06,0.7310925812209612
37.100000000000456,-0.12642370072358272,-0.5003839090847634,0.21951698111393386,-0.024410179406371208,-0.005977935431253564,-0.05472891307330674,-0.039918287397710354,-0.03937155661960043,-0.001273677362265746,0.0,0.0,0.0,-0.12293626412405065,-0.5006976043557083,0.2245272511677774,-0.017222216522730843,-0.0038041262013551362,-0.05243418450801233,-0.08947726247737298,-0.041286342258405995,-0.032617208987294255,0.0,0.0,0.0,0.4827985302948611,0.6399307401444451,1.981950979047176,0.35268835448240216,0.6198782853977087,1.9259610975530073,-0.06223978111225838,-0.1020726190479728,-0.04405301663679652,1.6066398938961644,2.426365430737801,1.6223514951097702,-0.983887785165771,-1.1298643158420703,0.6996655757150745,-0.0075126269867515985,-0.36513583259697974,0.3596472778049051,-0.9580194346783623,0.2806185514690674,0.9030942080891355,-0.25181775635502085,-0.1587472341112962,0.33648419872018465,-1.6266491534554086,-0.5255823248535768,0.7025796977948952,1.575065838549261,2.392126637804941,1.5180860496706106,-1.1614162295949166,-0.9236391599815941,1.0392371573601007,0.0,0.0,0.0,0.0,0.0,0.0,0.0,0.0,0.0,0.0,0.0,0.0,9.0,9.0,9.0,9.0,9.0,9.0,6.0,6.0,6.0,6.0,6.0,6.0,-0.5945666730244068,41.816431531689865,8.980038937476772,-0.05549796204718821,-0.0028239391723978713,-2.127007425600791e-05,0.36051683817743096
37.13333333333379,-0.12739007252741252,-0.5005764744039619,0.21786574139799383,-0.027393859123314133,-0.006400481844630025,-0.05312254732449285,-0.04894619563081697,-0.03273550401321586,0.02705733423564681,0.0,0.0,0.0,-0.1235942004046399,-0.5008540671345267,0.22277604558280453,-0.019590241847676392,-0.004614443689952103,-0.05301910038497615,-0.10105004183334332,-0.036021320697827264,0.0010214573796600845,0.0,0.0,0.0,0.5202420703854649,0.6416945754254949,1.9962172145097739,0.38775060731104066,0.6252508638361025,1.9417935017489663,-0.06485148713471885,-0.1016775527437999,-0.0425917109910788,1.6059728474981587,2.4142365641828762,1.6346863638081128,-1.0178688171113939,-1.1212212205160565,0.7301735831052626,-0.015845136955699664,-0.3642892752974826,0.3665797999018222,-0.9989604504719077,0.2664014236766293,0.9111915505001426,-0.249975299068442,0.025396718984914333,0.2079756629075141,-1.2282304738063634,-0.42651383377314395,0.24292027233021204,1.575065838549261,2.392126637804941,1.5180860496706106,-1.1614162295949166,-0.9236391599815941,1.0392371573601007,0.0,0.0,0.0,0.0,0.0,0.0,0.0,0.0,0.0,0.0,0.0,0.0,9.0,9.0,9.0,9.0,9.0,9.0,6.0,6.0,6.0,6.0,6.0,6.0,-0.5387031118050696,41.85909869412503,9.070361771885757,-0.007876154475150748,-0.00430750811324776,-5.9450084103962464e-05,0.6276647705297442
37.16666666666712,-0.12846513731538178,-0.5007725694396091,0.21632170882288249,-0.03057150740148668,-0.0065889464214756305,-0.050595650584039385,-0.05772809178703573,-0.023624719480805384,0.05322274395978602,0.0,0.0,0.0,-0.1243406962718369,-0.5010309012205719,0.22103283499018125,-0.0222236902005347,-0.005259638390561069,-0.052883119803924884,-0.1127148587443505,-0.02778737632795547,0.034728073754936695,0.0,0.0,0.0,0.5574258398306069,0.6425196068643086,2.010523055459537,0.4238014231363976,0.6300531103476967,1.9579592938265353,-0.06698963110586494,-0.10030723917471804,-0.040865319783149695,1.6050141158900266,2.402394547062718,1.6470703122817463,-1.0526918297789525,-1.1130325962824428,0.7604201187927037,-0.024456344481205372,-0.35827010083566374,0.3698722361066074,-1.0294470701751426,0.2525729592311542,0.9086612305822023,-0.2583362257651712,0.18057523385456692,0.09877308614355629,-0.9145985910970487,-0.4148539333642519,-0.07590959753820736,1.575065838549261,2.392126637804941,1.5180860496706106,-1.1614162295949166,-0.9236391599815941,1.0392371573601007,0.0,0.0,0.0,0.0,0.0,0.0,0.0,0.0,0.0,0.0,0.0,0.0,9.0,9.0,9.0,9.0,9.0,9.0,6.0,6.0,6.0,6.0,6.0,6.0,-0.5062155580778065,41.837673667821896,9.14770603108286,0.04024128384436712,-0.0061265166260278114,-8.332753403564319e-05,0.5983455615283197
37.20000000000045,-0.12961080759499014,-0.5009677355429425,0.21490185409751125,-0.033054012699055765,-0.006581598798972379,-0.04734062549599726,-0.04063639334992683,-0.014807548503579172,0.07490660925498505,0.0,0.0,0.0,-0.12516602383246753,-0.5012227586414292,0.2193170563935207,-0.024644479586135023,-0.005741928582221672,-0.05213826703191911,-0.10151133804633194,-0.019764473346361555,0.06271559858849951,0.0,0.0,0.0,0.5937111556756902,0.6427684209046751,2.0245419662016926,0.4603909362749566,0.6343671264298818,1.9742649023955727,-0.06836853183189034,-0.09797139447528978,-0.03878548691630772,1.6038219155693194,2.3910798736185463,1.6592397855963559,-1.0875467843041702,-1.1054335777381168,0.7900777362778365,-0.031996121241213135,-0.34571683582864743,0.366680211661061,-1.0402481138960653,0.23617135729690386,0.8960394265633912,-0.22619330280023298,0.3765979502104893,-0.09576073336639211,-0.3240313116276809,-0.4920480580275096,-0.3786541205643328,1.575065838549261,2.392126637804941,1.5180860496706106,-1.1614162295949166,-0.9236391599815941,1.0392371573601007,0.0,0.0,0.0,0.0,0.0,0.0,0.0,0.0,0.0,0.0,0.0,0.0,9.0,9.0,9.0,9.0,9.0,9.0,6.0,6.0,6.0,6.0,6.0,6.0,-0.37808233407098113,41.87453618868697,9.20059796121238,0.08955018883977708,-0.00840267866852229,-8.97524359090851e-05,0.30988148646369157
37.23333333333378,-0.1308436160393825,-0.5011615601593816,0.21361142321511933,-0.03563612068278356,-0.0064980663898617005,-0.04372567619940012,-0.047398518951198856,-0.00949488037736081,0.0847943079146102,0.0,0.0,0.0,-0.12607871449930982,-0.5014251626783718,0.21764496838704225,-0.027253683208356576,-0.00608422137952805,-0.05088350821225349,-0.10954778199143922,-0.012932433079358319,0.08568123395902161,0.0,0.0,0.0,0.6293266690069812,0.642484516703112,2.0382323722698503,0.4974113485947016,0.638189303878801,1.990595516498278,-0.06914097282847001,-0.09493416118047457,-0.03637471568136604,1.6023628643133139,2.3802860607745626,1.6712141398834999,-1.122561913751878,-1.098434480432205,0.8193302485123122,-0.03984639886718151,-0.3311152021558882,0.36171382296323273,-1.0470519602528432,0.218705731883869,0.8837300535439758,-0.2355083287790513,0.43804901018277775,-0.14899166093484925,-0.20411539070333712,-0.5239687623910458,-0.36928119058246145,1.575065838549261,2.392126637804941,1.5180860496706106,-1.1614162295949166,-0.9236391599815941,1.0392371573601007,0.0,0.0,0.0,0.0,0.0,0.0,0.0,0.0,0.0,0.0,0.0,0.0,9.0,9.0,9.0,9.0,9.0,9.0,6.0,6.0,6.0,6.0,6.0,6.0,-0.3656890522773264,41.67442370136094,9.237766407679208,0.1355525906488398,-0.01041948300961737,-8.08296355495064e-05,0.6448740849935516
37.26666666666711,-0.13216501922486185,-0.5013540059111042,0.21244809792963107,-0.038282317707957286,-0.006397752192151002,-0.04007168737530882,-0.052519596745474253,-0.006408846658537467,0.08418604221128276,0.0,0.0,0.0,-0.1270838427720903,-0.5016341947214609,0.2160283791813047,-0.030021450014155793,-0.0063043921349254985,-0.04924871084819611,-0.11608710234419028,-0.00703562610982722,0.10222057150535235,0.0,0.0,0.0,0.6650017626515135,0.6415869711549596,2.051502525167138,0.5350458785434808,0.6414616692428686,2.0068307151440874,-0.06957440379522264,-0.09157383810041021,-0.033609160778988775,1.600605894800146,2.3699008224062545,1.6831385039892863,-1.1582926748889157,-1.0922367680600413,0.8486643302916049,-0.04842152321908552,-0.31807650141812094,0.35905855643680423,-1.0636325428250348,0.19685615807123197,0.8812583201005139,-0.25725373055712025,0.39116102213301823,-0.07965799579285522,-0.49741747716574647,-0.6554872143791106,-0.07415200330386029,1.575065838549261,2.392126637804941,1.5180860496706106,-1.1614162295949166,-0.9236391599815941,1.0392371573601007,0.0,0.0,0.0,0.0,0.0,0.0,0.0,0.0,0.0,0.0,0.0,0.0,9.0,9.0,9.0,9.0,9.0,9.0,6.0,6.0,6.0,6.0,6.0,6.0,-0.4057283910238936,41.292635557226184,9.26476624446187,0.17841376060649097,-0.012687156628763407,-5.806143763265048e-05,1.1584649718707856
37.300000000000445,-0.13353229821690446,-0.5015444485609885,0.211411064526197,-0.04009521177908362,-0.006271966148060314,-0.03638212160558832,-0.030621383893858104,-0.0031562739225162208,0.08483086460496203,0.0,0.0,0.0,-0.12816656887162325,-0.50184678080153,0.21447616270121392,-0.032428573132624004,-0.006426968049521233,-0.04732909582665599,-0.09786291553330884,-0.0023777473772224056,0.11406361988469316,0.0,0.0,0.0,0.7003562028426076,0.6401951851546713,2.0642605078697467,0.5730966966304272,0.6441904305514975,2.022861301485279,-0.06953008056474586,-0.08782004464893306,-0.03052775648085686,1.59863135456122,2.3600258041400903,1.6948844678135453,-1.1942864206592725,-1.086890318444611,0.877796997938691,-0.05563131251821503,-0.30352586579598534,0.3546054619641135,-1.0744190963488107,0.1725477116656856,0.8764061263085614,-0.21629367897388518,0.4365190686640677,-0.13359283418072104,-0.32359660571327575,-0.7292533921663908,-0.14556581375857525,1.575065838549261,2.392126637804941,1.5180860496706106,-1.1614162295949166,-0.9236391599815941,1.0392371573601007,0.0,0.0,0.0,0.0,0.0,0.0,0.0,0.0,0.0,0.0,0.0,0.0,9.0,9.0,9.0,9.0,9.0,9.0,6.0,6.0,6.0,6.0,6.0,6.0,-0.3013143571701069,41.07970485586315,9.282623363123829,0.2241451524084082,-0.015020583429280476,-5.5786150325587425e-05,0.3926401197391119
37.333333333333776,-0.1349642298043648,-0.5017313665025778,0.21049087875032896,-0.04200630692198214,-0.0061100251384707295,-0.0328798276453141,-0.03620845463505733,9.307929417858712e-05,0.07805775275643201,0.0,0.0,0.0,-0.12933266760200396,-0.5020595977244333,0.21299425390497406,-0.03493094646762678,-0.006449180533602713,-0.04521482724852198,-0.1015703129930361,0.0023562372206509252,0.12151016339382537,0.0,0.0,0.0,0.7358255309515801,0.6383072171086084,2.076425027830979,0.6116487675634525,0.6463537196287261,2.0385790637380388,-0.06915506586759884,-0.08393311265552228,-0.027142865584470308,1.5963875852728484,2.350599422592799,1.706512144713168,-1.2308025927290003,-1.082502305393038,0.9070240141013806,-0.06341915660683965,-0.28970291954449773,0.35075535864715895,-1.088463140177493,0.14527616492001974,0.8766756986899754,-0.23363532265873857,0.4146883875446277,-0.11550309950863623,-0.4213213148604688,-0.8181464023699763,0.008087171442420382,1.575065838549261,2.392126637804941,1.5180860496706106,-1.1614162295949166,-0.9236391599815941,1.0392371573601007,0.0,0.0,0.0,0.0,0.0,0.0,0.0,0.0,0.0,0.0,0.0,0.0,9.0,9.0,9.0,9.0,9.0,9.0,6.0,6.0,6.0,6.0,6.0,6.0,-0.3268392081658673,40.74514265791588,9.295127670825995,0.2678249159379612,-0.01719738917504876,-4.089838494797382e-05,0.6010997690278168
37.36666666666711,-0.1364586531550278,-0.5019116107055932,0.20968169682743065,-0.04390627371355479,-0.005870008174018966,-0.02953086442732413,-0.03827576269588165,0.004478619026674201,0.07255639816925805,0.0,0.0,0.0,-0.130582534172532,-0.5022690311085914,0.21158713724881553,-0.03745718907313415,-0.006363123663927786,-0.042956813640270076,-0.10185374662692226,0.007411007859754903,0.1264825555085909,0.0,0.0,0.0,0.7712794533473802,0.6359811061297372,2.087891420121901,0.6506077347645661,0.6479503825870511,2.053872092053492,-0.06840098971222738,-0.0799178381943999,-0.023474760702551098,1.5938742823451169,2.341668424595111,1.7179407491811878,-1.2675870763924288,-1.0791172735232644,0.9362191497110915,-0.07140577742357754,-0.27518759980192575,0.3454905422427834,-1.0985107199944044,0.1161260257021476,0.8761279450908785,-0.2395986245021366,0.4354595922771585,-0.15794449213126563,-0.3014273945073456,-0.8745041765361643,-0.0164326079729053,1.575065838549261,2.392126637804941,1.5180860496706106,-1.1614162295949166,-0.9236391599815941,1.0392371573601007,0.0,0.0,0.0,0.0,0.0,0.0,0.0,0.0,0.0,0.0,0.0,0.0,9.0,9.0,9.0,9.0,9.0,9.0,6.0,6.0,6.0,6.0,6.0,6.0,-0.31861917531930417,40.488824418957336,9.301165045292805,0.3127163862181991,-0.019315634617453004,-3.678740595891572e-05,0.5033065583973542
37.40000000000044,-0.13800832804187427,-0.5020841605576591,0.20897671999014766,-0.045657552648573366,-0.0055870878870922045,-0.02633642366192419,-0.035939497851016494,0.007333428085378665,0.06705698058022105,0.0,0.0,0.0,-0.1319135317934981,-0.502472276730984,0.21025808970729237,-0.03991834030111337,-0.006188597795878048,-0.0405938363266504,-0.09791794065441506,0.011465487048885947,0.12958831314111174,0.0,0.0,0.0,0.8068354653090293,0.6332450410485447,2.0983574152817477,0.6899584001888007,0.6489800572911033,2.0685398863089297,-0.06726976168910861,-0.07588872304718014,-0.019438563373350537,1.5910712411173167,2.333263561044695,1.7290815530075367,-1.3044527325065265,-1.0769851745625303,0.9653717487500676,-0.07986275036386045,-0.2598264709423015,0.33797959060790767,-1.1034833622800893,0.08135065444872999,0.8750946291431475,-0.25370918820848753,0.46083386578872865,-0.22532854904627306,-0.14917926857054284,-1.0432611376025285,-0.03099947843193264,1.575065838549261,2.392126637804941,1.5180860496706106,-1.1614162295949166,-0.9236391599815941,1.0392371573601007,0.0,0.0,0.0,0.0,0.0,0.0,0.0,0.0,0.0,0.0,0.0,0.0,9.0,9.0,9.0,9.0,9.0,9.0,6.0,6.0,6.0,6.0,6.0,6.0,-0.321935814130869,40.23900200981476,9.293357488591548,0.3564386059137579,-0.021686735813611913,-3.0594385469040475e-05,0.6660437141756359
37.43333333333377,-0.13957304830666556,-0.5022496561514183,0.20837048197198316,-0.04655178489688545,-0.005304592687345169,-0.02323173716401156,-0.012335524993607853,0.008603789615697494,0.06463598939774703,0.0,0.0,0.0,-0.13330764235273102,-0.5026678805020065,0.20900957502529333,-0.04190365402483699,-0.005963466530434875,-0.038152672602492964,-0.07450076889512358,0.013673210062767893,0.1314212552965257,0.0,0.0,0.0,0.841984616969875,0.6303067756206335,2.1077469576414547,0.7294356225497316,0.6495118997092546,2.0824578453734017,-0.06559440509327383,-0.07172950513016771,-0.01512008836433737,1.588067766026271,2.3254827715062985,1.7397602157335517,-1.3407459244965998,-1.0760549398218482,0.9940967283934861,-0.08669041860886624,-0.24222461441536486,0.32623311805626926,-1.0936916272281598,0.04572157962988422,0.8661978025827521,-0.20483004735017354,0.5280556958080989,-0.3523941765491515,0.29375205155788137,-1.068872244565373,-0.26690479681186113,1.575065838549261,2.392126637804941,1.5180860496706106,-1.1614162295949166,-0.9236391599815941,1.0392371573601007,0.0,0.0,0.0,0.0,0.0,0.0,0.0,0.0,0.0,0.0,0.0,0.0,9.0,9.0,9.0,9.0,9.0,9.0,6.0,6.0,6.0,6.0,6.0,6.0,-0.19958498978596184,40.08608780835405,9.277784729437228,0.4014566719886927,-0.02379313407189909,-3.317222163279343e-05,0.7606954962988774
37.4666666666671,-0.1411647144430241,-0.5024096784063093,0.2078483412864662,-0.047396689563019664,-0.005066930899499998,-0.02044672662642183,-0.012633925654374573,0.007944696850666996,0.0545726779794099,0.0,0.0,0.0,-0.1347644782078175,-0.5028551922887013,0.20784144404885768,-0.04380802607540264,-0.005714144693556023,-0.03570482655751314,-0.07016849015760807,0.014601820275583322,0.12986818041524995,0.0,0.0,0.0,0.8771268233320618,0.6270211367837728,2.1159342589994643,0.7691063014045477,0.6494956384111366,2.0954860290631427,-0.06356897906114764,-0.06764233707704749,-0.010505745301604003,1.5848166334114913,2.318253738101218,1.7500106669523416,-1.3766499010064268,-1.0764942976396936,1.0225292802270904,-0.09391945849854955,-0.2253222062400686,0.3137533970612212,-1.082643405939259,0.006453370186387815,0.8573836375330055,-0.216871196690499,0.5070722452588878,-0.3743916298514415,0.3314466386670287,-1.1780462833048921,-0.2644249514924003,1.575065838549261,2.392126637804941,1.5180860496706106,-1.1614162295949166,-0.9236391599815941,1.0392371573601007,0.0,0.0,0.0,0.0,0.0,0.0,0.0,0.0,0.0,0.0,0.0,0.0,9.0,9.0,9.0,9.0,9.0,9.0,6.0,6.0,6.0,6.0,6.0,6.0,-0.2150554965865863,39.78449384846952,9.260247935799537,0.44199941228839573,-0.025815595865204433,-3.060802058263423e-05,0.824093260308876
37.50000000000043,-0.1427787251935549,-0.5025656770031084,0.20739977781926985,-0.048130584640213823,-0.0048869139379665825,-0.017968454221306985,-0.010790690237529627,0.006417484724378905,0.04483726417635259,0.0,0.0,0.0,-0.13627971595386082,-0.5030342944028438,0.20675271804820936,-0.04558838991253712,-0.005463489941626071,-0.03328232482701858,-0.06384814007169881,0.014436234167670037,0.1268475076783817,0.0,0.0,0.0,0.9123961023859929,0.6233366223492354,2.122799876985985,0.808997697003673,0.6488926231865114,2.107491102286008,-0.061244028220443135,-0.06370223838820026,-0.00561566421101347,1.5813115680481746,2.31155523626148,1.7598044620009015,-1.41209195476883,-1.0784148531381332,1.0506361063154037,-0.10140779343251607,-0.20907743887478053,0.300460366658269,-1.0697222105611477,-0.03625998657332988,0.8479310676106001,-0.22465004801899582,0.48734302095864207,-0.39879091208856704,0.387635861343336,-1.2814007027915308,-0.28357709767216194,1.575065838549261,2.392126637804941,1.5180860496706106,-1.1614162295949166,-0.9236391599815941,1.0392371573601007,0.0,0.0,0.0,0.0,0.0,0.0,0.0,0.0,0.0,0.0,0.0,0.0,9.0,9.0,9.0,9.0,9.0,9.0,6.0,6.0,6.0,6.0,6.0,6.0,-0.22313034899465878,39.500644102732956,9.240728975750686,0.48144298514306916,-0.027721302247956547,-2.949110822947354e-05,0.9251715761560255
37.533333333333765,-0.14438053544398688,-0.5027179551270714,0.20701816369033438,-0.0481322851404415,-0.004738260361686187,-0.01567655461251956,0.009701042536706705,0.005546074402627017,0.039885392072520676,0.0,0.0,0.0,-0.13783555855548335,-0.5032054799943302,0.205742479992425,-0.04689013441104418,-0.005220341856103948,-0.030888285991075775,-0.04073742543793024,0.013856629978509005,0.12375110984479898,0.0,0.0,0.0,0.9471876759481478,0.6193547012078239,2.1284437925622934,0.8488261593976664,0.6477193889554229,2.1184389877312118,-0.058490385808242236,-0.05970380135908821,-0.0005884276666290184,1.5776539064430524,2.3054415660358676,1.7690206261817085,-1.446488726885048,-1.0815944465500804,1.0779392166599504,-0.10695582991328349,-0.19196588413717386,0.2844767391688998,-1.044509512511408,-0.07567853043005374,0.8287058960944679,-0.1664410944230227,0.5133466421281999,-0.4795088246810756,0.7563809414921973,-1.1825563157017156,-0.5767551454839679,1.575065838549261,2.392126637804941,1.5180860496706106,-1.1614162295949166,-0.9236391599815941,1.0392371573601007,0.0,0.0,0.0,0.0,0.0,0.0,0.0,0.0,0.0,0.0,0.0,0.0,9.0,9.0,9.0,9.0,9.0,9.0,6.0,6.0,6.0,6.0,6.0,6.0,-0.10358432729262357,39.32963577891785,9.22025113571564,0.5224716241016969,-0.029158753208589294,-4.204332439305958e-05,1.2289761989515233
37.566666666667096,-0.14598192858302145,-0.5028729507518465,0.20668805777900867,-0.048123883823478895,-0.004744569357485373,-0.013791343700498424,0.008862392362132026,0.0004663366873553492,0.027424758820212003,0.0,0.0,0.0,-0.13943016026557858,-0.5033716308110793,0.20480771185737928,-0.04807307920789018,-0.005052916117863677,-0.028577438052118372,-0.03502998782391309,0.010042414758114404,0.11812260804980568,0.0,0.0,0.0,0.9821325534148329,0.6148126168910478,2.132858031182793,0.8887619468090939,0.6458605460014202,2.1282691220392764,-0.05559269601984547,-0.055921329050751804,0.004556444698603841,1.5737961347950662,2.2997847972885337,1.7777879141210027,-1.480334861938455,-1.0861967336300393,1.1047167138977745,-0.11280737626415067,-0.1771240029924016,0.2701713385088501,-1.0250925385719427,-0.1172719184091992,0.8117852434546361,-0.1755463905260153,0.445256434343168,-0.4291620198014915,0.5825092181839582,-1.2478016393743643,-0.5076195791949529,1.575065838549261,2.392126637804941,1.5180860496706106,-1.1614162295949166,-0.9236391599815941,1.0392371573601007,0.0,0.0,0.0,0.0,0.0,0.0,0.0,0.0,0.0,0.0,0.0,0.0,9.0,9.0,9.0,9.0,9.0,9.0,6.0,6.0,6.0,6.0,6.0,6.0,-0.13343246822370003,39.002340472480576,9.205484179949977,0.5573729771298411,-0.030648554195998434,-4.214714559436228e-05,1.0516718191160213
37.60000000000043,-0.14757569270141965,-0.5030337673173024,0.20639964397379923,-0.04796557736613238,-0.00487613780149093,-0.012277684974802736,0.012520556977711955,-0.003921783443788731,0.015809628755313235,0.0,0.0,0.0,-0.14105655434323122,-0.5035353845300234,0.2039451981967006,-0.04905831873016067,-0.004965003503154434,-0.026362951707792858,-0.025636802087621202,0.0060974219201774815,0.11196811469887802,0.0,0.0,0.0,1.017582129590109,0.6095721094236666,2.1361684477467815,0.9289587043233823,0.6432160680200083,2.1369888161677166,-0.05269353027803037,-0.05247520928289317,0.009702924492816976,1.5697496151219883,2.2944941892277813,1.786223303217173,-1.5139664803272292,-1.0922388810431571,1.1311275240018328,-0.11853285221627523,-0.16485349554585288,0.25876489475968806,-1.0143298806327998,-0.1599335877320909,0.7988112832327092,-0.17176427856373647,0.3681152233964621,-0.34219331247486184,0.322879738174284,-1.279850079686751,-0.38921880665780545,1.575065838549261,2.392126637804941,1.5180860496706106,-1.1614162295949166,-0.9236391599815941,1.0392371573601007,0.0,0.0,0.0,0.0,0.0,0.0,0.0,0.0,0.0,0.0,0.0,0.0,9.0,9.0,9.0,9.0,9.0,9.0,6.0,6.0,6.0,6.0,6.0,6.0,-0.14652001488097932,38.68519750872226,9.202028280773465,0.5912333672409972,-0.03194646611540408,-3.851211148542255e-05,1.038280918715247
37.63333333333376,-0.1491545285864631,-0.5032025253028236,0.2061447825519668,-0.04760830930410977,-0.005107867004743836,-0.011052609230231655,0.017913398894615788,-0.007903689133854705,0.006941301944450015,0.0,0.0,0.0,-0.14270689926063929,-0.5036990820589243,0.2031507739977877,-0.04981159029367921,-0.00494946726850324,-0.024271266632779686,-0.014724580667015097,0.0025421805056122793,0.10466044251513296,0.0,0.0,0.0,1.0537161503027175,0.6036362197891321,2.138149544732623,0.9695220601902276,0.6397478440746052,2.1444763839839376,-0.04975251932327045,-0.0494460313421352,0.01489691797109766,1.5655001501751264,2.289562648677725,1.794278484429547,-1.5472594014828989,-1.0999122097300649,1.1571722206321742,-0.12450024967599867,-0.15358197618307412,0.2473585891673757,-1.003968383324324,-0.2067777696488497,0.7871643603510643,-0.17902192379170317,0.3381455808833627,-0.34218916776937086,0.3108449192542766,-1.405325457502764,-0.3494076864493467,1.575065838549261,2.392126637804941,1.5180860496706106,-1.1614162295949166,-0.9236391599815941,1.0392371573601007,0.0,0.0,0.0,0.0,0.0,0.0,0.0,0.0,0.0,0.0,0.0,0.0,9.0,9.0,9.0,9.0,9.0,9.0,6.0,6.0,6.0,6.0,6.0,6.0,-0.16189576964674757,38.44409114073319,9.18427926831946,0.625087716632223,-0.03332887285418118,-3.301375317943389e-05,1.3366108950262032
37.66666666666709,-0.15069137365448526,-0.5033725446270529,0.20592143643595667,-0.046641831380728756,-0.005228176718347981,-0.009918377970816745,0.03548612434132645,-0.004963416555430337,0.005459120607937323,0.0,0.0,0.0,-0.14436433854330988,-0.5038619276325769,0.20242176379549853,-0.05009486234560711,-0.004924145983907689,-0.022267739955466423,0.007387110519662343,0.0029410510908149945,0.09911774909763382,0.0,0.0,0.0,1.0894851247252972,0.5972496403526268,2.139185741952147,1.0100240318901383,0.6355222802286912,2.1508523243417104,-0.04653802165175312,-0.046414630738783665,0.01989056032247424,1.561187418205145,2.285052649869619,1.801856645695893,-1.5795093644840383,-1.1086160009940524,1.1822496499213635,-0.12775472262495907,-0.14139396822314418,0.23401608838271307,-0.9796553877975658,-0.24300174849603665,0.7639367059008084,-0.09763418846881186,0.36564023879789803,-0.40027502353987876,0.7293898658027477,-1.0867193654156084,-0.6968296335076747,1.575065838549261,2.392126637804941,1.5180860496706106,-1.1614162295949166,-0.9236391599815941,1.0392371573601007,0.0,0.0,0.0,0.0,0.0,0.0,0.0,0.0,0.0,0.0,0.0,0.0,9.0,9.0,9.0,9.0,9.0,9.0,6.0,6.0,6.0,6.0,6.0,6.0,-0.01258473848125119,38.348376910940694,9.176067343581558,0.66328263444713,-0.033632861868227226,-4.665114477886423e-05,1.9133949241833292
37.70000000000042,-0.152187517903021,-0.5035425210710303,0.20572150403430092,-0.04549887146399021,-0.00527340352444463,-0.009011484793328951,0.040138521756865296,-0.0028680406144424696,-0.000448903669969844,0.0,0.0,0.0,-0.14602166113996823,-0.5040239034679144,0.2017554321073189,-0.05012225597834936,-0.004896952401985047,-0.020348726307184158,0.019052315457814828,0.0029600099924920187,0.09384169891575489,0.0,0.0,0.0,1.1249602896632533,0.5902100714088315,2.139753975219118,1.0503718381540939,0.6304510838243123,2.15632861563405,-0.0432965648488123,-0.04341972537142165,0.024501195217052463,1.5568513730011488,2.280853846196671,1.8091581736641147,-1.611191025913939,-1.1180497091723012,1.206434963407994,-0.12930581162158036,-0.13110739620000142,0.22403592215866996,-0.9601850245305349,-0.26967474639698796,0.7383518383662142,-0.04653266989863872,0.30859716069428317,-0.2994049867212935,0.5841108980109273,-0.8001899370285387,-0.7675460260378277,1.575065838549261,2.392126637804941,1.5180860496706106,-1.1614162295949166,-0.9236391599815941,1.0392371573601007,0.0,0.0,0.0,0.0,0.0,0.0,0.0,0.0,0.0,0.0,0.0,0.0,9.0,9.0,9.0,9.0,9.0,9.0,6.0,6.0,6.0,6.0,6.0,6.0,0.051930093873072014,38.130549611307266,9.191557227212018,0.696547034603321,-0.03373717813856836,-5.610317041471191e-05,1.2220657993851702
37.73333333333375,-0.1536321909944623,-0.5037049745200948,0.2055476001513432,-0.04408279171323941,-0.0051279924131191045,-0.008100436289815233,0.04758525793135572,0.0029726386559816437,0.001720408724871239,0.0,0.0,0.0,-0.14766830336209233,-0.5041821479613067,0.20115142806225897,-0.049838976224825915,-0.004795553866852552,-0.0184519968623125,0.033196626066286594,0.006422074702509661,0.09161489674037071,0.0,0.0,0.0,1.1593578916321285,0.5826083065211451,2.1400889096234845,1.0901546214044049,0.6245463230467876,2.161061110440945,-0.039884408797677635,-0.04019237153041616,0.028689112984885603,1.5525747898818016,2.277008793492757,1.816118361066545,-1.6418380772125316,-1.1277845870925478,1.229262667890227,-0.1286335995941366,-0.12060351947827398,0.21388238876816212,-0.9330027008153623,-0.28458914053726253,0.7026713691000605,0.020166360823313606,0.31511630165182325,-0.30460600171523483,0.8154697114551774,-0.4474318242082373,-1.0704140779846119,1.575065838549261,2.392126637804941,1.5180860496706106,-1.1614162295949166,-0.9236391599815941,1.0392371573601007,0.0,0.0,0.0,0.0,0.0,0.0,0.0,0.0,0.0,0.0,0.0,0.0,9.0,9.0,9.0,9.0,9.0,9.0,6.0,6.0,6.0,6.0,6.0,6.0,0.16307955784971528,38.02645254430177,9.192690162060746,0.7311684333713737,-0.03359688252851023,-7.616645856634019e-05,1.8451937231430797
37.766666666667085,-0.15500789451596994,-0.5038561648412978,0.20539710990908153,-0.042226587340960686,-0.004835517448094076,-0.007195895291839558,0.060004885294170335,0.007595508528520016,0.0043190610268435264,0.0,0.0,0.0,-0.1492903485758375,-0.5043342056430218,0.20060832264950895,-0.04915030996246151,-0.004619731705286674,-0.01659615157576191,0.051692663592084465,0.009854798315727109,0.08855312590235664,0.0,0.0,0.0,1.1920733954081555,0.5747877504488655,2.140249469135115,1.128958307648254,0.6179559190022959,2.1651239857025364,-0.036124278162976316,-0.0366333103423022,0.03243150991174115,1.5484367174275586,2.2735531889080383,1.8226321860406098,-1.6709056241812685,-1.1375108690237483,1.2504891430830607,-0.1256393156162381,-0.10931326485380131,0.20157062907068501,-0.8923518396465266,-0.2893886854697639,0.6587532935566937,0.08982851933695504,0.33870763873417986,-0.36935279092431333,1.2195258350650708,-0.14398634797503984,-1.3175422663010035,1.575065838549261,2.392126637804941,1.5180860496706106,-1.1614162295949166,-0.9236391599815941,1.0392371573601007,0.0,0.0,0.0,0.0,0.0,0.0,0.0,0.0,0.0,0.0,0.0,0.0,9.0,9.0,9.0,9.0,9.0,9.0,6.0,6.0,6.0,6.0,6.0,6.0,0.2860300569163111,37.950904933750685,9.173349147609509,0.7640541651784375,-0.033471212606854595,-8.264824583381625e-05,1.8949673162060485
37.800000000000416,-0.15631672655553247,-0.5039896413316428,0.2052698911629447,-0.040267294398842315,-0.004352455934994756,-0.006296515104584149,0.06229854962075374,0.013721506724320705,0.006813866635693805,0.0,0.0,0.0,-0.1508811783719693,-0.5044763204131095,0.2001266117094173,-0.048230955560043615,-0.004335856984031856,-0.014734164847292652,0.06167205691309219,0.014849143930641517,0.08778805021395142,0.0,0.0,0.0,1.2227786405931247,0.5667046639556597,2.140593157289396,1.1664568686997854,0.6107056196683457,2.168706572331515,-0.03214278352787283,-0.032669945619714445,0.03565578816543093,1.544487723762619,2.270442650532024,1.8287878370519333,-1.6984877259856765,-1.1468510618911412,1.2699989300031553,-0.12085964517087187,-0.09864852247155945,0.19030322991669518,-0.8490926493036703,-0.2832667525044442,0.609780169587457,0.14339011336098634,0.31994227146725623,-0.33802197461969463,1.297775710285688,0.1836579889595889,-1.4691937190771014,1.575065838549261,2.392126637804941,1.5180860496706106,-1.1614162295949166,-0.9236391599815941,1.0392371573601007,0.0,0.0,0.0,0.0,0.0,0.0,0.0,0.0,0.0,0.0,0.0,0.0,9.0,9.0,9.0,9.0,9.0,9.0,6.0,6.0,6.0,6.0,6.0,6.0,0.3632600730872134,37.8239710471713,9.172429423429547,0.7934028926105299,-0.03309862808918762,-9.448350066632027e-05,1.5485935502994452
37.83333333333375,-0.1575579991809466,-0.5041027858390442,0.20516398764357496,-0.038261859654782376,-0.0037407949100769023,-0.005439598796022395,0.06290985528766255,0.018097273002600493,0.00838255065684565,0.0,0.0,0.0,-0.15243468304864882,-0.5046057274128495,0.19970579997690222,-0.047120055524750334,-0.00396459061528171,-0.012884655380957146,0.06969049843185804,0.018803982482008763,0.0861675314276642,0.0,0.0,0.0,1.2509971471053745,0.5583042836279565,2.141501760482843,1.2022661787678066,0.6028015088370892,2.1720441298964634,-0.028019419612117572,-0.028168794138917434,0.03832248766653353,1.540792472242191,2.267646885215725,1.8346416506554124,-1.7245921798004105,-1.1553741024157373,1.287582941707738,-0.11419157879884453,-0.08879814714983297,0.18051068204181714,-0.8051199593959039,-0.2648830613267407,0.5549402906208059,0.20004199116082041,0.2955112596517942,-0.29377643624634175,1.3191806972329945,0.5515107353311044,-1.6451963689995317,1.575065838549261,2.392126637804941,1.5180860496706106,-1.1614162295949166,-0.9236391599815941,1.0392371573601007,0.0,0.0,0.0,0.0,0.0,0.0,0.0,0.0,0.0,0.0,0.0,0.0,9.0,9.0,9.0,9.0,9.0,9.0,6.0,6.0,6.0,6.0,6.0,6.0,0.4423011260991715,37.69851289185085,9.170711842300037,0.8201989714697575,-0.032522759458300965,-0.00011286473185662116,1.6832270645673815
37.86666666666708,-0.15872346344526486,-0.504198074615313,0.20507226493438885,-0.03607650126848912,-0.003138797985238667,-0.00472794423307196,0.06767787327498302,0.018101728810569345,0.007061745411129569,0.0,0.0,0.0,-0.1539421007514827,-0.5047216329504592,0.19934262120702115,-0.04575491054828821,-0.00355997513440019,-0.011121988530419478,0.080619372976384,0.020144363527844433,0.08104844341722162,0.0,0.0,0.0,1.276483378162774,0.5497442333857446,2.142956815804784,1.2360869239130612,0.5943416890941174,2.175219006732822,-0.02371143176842608,-0.023173851872823215,0.04050903855526602,1.5373866134352834,2.265157775325708,1.8401390199635017,-1.7489843154093272,-1.162950088424415,1.3031688624191131,-0.10618103573777213,-0.07938158018362569,0.1701176135090598,-0.7562160319769679,-0.23981407394913332,0.4966985111011069,0.240316291832172,0.2824970089862183,-0.3117920559827206,1.4671178225680805,0.7520696213282219,-1.7472533855909684,1.575065838549261,2.392126637804941,1.5180860496706106,-1.1614162295949166,-0.9236391599815941,1.0392371573601007,0.0,0.0,0.0,0.0,0.0,0.0,0.0,0.0,0.0,0.0,0.0,0.0,9.0,9.0,9.0,9.0,9.0,9.0,6.0,6.0,6.0,6.0,6.0,6.0,0.5019090751733937,37.57956166836723,9.14316581411336,0.8439122675903902,-0.03229357652340464,-0.00011946803508455783,1.7116024128473264
37.90000000000041,-0.15982318242341978,-0.5042733264954655,0.20499523648420362,-0.03403296534188913,-0.002498386398849804,-0.0040525163647918755,0.06287297616578835,0.019522338528242627,0.008802083193364625,0.0,0.0,0.0,-0.15540196843843226,-0.504822080518322,0.199036377501107,-0.04431493142839606,-0.003099984073542359,-0.009390772621204347,0.08290489641002896,0.022521928282548842,0.07864596893101705,0.0,0.0,0.0,1.2989636987670319,0.5410973950263128,2.1450721291580406,1.2676221139352353,0.5854129330490454,2.1783434224541,-0.01925069149043472,-0.017671953587700906,0.042244414782606404,1.534284646944882,2.262965698086502,1.8452745380017552,-1.771578476035956,-1.169347943409136,1.316690894597881,-0.0974330083872811,-0.07030207151199419,0.1594162319347568,-0.7039552231915704,-0.20789512434413082,0.43600681394239604,0.2624408205147308,0.2723852601489448,-0.3210414472290905,1.5678242635619222,0.9575684881500743,-1.820750914761326,1.575065838549261,2.392126637804941,1.5180860496706106,-1.1614162295949166,-0.9236391599815941,1.0392371573601007,0.0,0.0,0.0,0.0,0.0,0.0,0.0,0.0,0.0,0.0,0.0,0.0,9.0,9.0,9.0,9.0,9.0,9.0,6.0,6.0,6.0,6.0,6.0,6.0,0.5311403683579867,37.47270942137213,9.119713406901495,0.8657004482109767,-0.03195940137008585,-0.00012608972075467406,1.792931811938999
37.93333333333374,-0.1608651339797526,-0.5043281272502566,0.20493246627672346,-0.03219619894653179,-0.0018429728241194199,-0.003401272858542785,0.056208282279425655,0.020157174175009483,0.010655599203646268,0.0,0.0,0.0,-0.1568139894663574,-0.5049056390570507,0.19878611495998025,-0.042856904721706425,-0.00259494210718914,-0.007689373968077017,0.08248694644208454,0.024385160881491785,0.07636814095192257,0.0,0.0,0.0,1.3182577355311813,0.5323966522010539,2.147891633548773,1.2966177798291325,0.5760906144681752,2.181504757883766,-0.014682188073045492,-0.011689372816195235,0.043590366658122486,1.5314925817429983,2.2610581410096486,1.8500384206109077,-1.792310140291097,-1.1744228369200915,1.3281000900488893,-0.08831897350010366,-0.06158516537440061,0.14841639616130056,-0.649285026166674,-0.1707962450004873,0.37351951366763236,0.27342104661532324,0.2615071841278073,-0.3299950732036871,1.6401059107468927,1.112966380309306,-1.87461900824291,1.575065838549261,2.392126637804941,1.5180860496706106,-1.1614162295949166,-0.9236391599815941,1.0392371573601007,0.0,0.0,0.0,0.0,0.0,0.0,0.0,0.0,0.0,0.0,0.0,0.0,9.0,9.0,9.0,9.0,9.0,9.0,6.0,6.0,6.0,6.0,6.0,6.0,0.5421801897030905,37.368745684866454,9.094133486348014,0.8850423823167913,-0.031719030326030184,-0.00013282604461109515,1.8958775289278638
37.966666666667074,-0.16185712505057093,-0.5043628225723215,0.20488397754321758,-0.030584176008823086,-0.0011957988605400018,-0.002762893684588344,0.049089620420692814,0.020121806810089522,0.012635057166170346,0.0,0.0,0.0,-0.15817881390796126,-0.504971421251894,0.19859079318570882,-0.04141371440596704,-0.00206044619423343,-0.006019760381885075,0.08053506923537013,0.025489761770323582,0.07404115238493159,0.0,0.0,0.0,1.3341584238939748,0.5238628028956054,2.1515319869604217,1.3228211469499944,0.5665315926893041,2.1848175818997095,-0.010004574580592463,-0.005249803077855323,0.044517834556288646,1.5290288703406498,2.259428264828289,1.8544179252938857,-1.8110835387833988,-1.1779487595377556,1.3374566444443639,-0.07871388588033625,-0.053125912085333855,0.13706222571333018,-0.5918963119015959,-0.12745053402010798,0.3116375924653705,0.28815262859302243,0.25377759867200267,-0.3406251134391117,1.7216614279523461,1.3003713294113797,-1.8564576360678573,1.575065838549261,2.392126637804941,1.5180860496706106,-1.1614162295949166,-0.9236391599815941,1.0392371573601007,0.0,0.0,0.0,0.0,0.0,0.0,0.0,0.0,0.0,0.0,0.0,0.0,9.0,9.0,9.0,9.0,9.0,9.0,6.0,6.0,6.0,6.0,6.0,6.0,0.5602508511481719,37.280253720116804,9.068173002196511,0.9025665885067916,-0.031417927390013256,-0.0001291130025658227,2.0117054444119145
38.000000000000405,-0.16279389563687602,-0.504382357117162,0.20484240120971173,-0.028940710309952093,-0.0006645577025470343,-0.002291372269084169,0.04978873628325357,0.016765479031037887,0.009584369419890475,0.0,0.0,0.0,-0.15949228345805216,-0.5050205972248962,0.1984460804223836,-0.0398659285660857,-0.0015519964633567505,-0.004467273417920321,0.08431473777511655,0.0239463095841721,0.0676973920837396,0.0,0.0,0.0,1.3470683726578239,0.5157693976240623,2.155807040859358,1.3462532112982282,0.5569376256765302,2.1882702350771623,-0.005257624779712989,0.0013492476820410816,0.04504980026681272,1.5268767145700495,2.258037892624424,1.858411523368854,-1.8279567992051116,-1.1801098323992523,1.3451392869502714,-0.06928107737211893,-0.04551608143907904,0.125559370070474,-0.5347639790681237,-0.08570496856997298,0.25753204760660814,0.28298425524651943,0.2282949193876446,-0.34508566928568546,1.713969985004165,1.2523669635040497,-1.6231663457628707,1.575065838549261,2.392126637804941,1.5180860496706106,-1.1614162295949166,-0.9236391599815941,1.0392371573601007,0.0,0.0,0.0,0.0,0.0,0.0,0.0,0.0,0.0,0.0,0.0,0.0,9.0,9.0,9.0,9.0,9.0,9.0,6.0,6.0,6.0,6.0,6.0,6.0,0.5427993240090054,37.15664942089614,9.033775041071415,0.9160850860730896,-0.03174163214690787,-0.00010371237517839416,1.664714687844307
38.03333333333374,-0.1636918501078547,-0.5043841324220627,0.2048150779199407,-0.027613946191257833,-0.00012815102595127744,-0.0017372572430594895,0.040099538874660154,0.017074020186774765,0.013870167885849563,0.0,0.0,0.0,-0.16075861813882336,-0.5050520300306847,0.19835252045619123,-0.03841238924180312,-0.0010181860854731706,-0.0029185090552275085,0.07861196385752045,0.024873527305194543,0.06684090058522463,0.0,0.0,0.0,1.3566596137493774,0.5081541760676217,2.1607943920223476,1.3666931117692809,0.5474315968541097,2.1919421621720043,-0.00045483570681647753,0.008220017291633979,0.045241354225512974,1.5250355527224915,2.2569037572298023,1.861987806298244,-1.8427791307310695,-1.1806908279092292,1.3510103700280849,-0.059916929408536594,-0.03785473503879273,0.1133787819446225,-0.4747012902085327,-0.040188233056195094,0.2032656774251394,0.28092443890747,0.22984039200858916,-0.3654176437755444,1.8018806657877302,1.3655020654133365,-1.6279911054440617,1.575065838549261,2.392126637804941,1.5180860496706106,-1.1614162295949166,-0.9236391599815941,1.0392371573601007,0.0,0.0,0.0,0.0,0.0,0.0,0.0,0.0,0.0,0.0,0.0,0.0,9.0,9.0,9.0,9.0,9.0,9.0,6.0,6.0,6.0,6.0,6.0,6.0,0.5375051781444284,37.09506852308584,9.007736409375065,0.9299825694221622,-0.03168430852866003,-0.00010339083288832263,2.5581085183727543
38.06666666666707,-0.1645590763537182,-0.5043705576651515,0.20480702238435167,-0.02655330845483132,0.00035092737201459053,-0.001067769431875685,0.031992988682702894,0.01545908547513069,0.018986550567751382,0.0,0.0,0.0,-0.16198084311972719,-0.5050662189218234,0.19831081444710155,-0.037051680885330146,-0.0004936780967951774,-0.001352548887995666,0.0730690041555988,0.02414596917474121,0.06700374514276008,0.0,0.0,0.0,1.3628897237623563,0.5010361858020449,2.166400314260433,1.384003700262453,0.5381115704278971,2.195852511814853,0.004369218518325377,0.015304383435085958,0.04518214997047881,1.5234888293499056,2.2560347160957552,1.8651088031421799,-1.8554575712436563,-1.1796944918614007,1.355041186994514,-0.05090677725456442,-0.02999906769386688,0.10021286419359073,-0.41180257365458184,0.006530643271167577,0.14837156513696245,0.2703045646191653,0.23567002034777557,-0.3949775325309534,1.886961496618526,1.40156628982088,-1.6468233686453082,1.575065838549261,2.392126637804941,1.5180860496706106,-1.1614162295949166,-0.9236391599815941,1.0392371573601007,0.0,0.0,0.0,0.0,0.0,0.0,0.0,0.0,0.0,0.0,0.0,0.0,9.0,9.0,9.0,9.0,9.0,9.0,6.0,6.0,6.0,6.0,6.0,6.0,0.5210825712439198,37.04419198578437,8.978744455456697,0.9416776521920978,-0.031878924002551295,-0.00010565046342095319,2.6938776064825563
38.1000000000004,-0.16538682223762727,-0.5043471775860845,0.20481177923724825,-0.025405528697684775,0.0006911478207375623,-0.0005119192136845453,0.03455856509423955,0.011333230005758888,0.016900868329894098,0.0,0.0,0.0,-0.16315520626942506,-0.5050655391573226,0.19831709212277207,-0.03560836365207666,-3.210142692388848e-05,0.00011555741242017794,0.07596293699827639,0.02088092752353532,0.06170335995034071,0.0,0.0,0.0,1.366321865882552,0.4944267261868255,2.1724276074183058,1.398329912513186,0.5290560263621576,2.199960903618157,0.009084642607728174,0.02230277959737471,0.04491276864328569,1.522207738066839,2.2553812587878967,1.8678202537916098,-1.8662344229869676,-1.1774275824179417,1.3575497747469452,-0.04259075141285215,-0.02306883538845623,0.0876333010531315,-0.35280455941775324,0.047515069959574954,0.09962894342760811,0.24948077525136805,0.2079069691623196,-0.377386894213777,1.7699404271048587,1.2295328006522213,-1.4622786512806303,1.575065838549261,2.392126637804941,1.5180860496706106,-1.1614162295949166,-0.9236391599815941,1.0392371573601007,0.0,0.0,0.0,0.0,0.0,0.0,0.0,0.0,0.0,0.0,0.0,0.0,9.0,9.0,9.0,9.0,9.0,9.0,6.0,6.0,6.0,6.0,6.0,6.0,0.47816645564226146,36.940168679146915,8.952763139199032,0.9490679756680853,-0.0326789158646979,-9.079991089390449e-05,2.0698038581367326
38.13333333333373,-0.16618134536865653,-0.5043175371764039,0.2048482263841443,-0.024352162378635623,0.0009088382860831165,0.00036531110094091285,0.03177728284344498,0.007734976349597473,0.02783307806919275,0.0,0.0,0.0,-0.16428288275041739,-0.5050522823020107,0.19837684758243226,-0.03418375806516798,0.0003607703739738198,0.0017108213669703365,0.07402220952741434,0.01738543793255154,0.06718606673628535,0.0,0.0,0.0,1.366662375639957,0.488278792739099,2.1790758946086166,1.409525927531894,0.5203163385794264,2.204383450339695,0.013648148845894907,0.029365967456480332,0.04442490251344871,1.5212155249129227,2.2549805489773225,1.8701282647755875,-1.8751196286539864,-1.1736470615621228,1.358398448631936,-0.03404118021594354,-0.015703808007635163,0.07537132003059721,-0.29530563314629243,0.09144877376956974,0.05018312550902008,0.25648713590725847,0.22095082142463193,-0.3678594306760287,1.7249677881438243,1.3180111142998436,-1.483374537557641,1.575065838549261,2.392126637804941,1.5180860496706106,-1.1614162295949166,-0.9236391599815941,1.0392371573601007,0.0,0.0,0.0,0.0,0.0,0.0,0.0,0.0,0.0,0.0,0.0,0.0,9.0,9.0,9.0,9.0,9.0,9.0,6.0,6.0,6.0,6.0,6.0,6.0,0.4899501809280952,36.93375618903388,8.942569696771391,0.9577851652796652,-0.03294229271060553,-9.439145731705845e-05,3.10775829463068
38.16666666666706,-0.16694332411038196,-0.5042917443460352,0.20492868023456548,-0.023343103032616896,0.0008793012318447893,0.0015771095222381283,0.030608234697136288,0.00036929852476256034,0.039058054499598475,0.0,0.0,0.0,-0.16536373958330686,-0.5050317011491101,0.19849525015137567,-0.03275906894476914,0.0006075649963107106,0.0034582246803099657,0.07302018852802217,0.010254353840380759,0.07380386774532077,0.0,0.0,0.0,1.364230670445189,0.4823122273018197,2.1861883159752056,1.4176611537458688,0.5118220814648635,2.2091170347992004,0.01792290684329715,0.036332863371067683,0.04385841159340785,1.5204758439252282,2.2548425633307962,1.8720493905666697,-1.8823372986002846,-1.1685872074492747,1.357600286929723,-0.026140679825875014,-0.007994315599736347,0.0635462891651774,-0.24278860997472781,0.13168000684681816,0.0007644744587457161,0.23701501170205566,0.23128477223696448,-0.35475092596259433,1.5755106951469384,1.2069369923174524,-1.482559531508231,1.575065838549261,2.392126637804941,1.5180860496706106,-1.1614162295949166,-0.9236391599815941,1.0392371573601007,0.0,0.0,0.0,0.0,0.0,0.0,0.0,0.0,0.0,0.0,0.0,0.0,9.0,9.0,9.0,9.0,9.0,9.0,6.0,6.0,6.0,6.0,6.0,6.0,0.4599771565476936,36.91864143089053,8.929889147858518,0.9633883135227862,-0.03374203255491147,-0.00010231683393466251,2.7325112595103622
38.200000000000394,-0.16766970799381548,-0.5042806831447064,0.2050615105138244,-0.022286558973607845,0.000546126704436985,0.0030534886450269156,0.032366086127954795,-0.00873136049470617,0.04807672299901015,0.0,0.0,0.0,-0.1663960077485924,-0.5050104377707569,0.1986762657706611,-0.03128919913337467,0.0006609357372359851,0.005330333610972834,0.07419638489106273,0.0009586984152765154,0.07905020013550956,0.0,0.0,0.0,1.3591311761367937,0.47650589708067387,2.1937745277846252,1.4227650775356977,0.5035762329770036,2.214202253905837,0.021877076783860975,0.04315185881619585,0.04320406916912077,1.5199905743340831,2.254983051069292,1.8735840378499964,-1.8879793255728767,-1.1622734650399986,1.3552142495353743,-0.018418951764861243,0.00014498290333212795,0.051875042054923534,-0.19377007611008154,0.17016818380112925,-0.04746592306739313,0.23165184183041315,0.24417895509205426,-0.35013741330761616,1.470556015939388,1.1546453086293322,-1.4469119257841654,1.575065838549261,2.392126637804941,1.5180860496706106,-1.1614162295949166,-0.9236391599815941,1.0392371573601007,0.0,0.0,0.0,0.0,0.0,0.0,0.0,0.0,0.0,0.0,0.0,0.0,9.0,9.0,9.0,9.0,9.0,9.0,6.0,6.0,6.0,6.0,6.0,6.0,0.45411633076665714,36.91932336686586,8.914622425841875,0.9678004464252874,-0.03448586079578646,-0.00010180910905722984,2.9198306428579235
38.233333333333725,-0.1683556312120698,-0.5042845628965101,0.20523213984857505,-0.02111762950856126,0.00010967223015488376,0.0043163120905768465,0.03610530086972758,-0.011844441011663178,0.04242891015273487,0.0,0.0,0.0,-0.16737667540049406,-0.5049914043686148,0.19891400320584166,-0.029735325392875038,0.0006103266636522532,0.0070682602066847846,0.07722571704447567,-0.003968481565777893,0.07192907878163979,0.0,0.0,0.0,1.3520994944969866,0.47083446947761476,2.2015827447802745,1.4251495998312862,0.49557452711527983,2.2195687713400134,0.025426424386984718,0.04949267313831464,0.04248991595712674,1.5197060605677923,2.255334170237992,1.8748009934126812,-1.8923566000689782,-1.1551243773904272,1.3516261957707916,-0.011829925914102733,0.007070711008446926,0.041630791938670024,-0.15213551529205732,0.19970448092513948,-0.08758304964745296,0.19767077552275536,0.20777184315344394,-0.3073275034876053,1.2490368245407262,0.8860889137203068,-1.2035137974017949,1.575065838549261,2.392126637804941,1.5180860496706106,-1.1614162295949166,-0.9236391599815941,1.0392371573601007,0.0,0.0,0.0,0.0,0.0,0.0,0.0,0.0,0.0,0.0,0.0,0.0,9.0,9.0,9.0,9.0,9.0,9.0,6.0,6.0,6.0,6.0,6.0,6.0,0.38815905099390907,36.83190254787993,8.89743658663005,0.9685706210994751,-0.03576095722030438,-8.287887594597698e-05,2.2005996773258603
38.26666666666706,-0.16900363123304674,-0.504313748996671,0.2054535804351582,-0.01996098429212054,-0.000568819983617571,0.005760185726951434,0.036268657662842915,-0.01917338264228381,0.04846015561120867,0.0,0.0,0.0,-0.16830560159283522,-0.5049811166055562,0.19921166799287662,-0.02816589977364552,0.00037590879112329886,0.008868757057625727,0.07698140955090516,-0.01263614341138286,0.07426986705305483,0.0,0.0,0.0,1.343105646793803,0.4652342595626897,2.2096912771955357,1.4248779322717016,0.4878008151456863,2.225259281708203,0.028565090654608036,0.055435993870043054,0.041710878944672104,1.5196256005809812,2.255929472049924,1.8756948509180642,-1.8955402625889424,-1.1470819795346092,1.3468103621887446,-0.005552508374255228,0.014262939908124,0.031754080753883335,-0.11438508882996887,0.22741611742474202,-0.12551102152342064,0.18832252619542514,0.21576686699031222,-0.2963013355436007,1.1325127938626536,0.8313490949880762,-1.1378391562790307,1.575065838549261,2.392126637804941,1.5180860496706106,-1.1614162295949166,-0.9236391599815941,1.0392371573601007,0.0,0.0,0.0,0.0,0.0,0.0,0.0,0.0,0.0,0.0,0.0,0.0,9.0,9.0,9.0,9.0,9.0,9.0,6.0,6.0,6.0,6.0,6.0,6.0,0.37477010440430014,36.83967036451032,8.88449208109078,0.9705811438436437,-0.036589819169924265,-7.881078391160784e-05,2.9627567865240856
38.30000000000039,-0.1696114900678704,-0.5043679571933286,0.2057250712726152,-0.01876380233735781,-0.001320184784425818,0.007243449571522721,0.038105802873094285,-0.02141132058098095,0.050052077730833484,0.0,0.0,0.0,-0.1691812243153208,-0.5049824687163532,0.19956853537737237,-0.026554340662635435,3.949433761560371e-05,0.01065943746907934,0.07802482367452779,-0.0173094046400859,0.07315125565296787,0.0,0.0,0.0,1.3324646305598105,0.459642353327784,2.2180614064779154,1.422125319724889,0.48022560806978526,2.231284110090173,0.031248416848681987,0.060878398389493826,0.04087141227392897,1.5197307525778754,2.2567448827528636,1.8763220754378107,-1.897749017798724,-1.138291448350296,1.340928616121446,0.0002522038131333058,0.021062527361498322,0.023129183979559056,-0.08230346713895585,0.2516159961611791,-0.1594719285204423,0.174141365621656,0.2039876236012297,-0.2587469032297283,0.9624486507303905,0.7259963620931125,-1.0188272099106503,1.575065838549261,2.392126637804941,1.5180860496706106,-1.1614162295949166,-0.9236391599815941,1.0392371573601007,0.0,0.0,0.0,0.0,0.0,0.0,0.0,0.0,0.0,0.0,0.0,0.0,9.0,9.0,9.0,9.0,9.0,9.0,6.0,6.0,6.0,6.0,6.0,6.0,0.3467919437985922,36.82262016163577,8.876795837486577,0.9712407318963192,-0.03758530605146948,-7.064588433687569e-05,2.6070814068365324
38.33333333333372,-0.1701784324740604,-0.50444023497498,0.20602725578221648,-0.017539350521931677,-0.0019510117093013033,0.00835163281763948,0.039425679689233536,-0.017823386294598974,0.038953886852422376,0.0,0.0,0.0,-0.1700023791270056,-0.5049947882073188,0.19997517743627638,-0.024906973804155387,-0.00029454806055268206,0.012204610896444581,0.07877431434621629,-0.01696445523927359,0.06084393420940737,0.0,0.0,0.0,1.320763927754239,0.4540873962108721,2.226528959937359,1.417216016807814,0.4728446191139194,2.2375887132449335,0.03345539376353863,0.06560274839136856,0.039967472382530005,1.5199760220667415,2.2577040317993795,1.8767597286965596,-1.8992383531085333,-1.1290614405722026,1.3343324575991335,0.004989457715034887,0.02620382338415827,0.016462793168166807,-0.05722119524250463,0.26847215428226157,-0.18508047995306165,0.14211761705704745,0.15423888067979835,-0.1999917243417675,0.7524681568935366,0.5056847436324742,-0.7682565429785797,1.575065838549261,2.392126637804941,1.5180860496706106,-1.1614162295949166,-0.9236391599815941,1.0392371573601007,0.0,0.0,0.0,0.0,0.0,0.0,0.0,0.0,0.0,0.0,0.0,0.0,9.0,9.0,9.0,9.0,9.0,9.0,6.0,6.0,6.0,6.0,6.0,6.0,0.2794747334072672,36.7383588169471,8.865073444958034,0.9695729383925742,-0.038834711943344646,-5.009706012233488e-05,2.064650092386479
38.36666666666705,-0.17070584657695287,-0.504528994679232,0.20636221527834595,-0.01633279393719756,-0.0025116572386891904,0.009375266743028708,0.03944544254013281,-0.015859799157342258,0.03644312976241415,0.0,0.0,0.0,-0.17076912762546118,-0.5050183748125779,0.20042879859772167,-0.02325642291316302,-0.0006358580247822357,0.013640807949910762,0.07798185646533318,-0.017087004198478084,0.055192273848021056,0.0,0.0,0.0,1.3077976720012194,0.44866367680598,2.235092485290031,1.4101841324332296,0.46569535987674954,2.2441666493066488,0.0353114392281447,0.0697610812671128,0.039007464449198115,1.5203709294567471,2.2588259405164917,1.8769629894626134,-1.8998031408450005,-1.119299219683765,1.3269167081684479,0.009561300371790354,0.031172782136955242,0.00955281304379842,-0.03036948647684636,0.28473513586284166,-0.21000848193140023,0.13715527970266403,0.14906876258390922,-0.20729940373105157,0.8055512629697481,0.48788944741740337,-0.7478400593501575,1.575065838549261,2.392126637804941,1.5180860496706106,-1.1614162295949166,-0.9236391599815941,1.0392371573601007,0.0,0.0,0.0,0.0,0.0,0.0,0.0,0.0,0.0,0.0,0.0,0.0,9.0,9.0,9.0,9.0,9.0,9.0,6.0,6.0,6.0,6.0,6.0,6.0,0.2706753854380969,36.74280566990972,8.84576389817059,0.9701406913994371,-0.03965889393851831,-4.421744651020602e-05,2.8512099055126
38.40000000000038,-0.17119572310895323,-0.5046284765869442,0.206723638831839,-0.015173387341611819,-0.002933852065418216,0.010247293681643082,0.038559767859245586,-0.011963407053517347,0.03182920620709874,0.0,0.0,0.0,-0.17148209631957334,-0.5050517544916853,0.20092414864431085,-0.021622117016288505,-0.0009400201575569791,0.014924895546373359,0.07629342531268302,-0.01509913880049396,0.047564758837167265,0.0,0.0,0.0,1.2935538354360292,0.44345225270333705,2.2434131196677827,1.4010879263273348,0.45881005609851044,2.2508711459378277,0.036975503688202474,0.07334484659333133,0.03811745733131684,1.5208834906399358,2.260116268250822,1.8768284196176566,-1.89906685988291,-1.1091873423387169,1.3185491660333317,0.013438323787702345,0.036197482065592534,0.0004928741154596843,0.004602457082859956,0.29714925885523963,-0.23735367001279128,0.11631070247735974,0.15074099785911868,-0.2717981678501621,1.0491583067911894,0.3724236897719388,-0.8203556424417315,1.575065838549261,2.392126637804941,1.5180860496706106,-1.1614162295949166,-0.9236391599815941,1.0392371573601007,0.0,0.0,0.0,0.0,0.0,0.0,0.0,0.0,0.0,0.0,0.0,0.0,9.0,9.0,9.0,9.0,9.0,9.0,6.0,6.0,6.0,6.0,6.0,6.0,0.2427861026359814,36.74985717716521,8.808200641055576,0.9701825354447992,-0.04070635701668874,-4.378444279762479e-05,2.7128713667563815
38.433333333333714,-0.1716515692004844,-0.5047336535838433,0.20710409771816246,-0.014100486546406962,-0.0032069377012902333,0.010917410213086587,0.03642039878296764,-0.007733874782395715,0.025586436313111326,0.0,0.0,0.0,-0.17214293364106947,-0.5050932267151705,0.20145510636819672,-0.02003333316761361,-0.0011946019783483047,0.01602801289700229,0.07325047724348144,-0.012547766872581079,0.038662457320039145,0.0,0.0,0.0,1.2782822697610963,0.4385446310658274,2.2515265526927286,1.3900929132643394,0.45223475824576737,2.2576758951709497,0.0384169839878484,0.07630040001816932,0.03720792916481482,1.5214970393204035,2.261538822031067,1.8764151981673116,-1.8971977569253602,-1.0987844766748887,1.3094599934776727,0.01675041487191964,0.04051690296009888,-0.008100137635077881,0.038916211511946325,0.3071070662283121,-0.2609013411174427,0.09936273252651885,0.12958262683519042,-0.257790352516127,1.029412632872591,0.298734221192174,-0.7064301331395417,1.575065838549261,2.392126637804941,1.5180860496706106,-1.1614162295949166,-0.9236391599815941,1.0392371573601007,0.0,0.0,0.0,0.0,0.0,0.0,0.0,0.0,0.0,0.0,0.0,0.0,9.0,9.0,9.0,9.0,9.0,9.0,6.0,6.0,6.0,6.0,6.0,6.0,0.20953192856382696,36.73617884472893,8.793222110604027,0.9682528981905785,-0.041630527862952425,-2.98412722695221e-05,1.9262356659974262
38.466666666667045,-0.1720759200952137,-0.5048412851469303,0.20749013467461008,-0.013109739410551527,-0.0033599487468424956,0.011251680695368478,0.034214340500756175,-0.004354526261742506,0.015251183446271474,0.0,0.0,0.0,-0.17275333882670355,-0.5051414550711337,0.2020124213504097,-0.018495700432064773,-0.0014071889036149925,0.016865055481368452,0.06999360359802065,-0.010391556730485974,0.02582219493283411,0.0,0.0,0.0,1.2623113148096725,0.43394485230978463,2.2592478550904085,1.377426207136762,0.4459760790461811,2.264478782827031,0.03965109765812544,0.07853570694148135,0.03632562201635711,1.5221721601928533,2.2630537624952654,1.8757299350929797,-1.8942409477544309,-1.0883248779838062,1.2997875356357955,0.01908588907297116,0.043804443603997,-0.016405307364997006,0.07210825392256873,0.31156099589775743,-0.2804162705433604,0.07006422603154557,0.09862621931694344,-0.24915509189757368,0.9957612723186723,0.13361789008336136,-0.5854478827775318,1.575065838549261,2.392126637804941,1.5180860496706106,-1.1614162295949166,-0.9236391599815941,1.0392371573601007,0.0,0.0,0.0,0.0,0.0,0.0,0.0,0.0,0.0,0.0,0.0,0.0,9.0,9.0,9.0,9.0,9.0,9.0,6.0,6.0,6.0,6.0,6.0,6.0,0.15501584411967906,36.70172846041352,8.77200706503216,0.9643571945206725,-0.042724662987881794,-1.786312906435633e-05,1.5183896006247073
38.50000000000038,-0.17247296791785705,-0.5049520737821197,0.20788223108795095,-0.012229458247240876,-0.0034878555245623846,0.011479147169479474,0.03117751723677037,-0.003891207626813487,0.011766970415702974,0.0,0.0,0.0,-0.17331611588671933,-0.5051965216210569,0.20259186744766836,-0.01703857892661306,-0.0016155881680131733,0.017553344283987925,0.06539502468377512,-0.010063207632940774,0.018720814542496633,0.0,0.0,0.0,1.2454347434760025,0.4295833967755851,2.266663052532221,1.3631080276458727,0.4400130576824481,2.271276367928952,0.040699344645138226,0.08023344375040703,0.03547873880623116,1.522917172349283,2.2646718201199527,1.8747585893281935,-1.890119185069014,-1.0776902565115867,1.2893734720042789,0.02126220615291701,0.046962633695078845,-0.02489535108405439,0.10647133834919219,0.31654609474364376,-0.30175336281145443,0.06528951239837563,0.09474570273245543,-0.25470131157172154,1.0308925327987037,0.14955296537658963,-0.6401127680428211,1.575065838549261,2.392126637804941,1.5180860496706106,-1.1614162295949166,-0.9236391599815941,1.0392371573601007,0.0,0.0,0.0,0.0,0.0,0.0,0.0,0.0,0.0,0.0,0.0,0.0,9.0,9.0,9.0,9.0,9.0,9.0,6.0,6.0,6.0,6.0,6.0,6.0,0.14687392281571776,36.730063277769936,8.756782966470274,0.9613543919944864,-0.043389213766059184,-2.200642403094987e-05,1.8041095641811087
38.53333333333371,-0.1728485011705556,-0.5050681445692187,0.20827994271858963,-0.01150108887794793,-0.003651477528847408,0.011656140225614326,0.02693342058859501,-0.005309115136719772,0.009993975400863856,0.0,0.0,0.0,-0.173835108420706,-0.5052594339009338,0.20318990790110636,-0.015693158727786226,-0.0018493382491768333,0.018128165463909704,0.05938248560041348,-0.011146948718984362,0.013383366565403065,0.0,0.0,0.0,1.22741757563826,0.4254787289883621,2.2736827600047835,1.3470989000355686,0.43434843007329643,2.2780094900212213,0.04166333538497103,0.08151674681987878,0.034726516401405894,1.5237253450535653,2.266421756742111,1.873409740968948,-1.8845234142448184,-1.066845342187412,1.2779982256019649,0.02325085613662255,0.05065294367485822,-0.035275417546255905,0.1474058626003102,0.3224136513980421,-0.3280893823167662,0.05965949951116614,0.11070929939338114,-0.31140199386604545,1.2280357275335403,0.1760266996319504,-0.7900805851593533,1.575065838549261,2.392126637804941,1.5180860496706106,-1.1614162295949166,-0.9236391599815941,1.0392371573601007,0.0,0.0,0.0,0.0,0.0,0.0,0.0,0.0,0.0,0.0,0.0,0.0,9.0,9.0,9.0,9.0,9.0,9.0,6.0,6.0,6.0,6.0,6.0,6.0,0.14612758221436833,36.79054316471453,8.730307945208393,0.9582002326035678,-0.04399061433876493,-3.052056352366222e-05,1.8002803516876023
38.56666666666704,-0.17320946515760188,-0.5051885084918728,0.20868439610765818,-0.010961000516505656,-0.0038087812339202345,0.011830910424735911,0.0216520808692313,-0.0054856673183686505,0.00974443361666748,0.0,0.0,0.0,-0.17431511819474851,-0.5053301861252172,0.20380413206490144,-0.014488788193681084,-0.0020866265067069757,0.01862390112900163,0.05205900455358581,-0.01118235159164449,0.009744149871020458,0.0,0.0,0.0,1.208131682599247,0.42162419363135606,2.280352163090091,1.3293763157608356,0.42898120490364217,2.2846663496198,0.042553810914154507,0.08247172007419581,0.03405353657246538,1.5245923921507238,2.2683169809543022,1.8716652121079587,-1.877371729487807,-1.055718096170715,1.2655695960636693,0.02509122732204754,0.0547887988021164,-0.04664904973520417,0.19216898267366525,0.3300161374666173,-0.35793571820483283,0.05521113556274964,0.12407565381774562,-0.34120896566844816,1.3428936022006521,0.22807458205725425,-0.895390076641998,1.575065838549261,2.392126637804941,1.5180860496706106,-1.1614162295949166,-0.9236391599815941,1.0392371573601007,0.0,0.0,0.0,0.0,0.0,0.0,0.0,0.0,0.0,0.0,0.0,0.0,9.0,9.0,9.0,9.0,9.0,9.0,6.0,6.0,6.0,6.0,6.0,6.0,0.14441988721271637,36.85866631166439,8.716047073270524,0.954064495887533,-0.044495763614605874,-3.610205566740698e-05,1.4407783339549187
38.60000000000037,-0.1735574202886897,-0.505310009410202,0.20908633899681878,-0.010517875372941087,-0.0038927572334430394,0.011821755396277061,0.018897335503345408,-0.0034867988165440105,0.004143739702333789,0.0,0.0,0.0,-0.17475903318786148,-0.5054077432224661,0.2044279868728193,-0.013380300378410379,-0.0022976108812427596,0.01893860641282627,0.04698419666542497,-0.009800009942869892,0.0012946779295637256,0.0,0.0,0.0,1.1881745487329092,0.41799524315275066,2.286594435033508,1.3102257565683908,0.42389235578564527,2.2911905781434734,0.04327358860883111,0.08287636357595098,0.03342776149741914,1.525475091072824,2.2703027599615764,1.8696178722793568,-1.869049454884358,-1.0445891437921926,1.2524572671849574,0.026017720882687553,0.05797851307952084,-0.05649647981710488,0.23050181962686894,0.3325844267259874,-0.3815584836425153,0.02779480681920045,0.09569142832213318,-0.29542290245702124,1.1499851085961112,0.07704867778110457,-0.7086829631304743,1.575065838549261,2.392126637804941,1.5180860496706106,-1.1614162295949166,-0.9236391599815941,1.0392371573601007,0.0,0.0,0.0,0.0,0.0,0.0,0.0,0.0,0.0,0.0,0.0,0.0,9.0,9.0,9.0,9.0,9.0,9.0,6.0,6.0,6.0,6.0,6.0,6.0,0.09074614208923931,36.85747674982814,8.715284383058028,0.9459429347691181,-0.04541911658718499,-2.2507627579052697e-05,0.5874108225408597
38.6333333333337,-0.1739016559888579,-0.5054349073264854,0.2094903039708471,-0.010291307713756118,-0.003999659025016965,0.01183490892728788,0.012618391820959564,-0.004463638444823914,0.00471600282244465,0.0,0.0,0.0,-0.17517302780474664,-0.5054926870755189,0.20506007931639744,-0.012445896141078033,-0.002519666541372264,0.01919057787424519,0.038258934033066794,-0.010215221390600604,-0.001428641267719133,0.0,0.0,0.0,1.1672825130852724,0.41470159612137414,2.2924982624642123,1.2896421527122266,0.419129347418155,2.2975839098047848,0.043912110722950384,0.08291429449222067,0.032812816188000034,1.5263780449662716,2.2724160276093914,1.8672152465455194,-1.8593674856682267,-1.0332938279531498,1.2385555582191425,0.026731651496514096,0.061591523982814055,-0.06688467461578126,0.2704733241982454,0.3367677923561856,-0.4052203405304716,0.02141791841479626,0.10839032709879655,-0.31164584396029155,1.1991451371412938,0.12550096890594414,-0.7098557066386882,1.575065838549261,2.392126637804941,1.5180860496706106,-1.1614162295949166,-0.9236391599815941,1.0392371573601007,0.0,0.0,0.0,0.0,0.0,0.0,0.0,0.0,0.0,0.0,0.0,0.0,9.0,9.0,9.0,9.0,9.0,9.0,6.0,6.0,6.0,6.0,6.0,6.0,0.08466520414146853,36.936442820735245,8.70872727017225,0.9393871924031054,-0.04582907940581363,-1.7897699572919784e-05,0.9820347211949134
38.666666666667034,-0.1742503730953525,-0.5055604538358911,0.20989622972408933,-0.01029717968995051,-0.004066571528029524,0.01184775937456426,0.0058890890633390165,-0.00357288527373095,0.004750548104345504,0.0,0.0,0.0,-0.17556364824474727,-0.5055838270993724,0.20569825094040817,-0.011706731502334592,-0.0027125264359076718,0.019377609122464518,0.028639614004570824,-0.008711674460720076,-0.004229892056321294,0.0,0.0,0.0,1.145345770029613,0.41198940866319705,2.2983547953992223,1.267629865541064,0.41482135432108463,2.303947846251755,0.04448493631721538,0.0826812161221998,0.03203249636949818,1.5273185181979816,2.2746582548320275,1.8645057111774384,-1.8484028827697014,-1.0215827452619326,1.2240411502264603,0.027720015133039375,0.06537505244698893,-0.07648559890021428,0.3094498327032522,0.34647758460974215,-0.42536160669713485,0.02965090909575841,0.11350585392524634,-0.28802772853299025,1.1692952551502058,0.29129376760669634,-0.6042379849998961,1.575065838549261,2.392126637804941,1.5180860496706106,-1.1614162295949166,-0.9236391599815941,1.0392371573601007,0.0,0.0,0.0,0.0,0.0,0.0,0.0,0.0,0.0,0.0,0.0,0.0,9.0,9.0,9.0,9.0,9.0,9.0,6.0,6.0,6.0,6.0,6.0,6.0,0.09658989666958478,37.021704245581546,8.718642561550483,0.9323289182585517,-0.045922656615970475,-8.389154850449443e-07,0.8868741642910409
38.700000000000365,-0.17459970437031422,-0.505681974357781,0.21029474089527564,-0.010308183740970773,-0.004015746070317662,0.011681386981968016,0.005698057306725693,-8.583855028672024e-05,-0.0004781705994659673,0.0,0.0,0.0,-0.175932512801556,-0.5056790346053545,0.2063363054758182,-0.011038502268597405,-0.002845975723278864,0.019395019302275277,0.025056223934632804,-0.0057905549227807995,-0.011984888026247198,0.0,0.0,0.0,1.1230277777897495,0.40963688217296446,2.303911866075022,1.244512249233939,0.41089813978364054,2.310188620609315,0.0448758702472954,0.08193066645017696,0.031234515489037717,1.5282422824300133,2.2769700293020327,1.861566055654739,-1.8365189694782893,-1.009896903624367,1.2091483212493013,0.027715289684976805,0.06802717354909579,-0.08428831008739136,0.34082821006266045,0.34920936095456107,-0.4396437817755606,-0.00014176344187708607,0.0795636330632057,-0.23408133561531266,0.941351320782247,0.08195329034456789,-0.4284652523527733,1.575065838549261,2.392126637804941,1.5180860496706106,-1.1614162295949166,-0.9236391599815941,1.0392371573601007,0.0,0.0,0.0,0.0,0.0,0.0,0.0,0.0,0.0,0.0,0.0,0.0,9.0,9.0,9.0,9.0,9.0,9.0,6.0,6.0,6.0,6.0,6.0,6.0,0.036857459928599026,37.025609356655664,8.722997599150995,0.9207814898476954,-0.046860185349248115,8.181995845790713e-06,0.29162044042645746
38.7333333333337,-0.17495955946488617,-0.5057976453765083,0.21068840530576005,-0.010520500380879932,-0.0038857591868132375,0.01151082138732386,-0.00038157257695068184,0.0022220996526576015,-0.00038889846784960144,0.0,0.0,0.0,-0.17628628942826918,-0.50577661835715,0.20697234786191135,-0.010553249455073686,-0.002926856626922601,0.019338492836890958,0.016188222973675614,-0.003231640528097657,-0.015101042031293588,0.0,0.0,0.0,1.1003863838481658,0.4074630722568018,2.309202724666176,1.2204352556301816,0.40727580090638404,2.3162875906722222,0.045044726609427384,0.08074846554980708,0.03045676952274223,1.529127088522522,2.279349720775392,1.8584297086156911,-1.8238644534955724,-0.9982560765137823,1.1938451512169905,0.026934551745165142,0.07026955398354852,-0.09082304414341963,0.3666997230085579,0.34921966252988146,-0.45261132790473463,-0.02342213819434985,0.06727141303358165,-0.1960420216808479,0.7761453883769239,0.0003090472596110525,-0.3890263838752206,1.575065838549261,2.392126637804941,1.5180860496706106,-1.1614162295949166,-0.9236391599815941,1.0392371573601007,0.0,0.0,0.0,0.0,0.0,0.0,0.0,0.0,0.0,0.0,0.0,0.0,9.0,9.0,9.0,9.0,9.0,9.0,6.0,6.0,6.0,6.0,6.0,6.0,-0.006759540985742038,37.07509625813779,8.731217164429934,0.9097488862873153,-0.047423673534946614,3.651275591057268e-06,0.3429145530007681
38.76666666666703,-0.17533424188929836,-0.5059026521692688,0.21107414812558128,-0.01088629243037613,-0.0036328767779930226,0.011277379315076224,-0.005087633349420006,0.005833878143017038,-0.0020463874619208325,0.0,0.0,0.0,-0.17663033356258617,-0.5058735584171504,0.20760318057515964,-0.010233619696737488,-0.0029218589409593736,0.0191885864582388,0.008254626492896211,0.0008807467297806681,-0.019113508485709918,0.0,0.0,0.0,1.077496572446224,0.4056916127930217,2.3142630213541824,1.1955306980714036,0.4040309847628803,2.3222328185024135,0.04507894635503163,0.07915066280307745,0.029618131635407965,1.5299669282316384,2.2817895487301203,1.8551103730997314,-1.810445610437468,-0.9866392671308608,1.1783133445761838,0.025774978097377547,0.07221974375574201,-0.09666105836700051,0.3906101021649379,0.34874274183505705,-0.46150657545104784,-0.034787209433627904,0.0585056931658048,-0.17514042670742638,0.7173113746914004,-0.014307620844731582,-0.2668574263893969,1.575065838549261,2.392126637804941,1.5180860496706106,-1.1614162295949166,-0.9236391599815941,1.0392371573601007,0.0,0.0,0.0,0.0,0.0,0.0,0.0,0.0,0.0,0.0,0.0,0.0,9.0,9.0,9.0,9.0,9.0,9.0,6.0,6.0,6.0,6.0,6.0,6.0,-0.02964576065842109,37.136472290969905,8.736637938721602,0.8988423822348641,-0.04778583869367592,1.712092567814072e-05,0.3800659957995295
38.80000000000036,-0.17571902494868652,-0.5059951954242528,0.21144434751203628,-0.011212100440317622,-0.003296089234759292,0.010880195600035543,-0.004170049569845978,0.008413557753266451,-0.006689295598036714,0.0,0.0,0.0,-0.17696602918659235,-0.5059678250570552,0.20822336840944297,-0.009974328254426361,-0.0028516602363139556,0.018884596363458205,0.005426294575278323,0.003959806202082916,-0.0259755808684643,0.0,0.0,0.0,1.0547699814531764,0.4041364558727938,2.3190352850310916,1.1700662398881398,0.4010959911980743,2.3279810618229826,0.04487819798283788,0.07705196423143007,0.028776828880441186,1.5307417843304432,2.284238277094565,1.8516942792255155,-1.7966108368070712,-0.9752647000093998,1.1627316429415646,0.024088781341890575,0.0730478152074683,-0.10054223027331412,0.40689883999625004,0.3437389230409059,-0.46546955784273053,-0.0505859026646092,0.02484214355178827,-0.1164351571894085,0.48866213493936367,-0.15011456382453398,-0.11888947175048074,1.575065838549261,2.392126637804941,1.5180860496706106,-1.1614162295949166,-0.9236391599815941,1.0392371573601007,0.0,0.0,0.0,0.0,0.0,0.0,0.0,0.0,0.0,0.0,0.0,0.0,9.0,9.0,9.0,9.0,9.0,9.0,6.0,6.0,6.0,6.0,6.0,6.0,-0.0679116089699881,37.15549808279577,8.744613167562497,0.88530725885183,-0.048383032038766094,2.20499286255893e-05,0.15451602619479357
38.83333333333369,-0.17612216546626047,-0.5060717436818204,0.21179847096422796,-0.01168940714483497,-0.0028617760328120117,0.010420675344750364,-0.009018762330655097,0.011377954022477411,-0.00828007429148211,0.0,0.0,0.0,-0.17729941436081537,-0.5060565016897622,0.2088300761335262,-0.009880023041541227,-0.0026964277153044337,0.018484755032344737,-0.002348906979111831,0.007946482803394161,-0.02999466545875329,0.0,0.0,0.0,1.032200551939031,0.40288403494558006,2.323620140513142,1.1441685095087624,0.3984984810437979,2.3335458085405167,0.04448797369903943,0.07454552783480767,0.02787407455854959,1.5314470237852678,2.28669045727637,1.8482116509821833,-1.7824298454611838,-0.9640479203435283,1.1471991557149237,0.022134382877124593,0.07339287537193136,-0.10316664162441364,0.419252773583167,0.3389152343310667,-0.4658062638137269,-0.058631953942979424,0.010351804933891744,-0.07873234053298564,0.37061800760750835,-0.14471066129517762,-0.010101179129891863,1.575065838549261,2.392126637804941,1.5180860496706106,-1.1614162295949166,-0.9236391599815941,1.0392371573601007,0.0,0.0,0.0,0.0,0.0,0.0,0.0,0.0,0.0,0.0,0.0,0.0,9.0,9.0,9.0,9.0,9.0,9.0,6.0,6.0,6.0,6.0,6.0,6.0,-0.0883094132084059,37.21350553383958,8.754693002630367,0.8729513054721312,-0.04857068943093881,2.9582257442262172e-05,0.20708074538208657
38.86666666666702,-0.1765431910903846,-0.506132320616845,0.21213504409273942,-0.01220883437253386,-0.0023931919892188295,0.009914404989145411,-0.010622263524941774,0.01249817554076221,-0.00939280220570489,0.0,0.0,0.0,-0.17763368404453067,-0.5061380623434254,0.20942064194382656,-0.009892700808765793,-0.00248918772264684,0.018002211938252563,-0.007273185894624223,0.010315448758632328,-0.033351258395177386,0.0,0.0,0.0,1.0098691684460082,0.40178509851466143,2.3279879156721126,1.1179719640825538,0.39617784921139393,2.3389030013930507,0.04388365105879899,0.07168146156836609,0.02697670453348017,1.5320748702133238,2.289134517124253,1.8446815526118086,-1.7679975616134758,-0.9530580866704729,1.1316841510047209,0.019935056186828535,0.07334548874829787,-0.10499084794896603,0.4283966014818806,0.332768418238131,-0.4655688488086311,-0.0659798007088817,-0.001421598709004552,-0.05472618973657201,0.2743148369614075,-0.18440448278806904,0.007122450152874729,1.575065838549261,2.392126637804941,1.5180860496706106,-1.1614162295949166,-0.9236391599815941,1.0392371573601007,0.0,0.0,0.0,0.0,0.0,0.0,0.0,0.0,0.0,0.0,0.0,0.0,9.0,9.0,9.0,9.0,9.0,9.0,6.0,6.0,6.0,6.0,6.0,6.0,-0.10557141480191762,37.27287949233029,8.759007468200613,0.8598293104857375,-0.04882100100903597,2.556014739232837e-05,0.14020210287658103
38.900000000000354,-0.1769800562365983,-0.5061790233036471,0.21245124036681148,-0.012702449619797076,-0.001952778827946684,0.009348315296691062,-0.01026255253241972,0.011831963227742565,-0.010889803249654932,0.0,0.0,0.0,-0.17797076844964238,-0.5062121370806183,0.20999188211393838,-0.00997102729327459,-0.0022647395647377153,0.017425444873274604,-0.010175448817382637,0.011002499275981847,-0.03722796660724548,0.0,0.0,0.0,0.9881363964675886,0.40084687546208153,2.3322451555454604,1.0917306228957449,0.3941221005133159,2.3440791325814527,0.043012048343069736,0.06839093402229642,0.026006093724184463,1.5326227450477679,2.291526277438427,1.8412136593570576,-1.7537332772190601,-0.9423512964752434,1.1165340673499975,0.017602515417825162,0.07228370253291122,-0.10435481441134066,0.42808455504893916,0.3250586099839682,-0.4581912893640144,-0.06997622307010114,-0.0318535864615995,0.019081006128761246,-0.009361392988243266,-0.2312942476248856,0.22132678333850095,1.575065838549261,2.392126637804941,1.5180860496706106,-1.1614162295949166,-0.9236391599815941,1.0392371573601007,0.0,0.0,0.0,0.0,0.0,0.0,0.0,0.0,0.0,0.0,0.0,0.0,9.0,9.0,9.0,9.0,9.0,9.0,6.0,6.0,6.0,6.0,6.0,6.0,-0.12506456660401583,37.30639096800915,8.77344528764253,0.8452858919118735,-0.04902977645257783,3.5525525234614275e-05,0.109646785376944
38.933333333333685,-0.1774225018270955,-0.5062142445752085,0.2127438470525065,-0.012985561523295174,-0.0015622114567772714,0.008710209298279094,-0.00446748324271215,0.010616332840884462,-0.012975156915166666,0.0,0.0,0.0,-0.17830853310379624,-0.5062788941499933,0.2105404614580935,-0.010003784974874426,-0.002042163961497628,0.016748847571730972,-0.007755486459525063,0.010776109807794754,-0.04133767280921141,0.0,0.0,0.0,0.9674366740639501,0.3999970179168182,2.3363230076556354,1.0657616707772435,0.39228690322139104,2.349039304800938,0.041841767857271686,0.06458538320751171,0.024999301309332853,1.5330842241531708,2.293819792647242,1.8378859769257785,-1.7399880130802754,-0.9321395260515847,1.1020236802736767,0.015097087247331236,0.0699648716872702,-0.1013385867626957,0.4176001344586769,0.31258827846783216,-0.44293817131442287,-0.07516284511481781,-0.06956492536923067,0.09048682945934859,-0.3145326177078681,-0.3741099454840808,0.45759354148774467,1.575065838549261,2.392126637804941,1.5180860496706106,-1.1614162295949166,-0.9236391599815941,1.0392371573601007,0.0,0.0,0.0,0.0,0.0,0.0,0.0,0.0,0.0,0.0,0.0,0.0,9.0,9.0,9.0,9.0,9.0,9.0,6.0,6.0,6.0,6.0,6.0,6.0,-0.14736461989847993,37.32109173311879,8.78152499469085,0.8298763716591429,-0.049443279347355706,4.501414369145751e-05,0.16862656220549077
38.96666666666702,-0.17786914823193511,-0.5062399145936205,0.21301276935312125,-0.013170261473389832,-0.0012281250395214296,0.008047385179001552,-0.0020071946585306193,0.009150374882892838,-0.013846019018073474,0.0,0.0,0.0,-0.17864739371628913,-0.5063383887250381,0.21106443344646592,-0.010040397747664501,-0.0018213679128732587,0.01600750202542702,-0.007721190540264988,0.010559618091873446,-0.043742163903343734,0.0,0.0,0.0,0.9477293557469554,0.39939709999412243,2.3403029258370402,1.040205204188946,0.3907291884236305,2.353799242729942,0.040471339004350404,0.060377187213207756,0.023895864882750514,1.5334753761724398,2.296014513173178,1.834705195940149,-1.7267625293265563,-0.9223296851135616,1.088258998086586,0.012855402801160263,0.06721603441447419,-0.09739514863348889,0.40370971989394266,0.3003929115830728,-0.4229397008466204,-0.06725053338512918,-0.08246511818388036,0.11830314387620453,-0.41671243694202587,-0.3658610065427808,0.5999541140340736,1.575065838549261,2.392126637804941,1.5180860496706106,-1.1614162295949166,-0.9236391599815941,1.0392371573601007,0.0,0.0,0.0,0.0,0.0,0.0,0.0,0.0,0.0,0.0,0.0,0.0,9.0,9.0,9.0,9.0,9.0,9.0,6.0,6.0,6.0,6.0,6.0,6.0,-0.1396418265451984,37.37844282506939,8.784985854866036,0.8167450774803446,-0.04945712781244016,5.65063019806189e-05,0.17404765754578197
39.00000000000035,-0.17831209804710305,-0.5062576920004063,0.21325797505808824,-0.013164770723983697,-0.0009449323423854593,0.007368387645015774,0.0032403180547897785,0.007804403771792114,-0.01462694501063271,0.0,0.0,0.0,-0.178985058182655,-0.5063908158272487,0.21156228781279482,-0.010018214983607056,-0.001605949386999509,0.015217901804435578,-0.004710518558057597,0.010177162903596937,-0.0453469513468705,0.0,0.0,0.0,0.9288310346810489,0.398959875020222,2.344043870662494,1.0150972345627487,0.3894196722886232,2.358296154094728,0.03897370876942487,0.05591779554935779,0.022826458576913438,1.5338064149463606,2.298132811062981,1.8315907735116588,-1.7137922554844698,-0.9129716414841942,1.0749719284626695,0.010905909745471683,0.06477130260088504,-0.09475349811430085,0.39397538347304323,0.2872918431150391,-0.4067212927605355,-0.05848479167065744,-0.07334195440767434,0.07924951557564125,-0.2920300926269828,-0.3930320540410122,0.486552242582548,1.575065838549261,2.392126637804941,1.5180860496706106,-1.1614162295949166,-0.9236391599815941,1.0392371573601007,0.0,0.0,0.0,0.0,0.0,0.0,0.0,0.0,0.0,0.0,0.0,0.0,9.0,9.0,9.0,9.0,9.0,9.0,6.0,6.0,6.0,6.0,6.0,6.0,-0.12024036981227798,37.46034180907592,8.771383139518568,0.8047413509833887,-0.04954166602596294,4.854297068487834e-05,0.1678173161886679
39.03333333333368,-0.17874349222327632,-0.5062690970968817,0.21348001911632544,-0.012940289085084539,-0.0007054244747135129,0.006702679017597541,0.009347009221171836,0.006702320008892596,-0.014553964088871907,0.0,0.0,0.0,-0.17931830666819673,-0.5064365297876559,0.21203266567550824,-0.009903978108603592,-0.0014005563162274154,0.014386411555218866,-0.00015734920866350421,0.009580648331974473,-0.046643819440201906,0.0,0.0,0.0,0.9111237090978791,0.39862088693741576,2.347570899718202,0.9906811560418534,0.38832183875747756,2.3625205741698645,0.037276503228774,0.05111893004083469,0.02175859952009119,1.53407824726642,2.3001298560319525,1.82864731700027,-1.7014946459654536,-0.9041895514045415,1.0624664120982996,0.009071949649678463,0.06153133357972704,-0.09045362959920919,0.3772773182046709,0.27140574929806544,-0.3856840915409102,-0.055018802873796596,-0.09719907063474008,0.12899605545275006,-0.5009419580511699,-0.47658281450920875,0.6311160365887573,1.575065838549261,2.392126637804941,1.5180860496706106,-1.1614162295949166,-0.9236391599815941,1.0392371573601007,0.0,0.0,0.0,0.0,0.0,0.0,0.0,0.0,0.0,0.0,0.0,0.0,9.0,9.0,9.0,9.0,9.0,9.0,6.0,6.0,6.0,6.0,6.0,6.0,-0.12318833513507921,37.49230039270172,8.77716067986965,0.7911779101083096,-0.049716813835282814,5.212270361082405e-05,0.2996123474872333
39.06666666666701,-0.17915900356049413,-0.5062747896223219,0.2136806957991333,-0.012554421940364635,-0.0004979380987619759,0.006073067389045233,0.01382034359210619,0.0058668334441495645,-0.013902584322455062,0.0,0.0,0.0,-0.1796448485346786,-0.5064754850362884,0.21247519066216572,-0.009716800006622141,-0.001195536732934975,0.013539372760331727,0.0034287315599765833,0.009452927132311828,-0.04668594324988318,0.0,0.0,0.0,0.8943054251127468,0.3983609268422856,2.3509746641212934,0.9669487278510362,0.38741867426098786,2.3665014698523823,0.03544582381039393,0.04619771582974153,0.02068402725753849,1.53432067479699,2.3020243491939403,1.825847278926433,-1.6897033871010902,-0.8958247134163224,1.0505395943539182,0.007872533827957622,0.05840030776633311,-0.08615197134314298,0.36158428335549037,0.2577653428637349,-0.3670977187345999,-0.03598247465162522,-0.093930774401818,0.1290497476819863,-0.47079104547541667,-0.4092121930299152,0.5575911841893091,1.575065838549261,2.392126637804941,1.5180860496706106,-1.1614162295949166,-0.9236391599815941,1.0392371573601007,0.0,0.0,0.0,0.0,0.0,0.0,0.0,0.0,0.0,0.0,0.0,0.0,9.0,9.0,9.0,9.0,9.0,9.0,6.0,6.0,6.0,6.0,6.0,6.0,-0.09094268058446942,37.57039706428767,8.778059620175215,0.7803248337806284,-0.0495174147263332,4.506665100428853e-05,0.19562166521083663
39.10000000000034,-0.17955367127615066,-0.5062741872857249,0.21386345302180365,-0.012014277821929587,-0.000292420764196534,0.005521606940310848,0.018151819203003867,0.005914212991093415,-0.011992256109174915,0.0,0.0,0.0,-0.1799619229092487,-0.5065072206950249,0.21289049940029314,-0.009447389486078041,-0.0009787206405794454,0.012706872409743932,0.007411976607834436,0.009908054444094816,-0.04531003267730549,0.0,0.0,0.0,0.8782507772212228,0.39816156893790644,2.3543029049762145,0.9439071768617318,0.3866936209990424,2.370265096821177,0.03351226547233083,0.04125140125231036,0.019600718761787782,1.5345529127000466,2.303824463499847,1.8231897553928287,-1.678373880753943,-0.8878080569203606,1.0391084211098538,0.007268936003782766,0.05546905537357602,-0.08186779445313204,0.3471182213947736,0.2462549108738148,-0.3509893711261529,-0.01810793472524567,-0.08793757178271268,0.12852530670032833,-0.43398185882150253,-0.3453129596976044,0.4832504282534088,1.575065838549261,2.392126637804941,1.5180860496706106,-1.1614162295949166,-0.9236391599815941,1.0392371573601007,0.0,0.0,0.0,0.0,0.0,0.0,0.0,0.0,0.0,0.0,0.0,0.0,9.0,9.0,9.0,9.0,9.0,9.0,6.0,6.0,6.0,6.0,6.0,6.0,-0.05979734628996547,37.65038128481395,8.780427253235702,0.7701005808889639,-0.04931140880489915,3.872096727669527e-05,0.267822609132019
39.133333333333674,-0.17992651417183406,-0.5062662028496435,0.214032120556335,-0.011402826343158316,-6.627037124947235e-05,0.00507169493619908,0.020050757837346608,0.006630439476187043,-0.009351690224201289,0.0,0.0,0.0,-0.18026811603104692,-0.506531032396643,0.21327984775086317,-0.009129215002911714,-0.0007420093615776326,0.011909366064579955,0.00975388243660369,0.010745296245032065,-0.042990969682642266,0.0,0.0,0.0,0.8629419026047045,0.3979417725443116,2.357543564067026,0.9215951995057213,0.38610096263104804,2.373816828904926,0.031477035071303866,0.03632515623872532,0.0185410651164776,1.5347762989837546,2.305532834629786,1.820680553975863,-1.6675298673566201,-0.8801499814263387,1.0281219624098248,0.0068907043420874435,0.052657107723306944,-0.07747329315702321,0.3325863417447165,0.2352464801717094,-0.3367256310426301,-0.011346949850859673,-0.08435842950807224,0.13183503888326495,-0.4359563895017134,-0.3302529210631615,0.4279122025056849,1.575065838549261,2.392126637804941,1.5180860496706106,-1.1614162295949166,-0.9236391599815941,1.0392371573601007,0.0,0.0,0.0,0.0,0.0,0.0,0.0,0.0,0.0,0.0,0.0,0.0,9.0,9.0,9.0,9.0,9.0,9.0,6.0,6.0,6.0,6.0,6.0,6.0,-0.047818277462067904,37.71908225690624,8.782650833202519,0.759803162541801,-0.049186452975832906,3.121462822686105e-05,0.3746543781526496
39.166666666667005,-0.1802780954409478,-0.506252068273112,0.21418806718182154,-0.01077932221188694,0.00014315382689337151,0.004678535652590504,0.020196347690522712,0.006196012310363029,-0.008077722866653713,0.0,0.0,0.0,-0.18056284240122827,-0.5065471517556315,0.21364391986543793,-0.008788670569259471,-0.0005083980753839063,0.011135089897167867,0.010811576520044497,0.010480593238908043,-0.041272492530449956,0.0,0.0,0.0,0.8483788926279463,0.39787467465175264,2.3605751267226696,0.9000598524504209,0.38569497114954365,2.377111228004401,0.029455751826459306,0.03141493724936255,0.017527670978498097,1.534983322618484,2.3071705469410486,1.8182578082771677,-1.6570043514185346,-0.8729097306990841,1.0176141713716116,0.006437374141952378,0.05030661546635183,-0.07427934502625112,0.32137243267661697,0.22322050793566384,-0.32239769777847194,-0.013599906004051972,-0.07051476770865336,0.09581844392316254,-0.3364172720429863,-0.36077916708136665,0.4298379979247453,1.575065838549261,2.392126637804941,1.5180860496706106,-1.1614162295949166,-0.9236391599815941,1.0392371573601007,0.0,0.0,0.0,0.0,0.0,0.0,0.0,0.0,0.0,0.0,0.0,0.0,9.0,9.0,9.0,9.0,9.0,9.0,6.0,6.0,6.0,6.0,6.0,6.0,-0.04555394132367352,37.79099035851294,8.772493229062608,0.7496957125472403,-0.0491243587398742,3.6850406858690565e-05,0.5426392618168869
39.20000000000034,-0.18061375776337873,-0.5062293133670128,0.21433664245473122,-0.010257412230609327,0.00039345944701563336,0.004403605480607905,0.017019127036688647,0.007411467213906313,-0.004886383138759552,0.0,0.0,0.0,-0.18084782163116747,-0.5065544099256181,0.21398516859670969,-0.00848926421753827,-0.00024509872217883677,0.010427995751093535,0.008834842973727941,0.011781612693175347,-0.03749543702435032,0.0,0.0,0.0,0.8342080132095687,0.3979586460722989,2.3633866605733123,0.8791913233214361,0.38548441537387207,2.380135827921756,0.027512178837490762,0.02669824865570722,0.016589800061576926,1.535178123369076,2.308784202023075,1.8158405292691582,-1.6464736881724085,-0.8659741845987016,1.0072880112039369,0.006041806392491088,0.04904197346263772,-0.07310536183560673,0.31773740914806287,0.21311775798620528,-0.3139891026129882,-0.011867032483838703,-0.03793926011142324,0.035219495719331625,-0.10905070585662276,-0.303082498483757,0.2522578549645128,1.575065838549261,2.392126637804941,1.5180860496706106,-1.1614162295949166,-0.9236391599815941,1.0392371573601007,0.0,0.0,0.0,0.0,0.0,0.0,0.0,0.0,0.0,0.0,0.0,0.0,9.0,9.0,9.0,9.0,9.0,9.0,6.0,6.0,6.0,6.0,6.0,6.0,-0.03130902960191928,37.895597811906384,8.763785218841639,0.7413640919359885,-0.048836533922781644,2.9582037344655365e-05,0.39798460552509707
39.23333333333367,-0.1809399119257486,-0.5061987283706346,0.21448356875422905,-0.00989669105863354,0.0006396324750361209,0.004275199203178689,0.012130866012031626,0.007232326039715844,-0.0007229876329867017,0.0,0.0,0.0,-0.1811258617512792,-0.506552800186687,0.21430683332389805,-0.008268544563094827,2.271062110532004e-05,0.009814906731746162,0.005095259838985733,0.011871348587320085,-0.03249866355610331,0.0,0.0,0.0,0.8201118345933597,0.39803298965064887,2.365931931069856,0.8588464931910819,0.3854026960024372,2.382868672419524,0.025643862777655138,0.022319527134015013,0.01579895047497135,1.5353554568179015,2.3104218958609226,1.8133428353111114,-1.6356584730689718,-0.8592892374910269,0.9967726815318422,0.005560604440674411,0.04910120124450068,-0.07432233310613737,0.32221677178475516,0.20473819481556232,-0.31496962764622205,-0.014436058554500291,0.0017768334558887805,-0.036509138115919125,0.13438087910076957,-0.2513868951192884,-0.029415750997015447,1.575065838549261,2.392126637804941,1.5180860496706106,-1.1614162295949166,-0.9236391599815941,1.0392371573601007,0.0,0.0,0.0,0.0,0.0,0.0,0.0,0.0,0.0,0.0,0.0,0.0,9.0,9.0,9.0,9.0,9.0,9.0,6.0,6.0,6.0,6.0,6.0,6.0,-0.02185828831586889,38.008661252872976,8.75325817783842,0.7329075462838507,-0.04851415715620877,9.838793697147796e-06,0.38758569638450124
39.266666666667,-0.18125646594710437,-0.5061634466598431,0.21462875755841737,-0.00958897070215871,0.0008247374095598954,0.004194022787116762,0.010478715829544821,0.005366014477174394,0.0005440587571384518,0.0,0.0,0.0,-0.18139745348741854,-0.5065436569969421,0.2146100620547396,-0.008072163580480783,0.0002566260166491247,0.009245707633130897,0.003986144525225832,0.010135118018149925,-0.029956587036338078,0.0,0.0,0.0,0.8063015051601063,0.3980292619149015,2.3681162770236197,0.8390848668716069,0.3853978796786099,2.385265484344793,0.02380736102540011,0.018170087934706987,0.015179561724798112,1.5354986109366597,2.3120731315350227,1.810774167265109,-1.624695203126447,-0.8530003223082541,0.9861701859682739,0.004716617188722858,0.04939178056350221,-0.07614747195542854,0.3266709894454155,0.19402436859397817,-0.3170397871534405,-0.025319617558546607,0.008717379570046082,-0.05475416547873517,0.13362652981980988,-0.32141478664752465,-0.062104785216553396,1.575065838549261,2.392126637804941,1.5180860496706106,-1.1614162295949166,-0.9236391599815941,1.0392371573601007,0.0,0.0,0.0,0.0,0.0,0.0,0.0,0.0,0.0,0.0,0.0,0.0,9.0,9.0,9.0,9.0,9.0,9.0,6.0,6.0,6.0,6.0,6.0,6.0,-0.03697682406060954,38.06443797181781,8.746205297769247,0.7217687266067884,-0.04841667006654815,3.7044428181642886e-06,0.7058784252160216
39.30000000000033,-0.1815739798770129,-0.5061247527861508,0.2147796264561455,-0.009508314088555122,0.0009601104610121999,0.004271396459472898,0.0036947918009058614,0.0037679823862268374,0.005217219329034043,0.0,0.0,0.0,-0.1816673421353026,-0.5065277959608373,0.21489900971714132,-0.008002016988040522,0.0004643701996059783,0.008790657927948902,-0.0019594355574570343,0.008789503817880018,-0.02411065394088041,0.0,0.0,0.0,0.7924119276037964,0.3980074282584856,2.370030210777485,0.819759885701995,0.38547641272607797,2.387351608555702,0.022072024148419044,0.01440418354230863,0.014673281519339361,1.5356114741839795,2.3137930060117835,1.8080641754082172,-1.613310884840061,-0.8469109790864865,0.9752516640567103,0.003829470675968772,0.05086141638971518,-0.07958232778964876,0.3365766955428568,0.18646165396667586,-0.3240503672824197,-0.02661439538262258,0.04408907478638901,-0.1030456750266065,0.29717118292323913,-0.2268814388190697,-0.2103174038693766,1.575065838549261,2.392126637804941,1.5180860496706106,-1.1614162295949166,-0.9236391599815941,1.0392371573601007,0.0,0.0,0.0,0.0,0.0,0.0,0.0,0.0,0.0,0.0,0.0,0.0,9.0,9.0,9.0,9.0,9.0,9.0,6.0,6.0,6.0,6.0,6.0,6.0,-0.02831773002074134,38.17683411293094,8.743844355751436,0.7126645635642976,-0.047890150982288215,-3.044756039516372e-06,0.45139815084444046
39.33333333333366,-0.18190189406097818,-0.5060861061340697,0.21494007657333183,-0.009691805298490229,0.0010096466200668203,0.004476819136482316,-0.004165071509691644,0.0010902942896956463,0.009093888836855824,0.0,0.0,0.0,-0.1819408720433988,-0.506507101979176,0.21517713115028822,-0.008088677620919374,0.0006194610091734119,0.00844204856271542,-0.009290389930833864,0.006201773776549402,-0.018709418897852714,0.0,0.0,0.0,0.7783974748702187,0.39791308191321695,2.371639843182843,0.8008124631729264,0.3856065271605006,2.3891172512744645,0.020422335987631327,0.01101676806847822,0.014299800044369905,1.535675127436861,2.315606543768427,1.8051746515666627,-1.6014527987104517,-0.8410302968468955,0.9639414329656002,0.0025495552829533615,0.05322456059610743,-0.08431791942764165,0.3493539544398056,0.17976752944737964,-0.3342214109163413,-0.038397461790462314,0.07089432619176737,-0.14206774913978695,0.38331776690846364,-0.20082373557888675,-0.30513130901764696,1.575065838549261,2.392126637804941,1.5180860496706106,-1.1614162295949166,-0.9236391599815941,1.0392371573601007,0.0,0.0,0.0,0.0,0.0,0.0,0.0,0.0,0.0,0.0,0.0,0.0,9.0,9.0,9.0,9.0,9.0,9.0,6.0,6.0,6.0,6.0,6.0,6.0,-0.03977181003224728,38.27166688427142,8.739887082304895,0.7020257938257768,-0.04745180049785891,-9.697509050443642e-06,0.537539463736906
39.366666666666994,-0.18224824649045865,-0.5060498062276879,0.21511128004817417,-0.010123609436245948,0.0009840896043034463,0.004754388323020351,-0.011531858174333148,-0.001250743133835156,0.011449646283980134,0.0,0.0,0.0,-0.18222337297910784,-0.5064832764597814,0.2154467178178975,-0.008336259357181327,0.0007227281353777948,0.0081686235553078,-0.016732626338264556,0.0036859435934282203,-0.014866486906334853,0.0,0.0,0.0,0.7644317829146076,0.39773069459300003,2.3730632704323833,0.7822869855170147,0.3857656570834004,2.390612522512876,0.018796223534319794,0.00792355658654388,0.01397252265985724,1.5356789150902468,2.3174895505978546,1.8021823306482994,-1.5894195455613767,-0.8353203903631785,0.9524609515014358,0.0009256048287012914,0.05540165678725693,-0.08795239150981624,0.3571163811281001,0.17412063949013165,-0.3410167662554006,-0.048718513627562104,0.06531288573448489,-0.10903416246523767,0.23287280064883553,-0.16940669871743935,-0.20386066017178048,1.575065838549261,2.392126637804941,1.5180860496706106,-1.1614162295949166,-0.9236391599815941,1.0392371573601007,0.0,0.0,0.0,0.0,0.0,0.0,0.0,0.0,0.0,0.0,0.0,0.0,9.0,9.0,9.0,9.0,9.0,9.0,6.0,6.0,6.0,6.0,6.0,6.0,-0.06132001013221944,38.32416833440451,8.750513017454232,0.6898201848948478,-0.04694458386695022,-7.523583088198116e-06,0.6961864956077221
39.400000000000325,-0.18260618357111758,-0.5060155952609553,0.21528784336787565,-0.010501878131418126,0.0009403758720253124,0.0049453629309209315,-0.009884581524967191,-0.0018729921658121127,0.008929184032457892,0.0,0.0,0.0,-0.1825140626349221,-0.5064570135615818,0.21570727762040823,-0.00858734061530705,0.0008003477065350195,0.007893763926945524,-0.016599957476823857,0.0024465982734795944,-0.014720473528822886,0.0,0.0,0.0,0.7505136048426503,0.3974532521683951,2.3741808152040544,0.7641802301899623,0.38593504039637927,2.391800361219456,0.017225235382850333,0.005112186909287918,0.013754983036253941,1.535624575691421,2.3194439587384075,1.799044120167111,-1.5770829706072556,-0.8298816357465318,0.9407323746680966,-0.0007782530336138316,0.05755538174014038,-0.09208167346037095,0.3657702927917888,0.16681530549631213,-0.3482437920852521,-0.05111573586945369,0.0646117485865036,-0.12387845851664142,0.2596173499106595,-0.21916001981458577,-0.2168107748955438,1.575065838549261,2.392126637804941,1.5180860496706106,-1.1614162295949166,-0.9236391599815941,1.0392371573601007,0.0,0.0,0.0,0.0,0.0,0.0,0.0,0.0,0.0,0.0,0.0,0.0,9.0,9.0,9.0,9.0,9.0,9.0,6.0,6.0,6.0,6.0,6.0,6.0,-0.06478881393578195,38.37800737250291,8.74463768218004,0.6774526853869404,-0.04663226719242608,-8.254875187907462e-06,0.5882369171937281
39.43333333333366,-0.18298860628787184,-0.5059818043918842,0.21547279468634545,-0.011119413198982393,0.0009221005279991664,0.005163789630331998,-0.016988146430244294,-0.0012344844945698322,0.009906090929474531,0.0,0.0,0.0,-0.18281921039849822,-0.5064281116972397,0.21596101078382468,-0.009000825074542525,0.0008793678523071261,0.007675681635563825,-0.024036272918790402,0.002509435333028165,-0.011810553342096242,0.0,0.0,0.0,0.7364540052203475,0.39719862641057974,2.375039377650281,0.7464009621700515,0.3861527398983865,2.3926949364283647,0.015774408491938105,0.0026389099002514524,0.013594637256587966,1.5355014416666102,2.3215023966225203,1.7957170245282756,-1.5642726760876946,-0.8245939793325285,0.9286836592738587,-0.002722098174085818,0.06035388492897204,-0.09723580393016203,0.3781293213218137,0.1613582301121699,-0.3570555719131743,-0.05831535421415959,0.08395509566494974,-0.1546239140937322,0.370770855900747,-0.16371226152426707,-0.2643533948376667,1.575065838549261,2.392126637804941,1.5180860496706106,-1.1614162295949166,-0.9236391599815941,1.0392371573601007,0.0,0.0,0.0,0.0,0.0,0.0,0.0,0.0,0.0,0.0,0.0,0.0,9.0,9.0,9.0,9.0,9.0,9.0,6.0,6.0,6.0,6.0,6.0,6.0,-0.07176410077488704,38.47193824024161,8.7448897271247,0.6662286338021924,-0.046009748440600906,-5.961144384003525e-06,0.42275183233257635
39.46666666666699,-0.18339981505918562,-0.5059466508374485,0.2156670352342062,-0.011902812545955776,0.0009484751650163086,0.005405172919429374,-0.021875026783440325,-3.7036661651551964e-05,0.010838484392253727,0.0,0.0,0.0,-0.18314297138521884,-0.5063961122215407,0.21620975622855618,-0.009545608258558345,0.0009704483888501077,0.007513658133881101,-0.029910033027688243,0.0030788443373772623,-0.00897362562570514,0.0,0.0,0.0,0.722143397016301,0.3967661683638886,2.3755842735967123,0.7288657316343796,0.38633503636442895,2.3932758980896756,0.014383543641336176,0.0005487786676214486,0.013557520445047478,1.535297265280927,2.323680633487764,1.79216884000725,-1.550902044392404,-0.8194912832682948,0.9160886877548512,-0.004990893771697423,0.0636826989478712,-0.10337562506390319,0.39345574101308517,0.15583999798873233,-0.3709179543512083,-0.06806386792834815,0.09986442056697441,-0.1841946340122348,0.45979259073814427,-0.1655469637031274,-0.4158714731410209,1.575065838549261,2.392126637804941,1.5180860496706106,-1.1614162295949166,-0.9236391599815941,1.0392371573601007,0.0,0.0,0.0,0.0,0.0,0.0,0.0,0.0,0.0,0.0,0.0,0.0,9.0,9.0,9.0,9.0,9.0,9.0,6.0,6.0,6.0,6.0,6.0,6.0,-0.08392622710025521,38.56112692978643,8.74375214783941,0.6540273611849532,-0.045484705213463705,-1.9496798555729278e-05,0.38656912295833945
39.50000000000032,-0.18383003703154457,-0.5059103138679176,0.215867185204404,-0.012545732074348837,0.0009847890580166703,0.005595842650765631,-0.01759831114346013,0.00015112688430545928,0.009631891330177857,0.0,0.0,0.0,-0.1834833146972055,-0.5063611991912794,0.21645331912074353,-0.010057141127222844,0.0010585556510699441,0.0073549972251515695,-0.027891591768031798,0.0029262084338501637,-0.008681364727948004,0.0,0.0,0.0,0.7078716765047386,0.3962902027862044,2.375986283871362,0.7116585266087452,0.3865123688141406,2.393615424773128,0.01302516305719565,-0.0013198606084308556,0.013491464015743474,1.535036160594293,2.3259202019442142,1.7885323438193927,-1.5373717188125702,-0.8145330635218838,0.9033568856790082,-0.006885724989910074,0.06601893544496455,-0.10718846544511111,0.40175842526770655,0.1511110609244634,-0.3782753596339308,-0.05684493654637955,0.07008709491280084,-0.11438521143623762,0.24908052763864208,-0.14186811192806786,-0.22072215848167565,1.575065838549261,2.392126637804941,1.5180860496706106,-1.1614162295949166,-0.9236391599815941,1.0392371573601007,0.0,0.0,0.0,0.0,0.0,0.0,0.0,0.0,0.0,0.0,0.0,0.0,9.0,9.0,9.0,9.0,9.0,9.0,6.0,6.0,6.0,6.0,6.0,6.0,-0.07705419606991937,38.595555556495654,8.76142852097358,0.6400217743253944,-0.04487949754932319,-8.18177942124576e-06,0.6067366037416824
39.53333333333365,-0.1842907703525123,-0.5058701316070332,0.21607625955948095,-0.013372441561155876,0.0010799514840024614,0.005819053842289017,-0.023045672010833382,0.001771957570691026,0.010799348901129532,0.0,0.0,0.0,-0.18384565804073316,-0.5063224628992896,0.2166940564446032,-0.010703542829415396,0.0011697302730447922,0.00725783078097183,-0.0339058358269293,0.004014741851911197,-0.005629083733109663,0.0,0.0,0.0,0.6934342922247967,0.3958011731684836,2.376012809329081,0.6946939901676871,0.38669553018115793,2.39363276836615,0.011793342258139529,-0.0028999557316588633,0.013536205756891281,1.5346843761913285,2.3282863044520936,1.7846604106836688,-1.5232574427117125,-0.8098169395897801,0.890205691928375,-0.009330929722596009,0.06932836197257417,-0.1131681511961813,0.41620499710638953,0.1446928322835617,-0.38911566155731,-0.07335614198057806,0.0992827958282884,-0.1793905725321057,0.4333971551604886,-0.192546859227051,-0.3252090577013757,1.575065838549261,2.392126637804941,1.5180860496706106,-1.1614162295949166,-0.9236391599815941,1.0392371573601007,0.0,0.0,0.0,0.0,0.0,0.0,0.0,0.0,0.0,0.0,0.0,0.0,9.0,9.0,9.0,9.0,9.0,9.0,6.0,6.0,6.0,6.0,6.0,6.0,-0.09549950017852815,38.70523482697311,8.752308626045165,0.6270291279807592,-0.04437902518212922,-9.219557414119617e-06,0.3456499977899908
39.56666666666698,-0.1847833064260861,-0.5058247427876094,0.21629391854905064,-0.014285340822241085,0.0012193257904462174,0.006052553734759747,-0.025542951424150792,0.0029329634701084992,0.011515637326611093,0.0,0.0,0.0,-0.18423267947069297,-0.5062791892418695,0.21693299704927577,-0.011438923331116808,0.0013027752351292613,0.007196437843901215,-0.03767312871294637,0.005033564204275365,-0.0038395493614258314,0.0,0.0,0.0,0.6788641569783737,0.3952013838207316,2.3758780858913124,0.6779515735575833,0.38684135366783173,2.393403794043507,0.010591153788402538,-0.004202299603904401,0.0135712243857712,1.5342552265763663,2.330744168567816,1.7806557610236993,-1.5088347175365204,-0.8052086655538174,0.8767296680470622,-0.011693302206778205,0.072266736305308,-0.11781571026478418,0.42718950253930504,0.1403964248137751,-0.3992256981453583,-0.07087117452546585,0.08815122998201515,-0.1394267720580863,0.329535162987465,-0.12889222409359807,-0.30330109764144964,1.575065838549261,2.392126637804941,1.5180860496706106,-1.1614162295949166,-0.9236391599815941,1.0392371573601007,0.0,0.0,0.0,0.0,0.0,0.0,0.0,0.0,0.0,0.0,0.0,0.0,9.0,9.0,9.0,9.0,9.0,9.0,6.0,6.0,6.0,6.0,6.0,6.0,-0.09804631398602326,38.774427019655185,8.768905985350292,0.6130488677642789,-0.043567267044954505,-1.2771216027496202e-05,0.3387248651530411
39.600000000000314,-0.18529462827123705,-0.5057751465000572,0.2165146363153495,-0.01496736099473463,0.001354937171599008,0.00617912314611214,-0.018592009002153645,0.0027003393352890972,0.008554573044112055,0.0,0.0,0.0,-0.18464047941681216,-0.5062316943308074,0.2171689550212186,-0.012086431459138501,0.0014308772448158793,0.00710973953549686,-0.03298974181997805,0.00476482598887884,-0.004979455539622091,0.0,0.0,0.0,0.664327540550367,0.39459316645337467,2.375488233922038,0.6614803335976804,0.3869775969960334,2.3929085537162886,0.009455627867771703,-0.005335718752244218,0.013625934811231043,1.5337597041499589,2.333276984063806,1.7765192885790306,-1.4941349015716423,-0.8008351475118883,0.8630707328451411,-0.01380821593040647,0.07474522202157081,-0.1220013523149663,0.4363928201439979,0.13426916910983877,-0.4062539367535401,-0.06344741170884796,0.07435457148788452,-0.12556926150546333,0.276099528140785,-0.18381767111808994,-0.21084715824545422,1.575065838549261,2.392126637804941,1.5180860496706106,-1.1614162295949166,-0.9236391599815941,1.0392371573601007,0.0,0.0,0.0,0.0,0.0,0.0,0.0,0.0,0.0,0.0,0.0,0.0,9.0,9.0,9.0,9.0,9.0,9.0,6.0,6.0,6.0,6.0,6.0,6.0,-0.08984902089287372,38.83217606859469,8.77082034717708,0.5976477555655147,-0.04301299568107231,-4.824326625740838e-06,0.3967086347124717
39.633333333333645,-0.18582966952401883,-0.5057185976059336,0.2167396245183786,-0.015669861898076454,0.001540352476954972,0.006297557943206436,-0.019160712170215477,0.004074352383998359,0.008616251486469172,0.0,0.0,0.0,-0.18507102543377152,-0.5061788003605792,0.2174027323981807,-0.01277150086406562,0.0015886722020709944,0.007040058922828069,-0.034340877657897284,0.006148091334390315,-0.004093196623473183,0.0,0.0,0.0,0.6497003997374151,0.3940224824238025,2.375031256003446,0.6452235522689036,0.3871254203658742,2.392227081017367,0.008389275289572302,-0.0062486545068169376,0.01359475591287835,1.5332097964439737,2.3358810289846383,1.7722931595087836,-1.479197272032675,-0.7965094715246935,0.8492357890932183,-0.015600892763174376,0.07699597242382711,-0.12518969884326198,0.4442168641606778,0.13126990944717515,-0.4121168539563026,-0.05378030498303722,0.06752251206768875,-0.09565039584887039,0.23472132050039674,-0.08997778987990887,-0.17588751608287478,1.575065838549261,2.392126637804941,1.5180860496706106,-1.1614162295949166,-0.9236391599815941,1.0392371573601007,0.0,0.0,0.0,0.0,0.0,0.0,0.0,0.0,0.0,0.0,0.0,0.0,9.0,9.0,9.0,9.0,9.0,9.0,6.0,6.0,6.0,6.0,6.0,6.0,-0.07824526872636062,38.9157893875564,8.786736831814904,0.5834344656953566,-0.042059979715715734,-1.3164001652077317e-06,0.23350996302990873
39.66666666666698,-0.1863852406217254,-0.5056543555876323,0.21696760954563518,-0.01631582662248179,0.0017582191230459815,0.006383855518801955,-0.017444566918891694,0.004952534509648467,0.007875169224481966,0.0,0.0,0.0,-0.18552378159555513,-0.5061199217044045,0.2176345817319498,-0.013448040663197245,0.001765986812597585,0.006979469681078643,-0.03349158614713055,0.007031428152698638,-0.0035961897535159437,0.0,0.0,0.0,0.6349836034494828,0.3934672247840605,2.374389382063046,0.6291574925583747,0.38727861166622407,2.3913336520014306,0.007402470354498261,-0.006962248088341998,0.013562022237867625,1.5326001596551277,2.338568651316346,1.767935429162003,-1.4639195224694457,-0.7923327978930746,0.8351500767997019,-0.017393033364643106,0.07941777077543313,-0.12888450655003209,0.4536272793181473,0.127290109114769,-0.4190865305224287,-0.0537642180440619,0.07265395054818093,-0.11084423120310345,0.2823124547240853,-0.11939400997218419,-0.2090902969837843,1.575065838549261,2.392126637804941,1.5180860496706106,-1.1614162295949166,-0.9236391599815941,1.0392371573601007,0.0,0.0,0.0,0.0,0.0,0.0,0.0,0.0,0.0,0.0,0.0,0.0,9.0,9.0,9.0,9.0,9.0,9.0,6.0,6.0,6.0,6.0,6.0,6.0,-0.0769323457924731,39.0070662459191,8.78717625932851,0.5681567584318459,-0.04135934291351728,-2.0521744060753022e-06,0.22971601724798765
39.70000000000031,-0.18695779349129107,-0.5055825429532197,0.21719773209497467,-0.01687186547006162,0.001983765758517415,0.006452158058150699,-0.014746617185453411,0.00512564065882086,0.007615177022572578,0.0,0.0,0.0,-0.18599755089583792,-0.5060548452714808,0.21786448688491408,-0.014092131196658909,0.0019516759140058917,0.0069198458199405,-0.031523169165539766,0.007374852769689966,-0.0034930651598257256,0.0,0.0,0.0,0.6204068293161551,0.39295558902267125,2.3736761756247016,0.6133596980846914,0.38744644700416003,2.3902807773826056,0.006446402252944173,-0.007586653473056464,0.013450364283081216,1.531940526352785,2.341291515308557,1.7635530626063771,-1.4486402794596143,-0.7882822406053237,0.8211018213169635,-0.018990343835072622,0.08092987010269906,-0.13060883329586728,0.4567939533026791,0.12344118212660714,-0.42066061982891084,-0.0479193141128855,0.045362979817977704,-0.051729802375056075,0.09500021953595429,-0.11546780964485642,-0.04722267919446417,1.575065838549261,2.392126637804941,1.5180860496706106,-1.1614162295949166,-0.9236391599815941,1.0392371573601007,0.0,0.0,0.0,0.0,0.0,0.0,0.0,0.0,0.0,0.0,0.0,0.0,9.0,9.0,9.0,9.0,9.0,9.0,6.0,6.0,6.0,6.0,6.0,6.0,-0.07754717456514482,39.058508791027585,8.802178525434387,0.5516393797413199,-0.04053796985158731,5.344753254643564e-06,0.3159620291891629
39.73333333333364,-0.1875333939963424,-0.505505573705959,0.2174258460456511,-0.01711994848673499,0.00216510922243374,0.006428606305583385,-0.005555477044212851,0.0037616295471293508,0.004886758185105299,0.0,0.0,0.0,-0.18648628047770915,-0.5059844412407106,0.21809118553167733,-0.014574725953310743,0.0021160828660265127,0.006827768194592025,-0.0234461360933218,0.006304117031644907,-0.0049825567181494,0.0,0.0,0.0,0.6059952927257843,0.3925059596729335,2.3727754892278554,0.5978505255173744,0.38763779785088504,2.3890366580277225,0.005551137699094104,-0.008134239506178035,0.013333748660998112,1.5312452629249622,2.344054026054211,1.7591064081229708,-1.4332608374154585,-0.784473669717201,0.8070551159464957,-0.020235383168145826,0.08222683828064864,-0.13246936743341514,0.4598534919840091,0.11731847847132323,-0.4211543140189929,-0.037351179992196164,0.03890904533848761,-0.05581602412643594,0.09178616043990011,-0.18368110965851708,-0.014810825702462307,1.575065838549261,2.392126637804941,1.5180860496706106,-1.1614162295949166,-0.9236391599815941,1.0392371573601007,0.0,0.0,0.0,0.0,0.0,0.0,0.0,0.0,0.0,0.0,0.0,0.0,9.0,9.0,9.0,9.0,9.0,9.0,6.0,6.0,6.0,6.0,6.0,6.0,-0.06013121138912436,39.13386209299955,8.799118847396372,0.5349633359050315,-0.03987435765759151,8.836571302683893e-06,0.22289339154252966
39.76666666666697,-0.18811203509924765,-0.5054223364596618,0.21765341128696425,-0.017264846817844338,0.002352661448739213,0.006411597469638434,-0.00250514534334011,0.003932262500395739,0.005141035240948264,0.0,0.0,0.0,-0.18698838066157814,-0.5059083372651466,0.21831503002912947,-0.014992088788108622,0.0022869292193705786,0.006740020740783456,-0.020053704730167876,0.006566396923158635,-0.0047051140635732125,0.0,0.0,0.0,0.5918531951426094,0.39212323402542953,2.3718128209919325,0.5826756683032147,0.3878567284485437,2.3876543902990015,0.00468025056579913,-0.008643049211601578,0.01313899341402969,1.5305227599157896,2.3468240141794428,1.7546792480473392,-1.4180171718142942,-0.7808348557641993,0.7931810908804038,-0.021195187906168717,0.08280870859817971,-0.13269965732376945,0.4581578093512906,0.11188243855047557,-0.4178652726615029,-0.02879414214068673,0.017456109525932257,-0.00690869671062973,-0.05087047898155508,-0.16308119762542986,0.09867124072469988,1.575065838549261,2.392126637804941,1.5180860496706106,-1.1614162295949166,-0.9236391599815941,1.0392371573601007,0.0,0.0,0.0,0.0,0.0,0.0,0.0,0.0,0.0,0.0,0.0,0.0,9.0,9.0,9.0,9.0,9.0,9.0,6.0,6.0,6.0,6.0,6.0,6.0,-0.05357681932193259,39.19751618486718,8.81279397035668,0.5184792464720435,-0.03896524617646557,1.3319676738898778e-05,0.21787171435114128
39.8000000000003,-0.1886894824092757,-0.5053339467215316,0.21787958449672445,-0.017290443499116646,0.0025191910577116996,0.0063846204174173105,0.0010216812486439019,0.003327648405741944,0.004810558305080377,0.0,0.0,0.0,-0.18750111410615766,-0.5058268766957373,0.21853586216965945,-0.015328873627514856,0.0024498301974757272,0.006648864983760602,-0.01597719910988049,0.006141962487381747,-0.004800646392339569,0.0,0.0,0.0,0.578027554729989,0.39181284503242453,2.3708333961040156,0.5678648614348044,0.38810680968257033,2.386170814872048,0.0038288701778866254,-0.009126499406476798,0.012855735267932022,1.5297838514852535,2.349584895289435,1.7503036672990941,-1.4029993129984968,-0.7773453605015227,0.779551294931986,-0.0218432312461101,0.08282052506590587,-0.13174483407282264,0.45307644609971287,0.10708405143702436,-0.41188434318885725,-0.019441300198241432,0.00035449403178493787,0.02864469752840416,-0.15244089754733178,-0.14395161340353643,0.17942788417936945,1.575065838549261,2.392126637804941,1.5180860496706106,-1.1614162295949166,-0.9236391599815941,1.0392371573601007,0.0,0.0,0.0,0.0,0.0,0.0,0.0,0.0,0.0,0.0,0.0,0.0,9.0,9.0,9.0,9.0,9.0,9.0,6.0,6.0,6.0,6.0,6.0,6.0,-0.04336742723452236,39.26589129866658,8.82240922441006,0.5020430636649095,-0.03804010024782101,1.638931335667948e-05,0.18000395056189156
39.833333333333634,-0.18925595751054877,-0.5052430966413448,0.2181011860838491,-0.017080838681052136,0.0026251504738450324,0.006296023386198914,0.007997356008543814,0.0015858362466661387,0.0028169490409006856,0.0,0.0,0.0,-0.18801906378593752,-0.5057412408498784,0.2187523809064603,-0.015513568403867983,0.0025809938718147963,0.006523611896809386,-0.008551185281358897,0.004591385551991678,-0.006356714584636158,0.0,0.0,0.0,0.5646392586509783,0.3915197785194782,2.369852709116161,0.5534790327999055,0.38836537908499935,2.3846106580096684,0.0029618886476926592,-0.009621021615225074,0.012497535801241489,1.5290438931887604,2.3523045890455716,1.746025578443067,-1.3883654988887584,-0.7740415247332827,0.766262790818619,-0.022080243011898,0.08200071681136589,-0.129476721811487,0.44370176422800317,0.10177139917714115,-0.40306486333029196,-0.0071103529736370455,-0.024594247636199325,0.06804336784006934,-0.28124045615129056,-0.1593795677964963,0.26458439575695886,1.575065838549261,2.392126637804941,1.5180860496706106,-1.1614162295949166,-0.9236391599815941,1.0392371573601007,0.0,0.0,0.0,0.0,0.0,0.0,0.0,0.0,0.0,0.0,0.0,0.0,9.0,9.0,9.0,9.0,9.0,9.0,6.0,6.0,6.0,6.0,6.0,6.0,-0.029104955930141507,39.31819878683225,8.827931937795695,0.4851255332585121,-0.037189915720991173,1.7123487762615852e-05,0.19661961760931962
39.866666666666966,-0.1898132756919464,-0.5051490543526171,0.21831950749727647,-0.016829037409737235,0.0027258232815840777,0.006218101090487626,0.009175358468523138,0.001523948943424852,0.002933188627916851,0.0,0.0,0.0,-0.18854090378519112,-0.5056514017273196,0.2189648047502401,-0.015641355077089483,0.002708157214040341,0.0063989922952670105,-0.005746432194055906,0.004379902623535159,-0.006242989677839539,0.0,0.0,0.0,0.5518113552897809,0.3913130076112947,2.3688955942377135,0.5395898093581061,0.38865580685481493,2.3830006702199586,0.0020968070637407904,-0.010176994027149328,0.012050750223220543,1.5283004568829346,2.354961631385793,1.7418897570127259,-1.3742609161108619,-0.7709146431401498,0.7534933333890207,-0.022228807120482075,0.08047441907487811,-0.1258753358773171,0.42999224363393296,0.09646143158837274,-0.38974410303539825,-0.004456923257522285,-0.04578893209463336,0.10804157802509659,-0.4112856178221072,-0.15929902766305243,0.39962280884681134,1.575065838549261,2.392126637804941,1.5180860496706106,-1.1614162295949166,-0.9236391599815941,1.0392371573601007,0.0,0.0,0.0,0.0,0.0,0.0,0.0,0.0,0.0,0.0,0.0,0.0,9.0,9.0,9.0,9.0,9.0,9.0,6.0,6.0,6.0,6.0,6.0,6.0,-0.03135976148956665,39.375078341159416,8.83620932370419,0.46884458655418015,-0.03629889953403609,2.419647243678824e-05,0.1954452618745076
39.9000000000003,-0.19035922750409573,-0.505052628039248,0.21853345293891044,-0.016518743559492784,0.002807930166594352,0.006120366726996896,0.01084574744372359,0.0010625551671177335,0.0020688351774482737,0.0,0.0,0.0,-0.18906438809503726,-0.505557742908797,0.21917274911178058,-0.01570260289572393,0.002824801472850956,0.006264572006975765,-0.0025186988202263727,0.003861169924791241,-0.006628814365978286,0.0,0.0,0.0,0.539443991248877,0.3911773094931219,2.3679778595514316,0.5261799372260556,0.3889765221949994,2.381361821688457,0.0012504515158049804,-0.010732141347431856,0.011528690399151992,1.527562188707943,2.357563180162195,1.7378775710086252,-1.3605976563938946,-0.7679279466252129,0.7411492614362126,-0.022174965873324244,0.07885578188632883,-0.12220216537445205,0.4165959422173217,0.09188774082819504,-0.3767961400679601,0.0016152374147349311,-0.04855911565647849,0.11019511508595188,-0.40188904249833673,-0.13721072280533103,0.3884388890231456,1.575065838549261,2.392126637804941,1.5180860496706106,-1.1614162295949166,-0.9236391599815941,1.0392371573601007,0.0,0.0,0.0,0.0,0.0,0.0,0.0,0.0,0.0,0.0,0.0,0.0,9.0,9.0,9.0,9.0,9.0,9.0,6.0,6.0,6.0,6.0,6.0,6.0,-0.020981254887528333,39.4567933908129,8.83812422105809,0.45371777460577944,-0.03537133770225398,2.3352940507592734e-05,0.11052475976254737
39.93333333333363,-0.19089285403223571,-0.5049545506736555,0.2187434207485333,-0.01616978705701442,0.002869713235156832,0.00602539301074963,0.011920461186923262,0.0005566795769592118,0.0018859993693389346,0.0,0.0,0.0,-0.18958767832829135,-0.5054607273435853,0.21937625604972494,-0.015706440819563308,0.0029279110478615555,0.0061298315236085745,0.00023503268638780384,0.0032054747579444154,-0.006560561844295876,0.0,0.0,0.0,0.5275920178152148,0.39105652474500163,2.3670935295318523,0.51327744490166,0.38930405371653465,2.3797060334350433,0.00039852024359723903,-0.011298556075758803,0.010955577017873846,1.5268288429798964,2.3600957480789657,1.73400976639242,-1.3474592813759054,-0.7651021798754997,0.729263496735381,-0.022058569852037826,0.07693661896419768,-0.11809014744891817,0.4016328144322224,0.08714458193699512,-0.3633140073726177,0.003491880638592522,-0.05757488766393446,0.12336053776601662,-0.44889383355298007,-0.14229476673599745,0.40446398086027135,1.575065838549261,2.392126637804941,1.5180860496706106,-1.1614162295949166,-0.9236391599815941,1.0392371573601007,0.0,0.0,0.0,0.0,0.0,0.0,0.0,0.0,0.0,0.0,0.0,0.0,9.0,9.0,9.0,9.0,9.0,9.0,6.0,6.0,6.0,6.0,6.0,6.0,-0.019910500843464574,39.52496221758099,8.840171571406914,0.4385073154356388,-0.03451677435616629,2.1075164921779965e-05,0.14573121851702098
39.96666666666696,-0.19140714869045666,-0.5048575211382939,0.2189470923768561,-0.01566798162500787,0.002871627290290295,0.0058870744449703565,0.016405125305097162,-0.0011258394432412402,0.0002695624424038203,0.0,0.0,0.0,-0.19010640903338435,-0.5053617126238333,0.2195742953531994,-0.015588923903962297,0.0029939181790240555,0.005968461060942156,0.005998379809168064,0.001436349114472435,-0.007746748984467811,0.0,0.0,0.0,0.516343580653172,0.39087061316425126,2.366233071400593,0.5009322055749855,0.3895976966742967,2.3780407836903525,-0.0004918422038934314,-0.011894348025809357,0.0103559271598094,1.5261096016267741,2.3625344321353223,1.7303157788970995,-1.3349631252583145,-0.7624810661516513,0.7178856838494614,-0.021737683679794274,0.07441922078187062,-0.11324313238938198,0.38380072716256247,0.08147046845596473,-0.3486609268425988,0.00962658516730659,-0.07552194546981164,0.14541045178608594,-0.5349626180897975,-0.1702234044309118,0.43959241590056747,1.575065838549261,2.392126637804941,1.5180860496706106,-1.1614162295949166,-0.9236391599815941,1.0392371573601007,0.0,0.0,0.0,0.0,0.0,0.0,0.0,0.0,0.0,0.0,0.0,0.0,9.0,9.0,9.0,9.0,9.0,9.0,6.0,6.0,6.0,6.0,6.0,6.0,-0.013210575523452395,39.57499236111092,8.839809181541975,0.4232445641397402,-0.033736851872318896,1.7712806695491246e-05,0.17471697736196695
40.00000000000029,-0.19190514867439457,-0.5047619673715327,0.21914447519329255,-0.01517573246709573,0.0028446828659126795,0.0057345774556452735,0.016018855913399566,-0.001882770133865418,-0.0004887685330112082,0.0,0.0,0.0,-0.19061984531110687,-0.5052613330144109,0.21976656008846737,-0.015434439523166645,0.0030380323535701467,0.005795256760974446,0.007677935765847632,0.00041205654914122647,-0.008216414138727313,0.0,0.0,0.0,0.5056971169585587,0.39072613623814567,2.3654273621289104,0.48916273754783735,0.3898900084141814,2.376388815133958,-0.0013666804715212963,-0.012524951444673348,0.009703427605531924,1.5254045101508749,2.3648774828554044,1.7267991423940214,-1.3231017571526407,-0.7600126775285282,0.7070900547205415,-0.02134772407791402,0.07166742132893167,-0.1080804408580221,0.3651609378343323,0.07652459528111744,-0.33213289152592956,0.011698788056407594,-0.08255398358816836,0.15488074594079648,-0.5591936798469056,-0.14837619524541876,0.4958410595000766,1.575065838549261,2.392126637804941,1.5180860496706106,-1.1614162295949166,-0.9236391599815941,1.0392371573601007,0.0,0.0,0.0,0.0,0.0,0.0,0.0,0.0,0.0,0.0,0.0,0.0,9.0,9.0,9.0,9.0,9.0,9.0,6.0,6.0,6.0,6.0,6.0,6.0,-0.011067790337612626,39.640498933091834,8.841110246329853,0.4093742948244791,-0.03285813231703805,2.2657576830953374e-05,0.14581931202317006
40.03333333333362,-0.19238788117478756,-0.5046684221042746,0.21933540460355488,-0.014707137805442607,0.0027974992976810492,0.005571839728540017,0.015214558532003439,-0.0023909833902904824,-0.0011207097519660139,0.0,0.0,0.0,-0.1911271916285713,-0.5051601823617083,0.21995282035181155,-0.015253959789605297,0.003063563196137791,0.005614408558465942,0.008817041163043271,-0.0004429305979876119,-0.008483015503273794,0.0,0.0,0.0,0.49558690117154336,0.39056350233438947,2.3646589639191493,0.47795414875962544,0.3901602704262656,2.374754288699262,-0.0022320525596511106,-0.01314377745653343,0.009030543688743536,1.5247117423702634,2.367132119958892,1.7234401383676798,-1.3118160439943791,-0.7576970489520263,0.6967834203489494,-0.020971263638203078,0.06898188251273332,-0.10320689414617341,0.34743457577667514,0.07182076995707795,-0.3168436512738203,0.01129381319132825,-0.08056616448595041,0.14620640135546045,-0.5317908617297152,-0.14111475972118465,0.4586772075632777,1.575065838549261,2.392126637804941,1.5180860496706106,-1.1614162295949166,-0.9236391599815941,1.0392371573601007,0.0,0.0,0.0,0.0,0.0,0.0,0.0,0.0,0.0,0.0,0.0,0.0,9.0,9.0,9.0,9.0,9.0,9.0,6.0,6.0,6.0,6.0,6.0,6.0,-0.010254890053634114,39.71439649297819,8.838945752097088,0.39626204159162953,-0.03204474064123097,1.9275844149735377e-05,0.12006002238111074
40.066666666666954,-0.19285420323725783,-0.5045782443795336,0.21951889917932083,-0.014223407252657612,0.0027160363552210754,0.005385537922251645,0.015574136945729847,-0.003319802269532479,-0.002137282130891047,0.0,0.0,0.0,-0.19162690447431818,-0.5050591999544786,0.2201324936981624,-0.015029786658133914,0.0030620785991047365,0.005417426762671808,0.010786744373983304,-0.0016895877817688643,-0.009152394096712868,0.0,0.0,0.0,0.48602776723474844,0.39045806520100046,2.363954527743245,0.4673150877944682,0.39043541220871286,2.373157215302429,-0.0030583851423643467,-0.01376841649841394,0.008318182825012472,1.5240374006035584,2.3692916988217316,1.7202469232193898,-1.3011171817870952,-0.7555011967681434,0.687033448992433,-0.020477256546835042,0.06618553809436929,-0.09826660101452536,0.3297887694045718,0.06785730033001619,-0.30061397755493396,0.014820212741041061,-0.08389033255092078,0.14820879394944175,-0.5293741911630995,-0.11890408881185292,0.48689021156658957,1.575065838549261,2.392126637804941,1.5180860496706106,-1.1614162295949166,-0.9236391599815941,1.0392371573601007,0.0,0.0,0.0,0.0,0.0,0.0,0.0,0.0,0.0,0.0,0.0,0.0,9.0,9.0,9.0,9.0,9.0,9.0,6.0,6.0,6.0,6.0,6.0,6.0,-0.004153509872586003,39.77883700178503,8.838430256968875,0.38370987307206744,-0.031227317641717267,2.282289656341252e-05,0.1441001719300269
40.100000000000286,-0.19329925903409487,-0.5044926859702299,0.2196937491375798,-0.013637629815597416,0.0025986573366728375,0.005166309648319066,0.018536039527128574,-0.004299525725771825,-0.003446099357096025,0.0,0.0,0.0,-0.192115722349518,-0.5049593966476515,0.22030481581652883,-0.014714898300043253,0.0030304848519121996,0.005198353482907743,0.014972764854162435,-0.003069429521179501,-0.01009931327197311,0.0,0.0,0.0,0.4770323533489847,0.3902896245127549,2.3632791292344795,0.45725699552540133,0.39066955098924416,2.3715930965411225,-0.0038890645915392852,-0.014379915933112846,0.007613712230934281,1.5233856244890958,2.3713468453035405,1.7172229243537183,-1.2910379627553543,-0.7534754804939952,0.6777858767086289,-0.019861274471534525,0.0631647756676349,-0.09323551098494005,0.3115139704363406,0.06313342559296983,-0.28515610486106013,0.018479462259015523,-0.09062287280203182,0.1509327008875593,-0.5482439690469355,-0.14171624211139072,0.46373618081621415,1.575065838549261,2.392126637804941,1.5180860496706106,-1.1614162295949166,-0.9236391599815941,1.0392371573601007,0.0,0.0,0.0,0.0,0.0,0.0,0.0,0.0,0.0,0.0,0.0,0.0,9.0,9.0,9.0,9.0,9.0,9.0,6.0,6.0,6.0,6.0,6.0,6.0,0.0018114087081020358,39.832170161037176,8.83508450059837,0.3713086588863873,-0.030556017036944105,1.7315380998805807e-05,0.15548184241005075
40.13333333333362,-0.1937256545616454,-0.50441173434766,0.21986039756237039,-0.013069805987929308,0.0024690610063494876,0.004942113687696068,0.017911172289611126,-0.00458641741131104,-0.0038927602043215127,0.0,0.0,0.0,-0.1925931154409977,-0.5048612809606748,0.22046966555134465,-0.014372948720335572,0.0029813157187372715,0.0049729336016061405,0.016082743992633652,-0.00383753245287366,-0.010287880927723148,0.0,0.0,0.0,0.46849109761552793,0.39007478982699517,2.3626414438592263,0.4477388645858516,0.39085814097067995,2.370069607690348,-0.0046905477714298,-0.01493403687359776,0.006912176127787112,1.522755980018969,2.373315037326557,1.7143379289053944,-1.2814620516670459,-0.7515787050979934,0.6689480256942144,-0.019213314226383428,0.060418765682875075,-0.08877841262812637,0.2953562119116172,0.058979983117692605,-0.27180905524197635,0.019438807354532902,-0.08238029954279477,0.13371295070441033,-0.48473275574170194,-0.12460327425831688,0.40041148857251363,1.575065838549261,2.392126637804941,1.5180860496706106,-1.1614162295949166,-0.9236391599815941,1.0392371573601007,0.0,0.0,0.0,0.0,0.0,0.0,0.0,0.0,0.0,0.0,0.0,0.0,9.0,9.0,9.0,9.0,9.0,9.0,6.0,6.0,6.0,6.0,6.0,6.0,0.006889191704707365,39.90688288621953,8.8323635437239,0.3603298553868922,-0.029819307514026727,1.3856157604463792e-05,0.11460092120377023
40.16666666666695,-0.19413217717572034,-0.5043356516775325,0.22001880405355784,-0.012483692650556483,0.002330458652910404,0.004716127026746852,0.0183715291413963,-0.004775234460860492,-0.00422145328797862,0.0,0.0,0.0,-0.1930575423017158,-0.5047653946663956,0.22062681373995685,-0.013987245417749934,0.0029155769705034064,0.004740712949290541,0.017977436818647607,-0.004550030379100178,-0.010498117634364146,0.0,0.0,0.0,0.46050497675192287,0.3898411799515305,2.362037320551435,0.43879561421695934,0.39100840487600236,2.368592052782285,-0.0054658747842509315,-0.015484202481083335,0.00621533615585562,1.5221490453928812,2.375177152045739,1.7116217346419933,-1.2724954235294952,-0.7498282587579082,0.6606408786559416,-0.01854313059721225,0.05738188294459587,-0.08391668947739767,0.27778463338822057,0.05466892117427019,-0.2567459591794496,0.020105508875135295,-0.0911064821483761,0.1458516945218614,-0.5271473557018995,-0.12933185830267252,0.4518928818758027,1.575065838549261,2.392126637804941,1.5180860496706106,-1.1614162295949166,-0.9236391599815941,1.0392371573601007,0.0,0.0,0.0,0.0,0.0,0.0,0.0,0.0,0.0,0.0,0.0,0.0,9.0,9.0,9.0,9.0,9.0,9.0,6.0,6.0,6.0,6.0,6.0,6.0,0.00611450705976635,39.95275344159348,8.832487855546296,0.3492762249745507,-0.0291667062214076,1.6594055831042898e-05,0.17459327894689564
40.20000000000028,-0.1945162508047356,-0.5042649341477039,0.2201685603692154,-0.011839896122923207,0.00217883892667551,0.004480866415276402,0.02001527907878968,-0.005089116438733754,-0.004783206576501671,0.0,0.0,0.0,-0.19350677218266232,-0.5046723494548214,0.22077591790932677,-0.013537503791003483,0.002831614685491011,0.0044986953765501075,0.020818640169451896,-0.005334301101697747,-0.010850723433633469,0.0,0.0,0.0,0.45307804264726786,0.3895987998891577,2.3614730294957713,0.43043704711986763,0.39112454659917495,2.367168246841901,-0.006209281612413288,-0.016027560019612936,0.005523197919329363,1.5215706698074338,2.376928008065385,1.7090800862138202,-1.264146863536395,-0.7482178124973305,0.6528799942476173,-0.017748555241349804,0.05414441470778585,-0.07880519838926119,0.25956607765807627,0.05043189893630906,-0.2407996745596333,0.023837260675873398,-0.09712404710430057,0.15334473264409423,-0.5465566719043294,-0.1271106671388338,0.4783885385944884,1.575065838549261,2.392126637804941,1.5180860496706106,-1.1614162295949166,-0.9236391599815941,1.0392371573601007,0.0,0.0,0.0,0.0,0.0,0.0,0.0,0.0,0.0,0.0,0.0,0.0,9.0,9.0,9.0,9.0,9.0,9.0,6.0,6.0,6.0,6.0,6.0,6.0,0.011846910754871764,40.000227067107716,8.83212605688068,0.339038192240136,-0.028539438080950053,1.815109629571543e-05,0.15660324679888793
40.23333333333361,-0.19487865811509075,-0.5041992691158425,0.22031018896935242,-0.011192362791946187,0.002028459057351985,0.004250530936820174,0.02005195309942897,-0.004985218704606623,-0.0049058218500561065,0.0,0.0,0.0,-0.19393982671022966,-0.504582416287631,0.22091702771898813,-0.013053100410717808,0.002737994789287597,0.004256572930671067,0.022232385250624986,-0.005703326206784709,-0.010740249561629778,0.0,0.0,0.0,0.4461121610612148,0.38941206091105496,2.3609632612767797,0.4226256862986043,0.39123469010238854,2.365809438350807,-0.00687938965894532,-0.016530059076549794,0.004824967908695263,1.521024417571082,2.3785852933534115,1.706685180709639,-1.2562963023862794,-0.7467011697789634,0.6456042422708841,-0.016841229807487278,0.05119384399646156,-0.07416650954670909,0.2435332488883393,0.04714348734611375,-0.22578159772121068,0.027219763015875757,-0.08851712133972876,0.1391606652765628,-0.4809848630921092,-0.09865234770585946,0.4505423051526788,1.575065838549261,2.392126637804941,1.5180860496706106,-1.1614162295949166,-0.9236391599815941,1.0392371573601007,0.0,0.0,0.0,0.0,0.0,0.0,0.0,0.0,0.0,0.0,0.0,0.0,9.0,9.0,9.0,9.0,9.0,9.0,6.0,6.0,6.0,6.0,6.0,6.0,0.02113405174914762,40.0678706788269,8.83112681769727,0.3301189864755484,-0.02788814803104689,2.0071677431787727e-05,0.11674336488478049
40.26666666666694,-0.19521934575981242,-0.5041378505768929,0.22044465119762716,-0.01054253930219322,0.0018948221579891144,0.004039663064545321,0.020053766309196502,-0.004424399357764203,-0.0045576449487236565,0.0,0.0,0.0,-0.19435567239211862,-0.5044955800056482,0.22105046603179293,-0.012536978951519936,0.002643386132539014,0.004022844215130722,0.02349403064941713,-0.005657297712204468,-0.010229026949178266,0.0,0.0,0.0,0.4395841199357503,0.38916425933636195,2.3604722144452306,0.41534290778228794,0.39129669460744065,2.364505829776655,-0.007520057096699085,-0.016967245588079927,0.004162967838538966,1.5205062195687007,2.3801505792995394,1.7044310948234591,-1.2489424288746804,-0.7453164831975381,0.6387267403657555,-0.015977703316793695,0.04837033358804186,-0.06980388757250276,0.2282552198614238,0.043408227410543516,-0.21281057067630918,0.025905794720807458,-0.08470531225259112,0.1308786592261899,-0.458340870807465,-0.11205779806710689,0.38913081134704486,1.575065838549261,2.392126637804941,1.5180860496706106,-1.1614162295949166,-0.9236391599815941,1.0392371573601007,0.0,0.0,0.0,0.0,0.0,0.0,0.0,0.0,0.0,0.0,0.0,0.0,9.0,9.0,9.0,9.0,9.0,9.0,6.0,6.0,6.0,6.0,6.0,6.0,0.02057206113600607,40.122502462118845,8.829147107817901,0.32126435322162405,-0.0273683346796032,1.3433848038535423e-05,0.13030019828627082
40.300000000000274,-0.19553679938151822,-0.5040805555982057,0.2205720784694687,-0.009861580909560243,0.0017690323933317802,0.0038375442775527347,0.02092631563504316,-0.004134990511597766,-0.004512840316152695,0.0,0.0,0.0,-0.19475273103674365,-0.504411995605109,0.22117631189859363,-0.011975502835829243,0.002544676215567318,0.003792464205943045,0.025394589886057695,-0.005761808969941384,-0.009966210229733097,0.0,0.0,0.0,0.43351190166819675,0.3889055619693757,2.360020272030604,0.40858816282783106,0.39132257317492175,2.363266895774393,-0.008113421138221943,-0.017362780374567885,0.0035169429129930092,1.5200213860584664,2.3816177131323246,1.7023301267557482,-1.242105736203597,-0.7440424849851129,0.6323003596850421,-0.015022571310286411,0.04546612118504962,-0.06528732387838417,0.2128189267088085,0.039949373385351164,-0.1994644705063715,0.02865396019521851,-0.08712637208976712,0.13549691082355791,-0.4630887945784591,-0.10376562075577055,0.40038300509813063,1.575065838549261,2.392126637804941,1.5180860496706106,-1.1614162295949166,-0.9236391599815941,1.0392371573601007,0.0,0.0,0.0,0.0,0.0,0.0,0.0,0.0,0.0,0.0,0.0,0.0,9.0,9.0,9.0,9.0,9.0,9.0,6.0,6.0,6.0,6.0,6.0,6.0,0.025265366638695053,40.167089128706024,8.829728093041219,0.31300068716680185,-0.02683138401826035,1.4513115245973207e-05,0.14115137126475583
40.333333333333606,-0.19583114375676583,-0.5040268910169917,0.2206930235649144,-0.009172654718817345,0.0016551305363890476,0.0036464573082647593,0.021117619438246835,-0.003736664674295933,-0.004380517431662048,0.0,0.0,0.0,-0.19513002766880236,-0.504331652677906,0.2212948457541702,-0.011382249267234605,0.0024456779434480877,0.003569886239109558,0.02663171927453245,-0.0056854800427963426,-0.009496704025042213,0.0,0.0,0.0,0.4277257827214354,0.3886130393476492,2.3596028332456167,0.4022847690126013,0.39130356007873784,2.3620933113861886,-0.008641232707724395,-0.01764491469037444,0.0028962597708241506,1.5195726884368257,2.383016908110485,1.7003320374633075,-1.2356007020492168,-0.7428513878973636,0.626138049493781,-0.013981476202910586,0.043139273291555064,-0.06172422714160878,0.2010403253238743,0.03713839955010231,-0.18973436066067675,0.031232853221274764,-0.06980543680483661,0.1068929021032615,-0.3533580415480261,-0.08432921505746543,0.2919032953708424,1.575065838549261,2.392126637804941,1.5180860496706106,-1.1614162295949166,-0.9236391599815941,1.0392371573601007,0.0,0.0,0.0,0.0,0.0,0.0,0.0,0.0,0.0,0.0,0.0,0.0,9.0,9.0,9.0,9.0,9.0,9.0,6.0,6.0,6.0,6.0,6.0,6.0,0.035717972397008246,40.23852091650806,8.827032346863195,0.3059104622260586,-0.026300970924382217,9.60304086006225e-06,0.08660745098493151
40.36666666666694,-0.1961029835659092,-0.5039769245547497,0.2208084125967928,-0.00849313471613696,0.001543931880596083,0.003477781395047095,0.02079139179311574,-0.0036124132612546057,-0.0038741107802576,0.0,0.0,0.0,-0.19548695245825004,-0.5042547375386937,0.22140651624288107,-0.010768677491764281,0.002341870980669578,0.003360115025928083,0.02731443683871415,-0.0058269807010873365,-0.008796621979599628,0.0,0.0,0.0,0.4222988857621342,0.3883142473381918,2.3592233903305457,0.3964394465941228,0.39124926071887417,2.3609893799860595,-0.009110457317845688,-0.017866519063588333,0.0022962890469988414,1.519158592478093,2.384336000957056,1.6984594045718846,-1.2295078115330005,-0.7417468707497429,0.6203341062972944,-0.01294241124229118,0.04076161469527068,-0.05802740020899567,0.18887125209895478,0.034469809469114425,-0.17932365081662696,0.031171948818582196,-0.07132975788853137,0.11090480797839344,-0.3650721967475859,-0.08005770242963658,0.312321295321494,1.575065838549261,2.392126637804941,1.5180860496706106,-1.1614162295949166,-0.9236391599815941,1.0392371573601007,0.0,0.0,0.0,0.0,0.0,0.0,0.0,0.0,0.0,0.0,0.0,0.0,9.0,9.0,9.0,9.0,9.0,9.0,6.0,6.0,6.0,6.0,6.0,6.0,0.03540872589306421,40.27854869351517,8.827467137575857,0.2984851234160601,-0.025821556225784192,1.1234059378917305e-05,0.13308056065908264
40.40000000000027,-0.19635334893455883,-0.5039305780207123,0.22091836599007583,-0.007837335012869222,0.0014352426784481045,0.003318576457419252,0.020037968685457767,-0.003499201860271984,-0.003746008608786747,0.0,0.0,0.0,-0.19582325096741307,-0.50418138663084,0.22151153658355985,-0.010145676338124443,0.002233873217174091,0.0031578025429832646,0.02747665926611509,-0.005939167226257425,-0.008361180093521714,0.0,0.0,0.0,0.4172341153919082,0.3880186579397727,2.3588730878870634,0.39104586857422335,0.39116590079611196,2.3599536505146026,-0.009520091999350843,-0.0180349484379778,0.0017231711114836347,1.5187768443240177,2.3855754593889493,1.6967097863391611,-1.2238232496359545,-0.7407314808844798,0.6148963435892693,-0.011949100162269877,0.03837637353629516,-0.05433483139080367,0.17664832197390679,0.031797733794965116,-0.16852980443270976,0.02979933240063907,-0.07155723476926569,0.11077706454576004,-0.36668790375144,-0.08016227022447917,0.3238153915175162,1.575065838549261,2.392126637804941,1.5180860496706106,-1.1614162295949166,-0.9236391599815941,1.0392371573601007,0.0,0.0,0.0,0.0,0.0,0.0,0.0,0.0,0.0,0.0,0.0,0.0,9.0,9.0,9.0,9.0,9.0,9.0,6.0,6.0,6.0,6.0,6.0,6.0,0.03317971495446681,40.316817859028596,8.826711851999576,0.29149065221956977,-0.02537611379684801,1.2369978556470151e-05,0.11691650091208004
40.4333333333336,-0.19658287439408187,-0.5038878102711697,0.2210226427316056,-0.007202117644533872,0.0013282137001676346,0.003157169750673235,0.01938016686090448,-0.0034167442519303444,-0.003956272405243658,0.0,0.0,0.0,-0.19613867893047118,-0.5041117310031498,0.2216099342220582,-0.009515123156828571,0.002121915579685978,0.0029573490427744287,0.027553426183605012,-0.006040799643951544,-0.0081990056808241,0.0,0.0,0.0,0.41252694527105094,0.3877328938411036,2.358543994543925,0.3860944798538338,0.39105881722213914,2.3589832561284267,-0.009869842304163032,-0.01815392411486776,0.0011814156462246865,1.518426057624228,2.386736217908625,1.6950790843004586,-1.2185354932174939,-0.7398068831654646,0.6098233011409063,-0.010998767383215894,0.03600729490561232,-0.050725651237655336,0.1646379023605136,0.029091198978625325,-0.1576374504448294,0.028509983371619488,-0.07107235892048502,0.10827540459445,-0.36031258840179586,-0.08119604449019369,0.32677061963641046,1.575065838549261,2.392126637804941,1.5180860496706106,-1.1614162295949166,-0.9236391599815941,1.0392371573601007,0.0,0.0,0.0,0.0,0.0,0.0,0.0,0.0,0.0,0.0,0.0,0.0,9.0,9.0,9.0,9.0,9.0,9.0,6.0,6.0,6.0,6.0,6.0,6.0,0.03136803349916262,40.35320464210964,8.82529409980986,0.2849598464998123,-0.024959474260566328,1.3009464905566759e-05,0.10338277621749346
40.46666666666693,-0.19679491598920879,-0.5038484755990928,0.22112188691766374,-0.006640864850968329,0.001224679181011821,0.003007373751516158,0.017124220604219684,-0.0032852320982224765,-0.0037332855147005403,0.0,0.0,0.0,-0.19643425556162758,-0.5040458417527242,0.22170206683234567,-0.008909952215571367,0.0020075816633923107,0.0027664568823769975,0.02606784814216745,-0.006067628587091534,-0.007673739895127429,0.0,0.0,0.0,0.4081684087270932,0.38746319764835435,2.3582255462132227,0.381573230686852,0.3909333487432474,2.3580731066580736,-0.010159054969276904,-0.018225650424465147,0.0006761187267282269,1.5180998605166052,2.387822991117245,1.693559135013023,-1.2136282226035282,-0.7389717829696051,0.6051094272494565,-0.010190197946863145,0.03373789580760076,-0.04730753616126689,0.15302471306614884,0.02639907024339843,-0.14682329464393945,0.024257083090582495,-0.0680819729403469,0.10254345229165322,-0.34839567883094247,-0.08076386205680686,0.3244246740266984,1.575065838549261,2.392126637804941,1.5180860496706106,-1.1614162295949166,-0.9236391599815941,1.0392371573601007,0.0,0.0,0.0,0.0,0.0,0.0,0.0,0.0,0.0,0.0,0.0,0.0,9.0,9.0,9.0,9.0,9.0,9.0,6.0,6.0,6.0,6.0,6.0,6.0,0.024672822177895348,40.39053251805728,8.8238242233676,0.2788935151646455,-0.024560174448397643,1.3359673749713252e-05,0.09144192487499178
40.50000000000026,-0.19699168778711865,-0.5038129818050822,0.22121629073854318,-0.006148509058122175,0.0011137299085406886,0.002863178725629057,0.015030892903815683,-0.0034910798494969166,-0.003669806451217241,0.0,0.0,0.0,-0.19671093650156918,-0.5039839935997121,0.22178820851616912,-0.008333396651616363,0.0018858425382284947,0.0025841050665962534,0.024451706710612253,-0.0063351852635520345,-0.007204724376546512,0.0,0.0,0.0,0.4039775576316538,0.3871824135079682,2.357916530551834,0.3773954583467457,0.39078051890210314,2.357219841924556,-0.0103734670364307,-0.018176343856442866,0.000209927315134667,1.5177975089131284,2.3888704297967154,1.6920919763067055,-1.2089022802957154,-0.7381938043839373,0.6005531672606396,-0.009443764718491591,0.03219473885860559,-0.045112352846773396,0.14552708384497245,0.024359261794486258,-0.14006629799098416,0.022392996851146627,-0.046294708469855214,0.06585549943480488,-0.22492887663529132,-0.061194253467365116,0.20270989958865893,1.575065838549261,2.392126637804941,1.5180860496706106,-1.1614162295949166,-0.9236391599815941,1.0392371573601007,0.0,0.0,0.0,0.0,0.0,0.0,0.0,0.0,0.0,0.0,0.0,0.0,9.0,9.0,9.0,9.0,9.0,9.0,6.0,6.0,6.0,6.0,6.0,6.0,0.028074488879405557,40.45494212317801,8.819628085618113,0.27386679953957277,-0.024141246128619898,7.72135733440038e-06,0.0509652862807972
40.533333333333594,-0.1971739386390454,-0.5037811227295711,0.2213058996247052,-0.005694107336035401,0.0010045224081218045,0.002721373243772772,0.013869443194774912,-0.003422785737782327,-0.0036750582900564105,0.0,0.0,0.0,-0.19696919249095907,-0.5039262548125834,0.2218685372536227,-0.007773388900288515,0.00176128874310906,0.002407653552332988,0.023434157238037656,-0.006382842710433323,-0.006868176791475555,0.0,0.0,0.0,0.3999642093903621,0.386823682556529,2.3575976193598027,0.3735352573869107,0.39057075118178025,2.356413419783379,-0.010547350603237042,-0.018020709341101348,-0.00020035864216173122,1.5175148033892034,2.3898750364917523,1.6906803352286939,-1.2043836787917497,-0.7374983699528488,0.5961300436344342,-0.00880203205132847,0.03082371352027109,-0.043270272509154564,0.1388810580276404,0.022028442553268326,-0.1351512385211015,0.019251980014893633,-0.04113076015003504,0.05526241012856486,-0.1993807745199623,-0.06992457723653797,0.14745178409647994,1.575065838549261,2.392126637804941,1.5180860496706106,-1.1614162295949166,-0.9236391599815941,1.0392371573601007,0.0,0.0,0.0,0.0,0.0,0.0,0.0,0.0,0.0,0.0,0.0,0.0,9.0,9.0,9.0,9.0,9.0,9.0,6.0,6.0,6.0,6.0,6.0,6.0,0.024149181036511536,40.49169100781231,8.81710538856315,0.2684249927496689,-0.02380524902014436,2.233712043608893e-06,0.07100840313369058
40.566666666666926,-0.19734588646385443,-0.5037530240292312,0.2213908105780091,-0.005336690340213793,0.0008934281965712889,0.0025825060989230386,0.01093742151065502,-0.003465115432540746,-0.0036473447807580783,0.0,0.0,0.0,-0.19721095845386633,-0.5038727773617376,0.2219432356800477,-0.007265973775085671,0.001632437633699737,0.0022368277693868167,0.020718191057653268,-0.0065022329435393544,-0.006549824476627553,0.0,0.0,0.0,0.3961691542752515,0.386445575050703,2.3572754775074114,0.3699901285216667,0.39032119445764474,2.355653355809821,-0.010666669462794189,-0.01780184094469644,-0.0005710773179349524,1.5172451780020728,2.390832399062124,1.6893318775024972,-1.2001034695172303,-0.7368706248761124,0.591916561450986,-0.008326518426388936,0.029421822580849532,-0.041392578693651386,0.1318978714995994,0.0198977157191491,-0.12932005650933007,0.014265408748186027,-0.04205672818264673,0.05633081446509544,-0.20949559584122981,-0.06392180502357674,0.17493546035314342,1.575065838549261,2.392126637804941,1.5180860496706106,-1.1614162295949166,-0.9236391599815941,1.0392371573601007,0.0,0.0,0.0,0.0,0.0,0.0,0.0,0.0,0.0,0.0,0.0,0.0,9.0,9.0,9.0,9.0,9.0,9.0,6.0,6.0,6.0,6.0,6.0,6.0,0.01463650016558038,40.5183281835996,8.816676055292234,0.2631423837284005,-0.023440130992285813,4.702127437639092e-06,0.07443637435990966
40.60000000000026,-0.19750963408539868,-0.5037286489687138,0.22147152835820316,-0.0050536431748546135,0.0007824582740359372,0.0024546755865770616,0.00868506760998934,-0.00344965974614895,-0.003369845446260176,0.0,0.0,0.0,-0.19743772218315,-0.5038236470784588,0.2220126717702088,-0.006804924453830451,0.0015007784659187833,0.002076374834001737,0.018335125462546564,-0.006551063281795777,-0.006010393035858375,0.0,0.0,0.0,0.39259842501353936,0.3860644873032337,2.3569463906201897,0.3667511224335559,0.39004171427100315,2.354936088055062,-0.01073146093412717,-0.017532279669820267,-0.0009034076379187614,1.5169848524789746,2.391743925895653,1.6880448263986263,-1.1960619864253876,-0.7363078405323822,0.5879279560402076,-0.007982016604095574,0.028037810864196898,-0.039538548308634916,0.12479561900338348,0.017888258780987848,-0.12287879371867773,0.010335054668800856,-0.04152035149957902,0.055620911550494104,-0.21306757488647718,-0.06028370814483758,0.19323788371957026,1.575065838549261,2.392126637804941,1.5180860496706106,-1.1614162295949166,-0.9236391599815941,1.0392371573601007,0.0,0.0,0.0,0.0,0.0,0.0,0.0,0.0,0.0,0.0,0.0,0.0,9.0,9.0,9.0,9.0,9.0,9.0,6.0,6.0,6.0,6.0,6.0,6.0,0.007502024810731811,40.54634529911308,8.816305086742839,0.2581753747059493,-0.02310165771838113,6.601498200364819e-06,0.05997658223205932
40.63333333333359,-0.19766642997529374,-0.5037076459077576,0.2215481622326962,-0.004820360579050102,0.0006785533939622507,0.002332052175625749,0.00717465104050858,-0.0032301970520479803,-0.003259738503501419,0.0,0.0,0.0,-0.1976506542834551,-0.5037787915229689,0.22207710228913222,-0.006381099548777607,0.0013706226695526307,0.0019241208064650077,0.01641895056104392,-0.006395874472007179,-0.005581746995355186,0.0,0.0,0.0,0.389187994595826,0.3856042161927451,2.356587263110769,0.3637800527455776,0.38970300588782764,2.3542484355514386,-0.010764536711443128,-0.0171793792405856,-0.0011774185919664068,1.5167296161452062,2.3926208988483557,1.686797586819363,-1.1922007168902988,-0.7358264117341664,0.5840558264965663,-0.007765398876733728,0.026885396008783136,-0.038124307688144815,0.1188239303695688,0.015591328891311903,-0.11840218877905317,0.006498531820855361,-0.034572445662412854,0.04242721861470301,-0.17915065901444055,-0.06890789669027834,0.13429814818873678,1.575065838549261,2.392126637804941,1.5180860496706106,-1.1614162295949166,-0.9236391599815941,1.0392371573601007,0.0,0.0,0.0,0.0,0.0,0.0,0.0,0.0,0.0,0.0,0.0,0.0,9.0,9.0,9.0,9.0,9.0,9.0,6.0,6.0,6.0,6.0,6.0,6.0,0.002660691967932838,40.581906399755816,8.81400493639894,0.253579512325178,-0.022813302713871053,1.3824840742748812e-06,0.04048210751890893
40.66666666666692,-0.19781535269552009,-0.5036900085687442,0.22162093424071846,-0.004585207713004047,0.0005770310519819756,0.002215696022584478,0.0072144880267396684,-0.0031512663643714725,-0.0031112354897869865,0.0,0.0,0.0,-0.19784997451411362,-0.5037382313114511,0.2221368001736188,-0.005968549795615347,0.0012402030304838154,0.0017801575702995809,0.015763264925502174,-0.006328316988918559,-0.005154603077836217,0.0,0.0,0.0,0.3859647328044228,0.38512641443248175,2.3562197960010587,0.3610697058483589,0.38932430064085743,2.3535946284200095,-0.010750610507369073,-0.016780068130194354,-0.0014191478741239112,1.516483598160968,2.3934580051115804,1.6856023918283067,-1.1885429665684992,-0.7354047436392416,0.5803643656592914,-0.007508825977009907,0.025703923934089098,-0.036612002383843316,0.1127629832258494,0.013630471528934056,-0.11329661300518225,0.007697186991714627,-0.035444162240821114,0.045369159129044906,-0.18182841431158164,-0.05882572087133538,0.15316727321612766,1.575065838549261,2.392126637804941,1.5180860496706106,-1.1614162295949166,-0.9236391599815941,1.0392371573601007,0.0,0.0,0.0,0.0,0.0,0.0,0.0,0.0,0.0,0.0,0.0,0.0,9.0,9.0,9.0,9.0,9.0,9.0,6.0,6.0,6.0,6.0,6.0,6.0,0.00455792366180896,40.607602825285745,8.814911394281381,0.2492265746025492,-0.022501262755466822,3.7958005064675504e-06,0.043965927286886745
40.70000000000025,-0.1979565761872882,-0.5036758706771116,0.22169062933442807,-0.004352871226476662,0.0004732904201481573,0.0021163377716040413,0.007118419650692018,-0.0032121616140737925,-0.0026407644115005444,0.0,0.0,0.0,-0.19803613792687325,-0.5037020473763268,0.22219229742655527,-0.005569498518764559,0.0011076967372336312,0.001651191796579839,0.015011990590740876,-0.006349923260653867,-0.0044140633402975915,0.0,0.0,0.0,0.3828278974212947,0.3847061479939622,2.3558708933445485,0.35856492705990733,0.38894117547667684,2.3529844578373496,-0.010652794426182829,-0.016313003985442685,-0.0016533241348654212,1.5162519885986587,2.394277313653878,1.684429292545425,-1.184961121603432,-0.7349916184074781,0.5767889848426652,-0.0071351332385195965,0.02495414549065786,-0.035665986452250414,0.10922456037662655,0.012805995144915358,-0.10927315400091794,0.011210782154709322,-0.02249335330293716,0.0283804779477871,-0.10615268547668563,-0.024734291520560937,0.12070377012792913,1.575065838549261,2.392126637804941,1.5180860496706106,-1.1614162295949166,-0.9236391599815941,1.0392371573601007,0.0,0.0,0.0,0.0,0.0,0.0,0.0,0.0,0.0,0.0,0.0,0.0,9.0,9.0,9.0,9.0,9.0,9.0,6.0,6.0,6.0,6.0,6.0,6.0,0.014716548278131292,40.65516205945902,8.81537947721221,0.24566040626773772,-0.022148222919957217,6.5618378315979164e-06,0.025130354208915847
40.73333333333358,-0.19808919429550545,-0.5036658217115608,0.22175742108074523,-0.004103371798021244,0.00035711886257048587,0.002025817586570826,0.007624276628713612,-0.0035783871871032102,-0.0024078020334750328,0.0,0.0,0.0,-0.19820914610531262,-0.5036705377755292,0.22224392234403773,-0.005172548243804114,0.0009672201691643607,0.001532948476190133,0.014814194980088402,-0.006652815876639906,-0.003886293197523649,0.0,0.0,0.0,0.37977124433636555,0.384237885846873,2.355504319942067,0.35624001182565845,0.38851954416148365,2.352403150833114,-0.010521458844986665,-0.015771103450762398,-0.0018435666127089908,1.5160316861004897,2.395079924319581,1.6832712974748145,-1.181464570088213,-0.7346329300118675,0.5732636489569193,-0.006784427709556496,0.024370261810936367,-0.03504856356295972,0.10633921709658649,0.011442432960515857,-0.10693110238188973,0.010521165868893019,-0.017516510391644778,0.018522686678720843,-0.08656029840120168,-0.04090686553198502,0.07026154857084639,1.575065838549261,2.392126637804941,1.5180860496706106,-1.1614162295949166,-0.9236391599815941,1.0392371573601007,0.0,0.0,0.0,0.0,0.0,0.0,0.0,0.0,0.0,0.0,0.0,0.0,9.0,9.0,9.0,9.0,9.0,9.0,6.0,6.0,6.0,6.0,6.0,6.0,0.015296634220263172,40.68571877080031,8.813188519796737,0.2414519868608067,-0.0219150036904745,1.3006576186636032e-06,0.026260671273920302
40.766666666666914,-0.19821282810884844,-0.5036597117242164,0.2218213891858431,-0.0038405567509478106,0.00023978886006890282,0.0019400950693154628,0.008014667844611965,-0.0036061553923569544,-0.0022924530274566115,0.0,0.0,0.0,-0.19836909709759173,-0.5036437387611233,0.22229192288437383,-0.004778497731724081,0.0008246680978657668,0.001422712550264154,0.014582723635434558,-0.006673156944849268,-0.003494345314124292,0.0,0.0,0.0,0.376835859460334,0.3837762399721961,2.355138435181028,0.3540939468605817,0.3880768395061453,2.351854143936115,-0.010346620464480687,-0.015195725163710507,-0.0020120777693886736,1.515825156943624,2.3958576334804556,1.6821445804103998,-1.1780931531537369,-0.7343124992264369,0.5698632601317033,-0.006392059040497501,0.023677603821137486,-0.034217195809283375,0.10287474438838427,0.010222760028781128,-0.10365147729828268,0.011771060071769856,-0.02077973969396644,0.024941032610290244,-0.1039341812460663,-0.036590187952041844,0.09838875250821136,1.575065838549261,2.392126637804941,1.5180860496706106,-1.1614162295949166,-0.9236391599815941,1.0392371573601007,0.0,0.0,0.0,0.0,0.0,0.0,0.0,0.0,0.0,0.0,0.0,0.0,9.0,9.0,9.0,9.0,9.0,9.0,6.0,6.0,6.0,6.0,6.0,6.0,0.016638603012705477,40.70546163379718,8.81434900106099,0.23741070291142474,-0.021643005704816254,3.624100319177259e-06,0.02645902015724316
40.800000000000246,-0.19832773032623766,-0.5036585153541394,0.22188381587716946,-0.003578352802848478,0.00010260144347787456,0.0018817066271594994,0.007988897592795368,-0.0041950760331816465,-0.00150230626293513,0.0,0.0,0.0,-0.19851634330656792,-0.5036221128500811,0.22233704305889349,-0.004394037448104741,0.0006698968910876911,0.0013329000511077965,0.014037535415260205,-0.007177524604953689,-0.002516466552094254,0.0,0.0,0.0,0.37403097444599054,0.383338480199586,2.354774117383302,0.3521202015746678,0.3876246724376206,2.351336624498047,-0.01012941248526744,-0.014599909191341118,-0.0021613812094254756,1.5156322853211963,2.3966131702553626,1.6810475359419512,-1.1748522061677862,-0.734027856155455,0.5666063566751924,-0.005988118795387049,0.02300327010519026,-0.03334662130540262,0.09911052118181128,0.009100448095900049,-0.09968856156297828,0.012118207353313528,-0.02023001147841682,0.026117235116422676,-0.11292669619718973,-0.03366935798643236,0.11888747205913204,1.575065838549261,2.392126637804941,1.5180860496706106,-1.1614162295949166,-0.9236391599815941,1.0392371573601007,0.0,0.0,0.0,0.0,0.0,0.0,0.0,0.0,0.0,0.0,0.0,0.0,9.0,9.0,9.0,9.0,9.0,9.0,6.0,6.0,6.0,6.0,6.0,6.0,0.017484886512171727,40.73024830102038,8.814943731089429,0.2334741867603622,-0.021378004180816035,5.602366472456932e-06,0.018778012636934314
40.83333333333358,-0.19843495589615748,-0.5036624885413109,0.2219440985553909,-0.0033374476838274963,-4.6313929893934886e-05,0.0018204128333652431,0.007342175339034839,-0.004540574584860962,-0.0016181473867176728,0.0,0.0,0.0,-0.19865163372818248,-0.5036059212251607,0.22237934965660558,-0.0040304070740857555,0.0005066071399592196,0.001247842879599688,0.012965792489924688,-0.007501369527403767,-0.002295889351158653,0.0,0.0,0.0,0.3713641913091601,0.3829327193471331,2.3544111360625055,0.35031254579801124,0.3871714720334953,2.3508489250946427,-0.009874476355718267,-0.013993546421440892,-0.002292452540242418,1.5154512644901963,2.3973448367648604,1.6799805689125054,-1.171746167433508,-0.7337770436352699,0.56350576811427,-0.0056164562184631605,0.022301086891687433,-0.03245488102404971,0.09515761507950342,0.008049733102335923,-0.09524129173944292,0.011149877307716676,-0.021065496405084778,0.026752208440587334,-0.11858718306923573,-0.03152144980692377,0.13341809470606097,1.575065838549261,2.392126637804941,1.5180860496706106,-1.1614162295949166,-0.9236391599815941,1.0392371573601007,0.0,0.0,0.0,0.0,0.0,0.0,0.0,0.0,0.0,0.0,0.0,0.0,9.0,9.0,9.0,9.0,9.0,9.0,6.0,6.0,6.0,6.0,6.0,6.0,0.015537810746573122,40.750946100469875,8.814891870347909,0.22968799345800606,-0.021121535317985884,6.9037461922771826e-06,0.01406789524309587
40.86666666666691,-0.198535175119466,-0.5036701052415936,0.22200203572363494,-0.003117034966968833,-0.0001686486352944513,0.0017541393158770748,0.006719139518616084,-0.0037372617575120457,-0.0017934989963781197,0.0,0.0,0.0,-0.19877567183468067,-0.5035946326059717,0.22241892917492084,-0.003688090434809187,0.00035583302443377874,0.001165722803507087,0.01188539624360585,-0.0068221175171032655,-0.002164337542486905,0.0,0.0,0.0,0.368836859525051,0.3825610745129278,2.3540541209394785,0.348663163707147,0.38672271177595186,2.350391210791067,-0.009587821186484049,-0.013382280671331952,-0.0024085739182825514,1.5152812495173562,2.3980491919294242,1.6789504222630103,-1.1687818053983186,-0.7335543079898029,0.5605662749223482,-0.005272451529622064,0.021520798921838887,-0.031421226664582164,0.09100644573028653,0.007137957276783444,-0.09053696108491549,0.010320140665232881,-0.0234086390954564,0.0310096307840265,-0.12453508047650647,-0.027353274766574363,0.14112991963582266,1.575065838549261,2.392126637804941,1.5180860496706106,-1.1614162295949166,-0.9236391599815941,1.0392371573601007,0.0,0.0,0.0,0.0,0.0,0.0,0.0,0.0,0.0,0.0,0.0,0.0,9.0,9.0,9.0,9.0,9.0,9.0,6.0,6.0,6.0,6.0,6.0,6.0,0.013142125184467446,40.76963670881784,8.816376147923826,0.2262369793903492,-0.020880521047723644,7.488634100660807e-06,0.011051774949665315
40.90000000000024,-0.19862910753029758,-0.503680518757693,0.22205684150878352,-0.0029178367613330734,-0.0002652076332744953,0.0016704559748443775,0.006073284943598303,-0.0029582735093334604,-0.002339322878227303,0.0,0.0,0.0,-0.19888920392582046,-0.5035877809539457,0.22245558388769468,-0.0033682582499174668,0.0002190055046550998,0.0010789224935721085,0.010763472833363874,-0.006084542499923629,-0.0023966492267906148,0.0,0.0,0.0,0.3664522717107671,0.38222434551998125,2.353700988563985,0.34716556804850596,0.38628262847943684,2.3499612945910786,-0.009274770636177435,-0.012772150837066714,-0.00250880734948268,1.51512070922561,2.3987232748563665,1.677959910543179,-1.1659618157764784,-0.7333600637953616,0.5577919373741937,-0.004968289678131051,0.02065525817945897,-0.030283976618150427,0.08673527434690047,0.006264202981089257,-0.08566573799139654,0.009124855544730385,-0.025966222271397513,0.03411750139295214,-0.12813514150158195,-0.0262126288708256,0.14613669280556846,1.575065838549261,2.392126637804941,1.5180860496706106,-1.1614162295949166,-0.9236391599815941,1.0392371573601007,0.0,0.0,0.0,0.0,0.0,0.0,0.0,0.0,0.0,0.0,0.0,0.0,9.0,9.0,9.0,9.0,9.0,9.0,6.0,6.0,6.0,6.0,6.0,6.0,0.010095001355527877,40.786485496851846,8.81727383514984,0.22292076701948982,-0.02065602160434654,7.807886271637976e-06,0.00835273337592838
40.93333333333357,-0.19871646291166517,-0.5036930862410363,0.22210774565377175,-0.002719885900764235,-0.0003405646831125495,0.0015649417369180613,0.0060272026924938354,-0.0023180149227328317,-0.0030183961803118137,0.0,0.0,0.0,-0.19899256874955668,-0.5035849328720104,0.2224890307143774,-0.003060541747482512,9.54874466008984e-05,0.000984106476022373,0.010149328812467218,-0.0053875487741095185,-0.0027847221516914544,0.0,0.0,0.0,0.3641039663773939,0.3819765588659322,2.3533828917439465,0.34576687708351583,0.385877602467697,2.3495705487691527,-0.008904653783934551,-0.01213281329945497,-0.0026182190319857896,1.5149756052775387,2.3993848190629175,1.67698318621436,-1.1631600404558955,-0.7331433028885449,0.5551019311571926,-0.004558175520801248,0.020115970190841048,-0.029629145449097446,0.08494726452729132,0.006423285796696097,-0.08235537033715633,0.0123034247198941,-0.016178639658537674,0.0196449350715894,-0.05364029458827468,0.0047724844682052025,0.09931102962720646,1.575065838549261,2.392126637804941,1.5180860496706106,-1.1614162295949166,-0.9236391599815941,1.0392371573601007,0.0,0.0,0.0,0.0,0.0,0.0,0.0,0.0,0.0,0.0,0.0,0.0,9.0,9.0,9.0,9.0,9.0,9.0,6.0,6.0,6.0,6.0,6.0,6.0,0.018708010328274405,40.823779090069195,8.818141108030288,0.22037831929337381,-0.020375898850606866,8.521296734453898e-06,0.00830349673115403
40.9666666666669,-0.1987959308627723,-0.5037080452714839,0.22215354907633914,-0.0024961447484505637,-0.00041354206505735613,0.0014283262714725946,0.00679041284501314,-0.002239396862040178,-0.003970224895660131,0.0,0.0,0.0,-0.1990855613640714,-0.5035860160188406,0.22251871838666953,-0.0027493436447816374,-2.4153751647100488e-05,0.0008738501661124599,0.010285433972766711,-0.005148973620638486,-0.0035213432382170673,0.0,0.0,0.0,0.3618510834755051,0.3817835223658942,2.3530834273330594,0.3444731139684851,0.38550277831340674,2.3492142192551655,-0.008510883348280138,-0.011493897720352888,-0.0027187371114956588,1.5148452664036893,2.4000196543777244,1.6760371592490289,-1.1604461615935135,-0.732934257047661,0.5525388763091104,-0.004126169317251183,0.019402029693083845,-0.028796921122987065,0.08259333209007308,0.006322012083243118,-0.07871288707403008,0.012960186106501946,-0.021418214932716086,0.024966729783311426,-0.07061797311654709,-0.0030382114035893684,0.10927449789378749,1.575065838549261,2.392126637804941,1.5180860496706106,-1.1614162295949166,-0.9236391599815941,1.0392371573601007,0.0,0.0,0.0,0.0,0.0,0.0,0.0,0.0,0.0,0.0,0.0,0.0,9.0,9.0,9.0,9.0,9.0,9.0,6.0,6.0,6.0,6.0,6.0,6.0,0.018655826141042553,40.83456783700745,8.818025125684127,0.21704411484907116,-0.020184349094173548,8.18516433148675e-06,0.00641863112268962
41.000000000000234,-0.1988662619303093,-0.5037255061495531,0.22219387661218107,-0.002238816174709051,-0.0004879110872588186,0.001273872272347879,0.007787081565534861,-0.002273768287251848,-0.00452546362012879,0.0,0.0,0.0,-0.19916781987387458,-0.5035909787345738,0.2225443453114366,-0.0024282918978958314,-0.0001418553560284869,0.0007535098545572213,0.01072373098339563,-0.005006513685374969,-0.003994295515612478,0.0,0.0,0.0,0.3597007939586552,0.38163753176463283,2.352800898073474,0.3432809571312835,0.3851575493996902,2.3488902824417286,-0.008101579717354295,-0.010860873023187948,-0.0028089573151263815,1.5147315385456632,2.400624986863283,1.6751249680567986,-1.1578297569243678,-0.7327384471904685,0.5501060045329157,-0.0036499469329382933,0.018573992942198178,-0.027842797552268123,0.07985920407960456,0.006023534504931939,-0.07489506454856906,0.014286671529386683,-0.024841102526569993,0.028623707121568226,-0.08202384031405538,-0.008954327349335389,0.1145346757638307,1.575065838549261,2.392126637804941,1.5180860496706106,-1.1614162295949166,-0.9236391599815941,1.0392371573601007,0.0,0.0,0.0,0.0,0.0,0.0,0.0,0.0,0.0,0.0,0.0,0.0,9.0,9.0,9.0,9.0,9.0,9.0,6.0,6.0,6.0,6.0,6.0,6.0,0.02036545866577333,40.84805493215893,8.818159605976415,0.21385949978641422,-0.01999639692240418,7.799838488087296e-06,0.00497476449257128
41.033333333333566,-0.19891713307191916,-0.5037468577776135,0.2222231310611311,-0.0017638232778996758,-0.0005902526842603165,0.001002814429136046,0.014298339736687472,-0.003098953055534191,-0.0080484380134873,0.0,0.0,0.0,-0.19923496507335456,-0.5036003425285411,0.22256336443044647,-0.0019926040876391353,-0.0002727217551413699,0.0005658433791245851,0.016143453165160082,-0.005585497398591599,-0.0071856038194439975,0.0,0.0,0.0,0.3579127087659913,0.38149887494689155,2.3525279274503115,0.3422963671449042,0.38482739874527766,2.3485950263071493,-0.007738767222230744,-0.010337173527138208,-0.002878584346277605,1.514647136327544,2.4011333565682267,1.6743369329207267,-1.1556148650877236,-0.732625766142029,0.5480580419361412,-0.0029046933400308063,0.016358725079601948,-0.025041635238862825,0.07091757142608282,0.0042614658037676955,-0.06592427345167913,0.022357607787224617,-0.06645803587788686,0.08403486940215898,-0.26824897960565236,-0.0528620610349273,0.2691237329066981,1.575065838549261,2.392126637804941,1.5180860496706106,-1.1614162295949166,-0.9236391599815941,1.0392371573601007,0.0,0.0,0.0,0.0,0.0,0.0,0.0,0.0,0.0,0.0,0.0,0.0,9.0,9.0,9.0,9.0,9.0,9.0,6.0,6.0,6.0,6.0,6.0,6.0,0.024395916900430414,40.79961911121467,8.818716813345254,0.20961959080269604,-0.01991602170789486,1.1436206194759269e-05,0.02967675447535391
41.0666666666669,-0.19893164298075192,-0.5037730494739324,0.22223445160477107,-0.0008781879609574446,-0.0007209040338554307,0.0005572624379754408,0.02659009942913961,-0.003928994381160546,-0.01332953885567637,0.0,0.0,0.0,-0.19927858000662096,-0.5036145993442024,0.22257203355282923,-0.0013223924394211975,-0.00041822787260719084,0.0002714819801551287,0.027204273874785745,-0.006228745502209421,-0.012212577920140077,0.0,0.0,0.0,0.3568187426426461,0.38153761116851903,2.352391788653466,0.3416878879170588,0.38458311309029836,2.348382371509466,-0.007417666652896554,-0.010070939682705433,-0.0030178567732707536,1.5146306258812492,2.401448551590045,1.6738239830776749,-1.1541927362030602,-0.7325434936683859,0.5468588726420821,-0.0012984400392407607,0.011756808796236282,-0.01860620860732501,0.05208176816863019,0.003065938074117245,-0.04595814369840745,0.04818759902370137,-0.13805748850096997,0.19306279894613454,-0.565074097723579,-0.035865831889513505,0.5989838925981505,1.575065838549261,2.392126637804941,1.5180860496706106,-1.1614162295949166,-0.9236391599815941,1.0392371573601007,0.0,0.0,0.0,0.0,0.0,0.0,0.0,0.0,0.0,0.0,0.0,0.0,9.0,9.0,9.0,9.0,9.0,9.0,6.0,6.0,6.0,6.0,6.0,6.0,0.05247716756274334,40.710696759142856,8.82783930571793,0.2059984692816142,-0.0197514438623001,3.001351800713259e-05,0.08787542732547016
41.10000000000023,-0.19890702317075196,-0.5038026404137692,0.22222753377779517,0.0001997061623383975,-0.0008322498863878001,4.654122038361952e-05,0.03233778373564365,-0.003338512749023735,-0.0153284561326996,0.0,0.0,0.0,-0.19929475412311787,-0.5036332597217525,0.22256890403433524,-0.0005164125389387033,-0.0005532217276265209,-7.610241553594006e-05,0.033436419621304836,-0.005668587511904022,-0.014636392686508959,0.0,0.0,0.0,0.3564148747837616,0.38178549921768185,2.352436201719094,0.3415092207944335,0.38445857888350154,2.348285132384631,-0.007125092909813969,-0.01001989760667039,-0.003237227950972441,1.5146913716651238,2.4015623088250146,1.6736051168330985,-1.153576628703563,-0.7324527994493835,0.5465305493752273,0.0007821023310793913,0.006194080964811927,-0.010579394427304604,0.029682739379486282,0.002835863738088591,-0.02188584656989956,0.06241627110960456,-0.16688183494273068,0.24080442540061214,-0.6719708636743171,-0.00690223008085962,0.7221689138552367,1.575065838549261,2.392126637804941,1.5180860496706106,-1.1614162295949166,-0.9236391599815941,1.0392371573601007,0.0,0.0,0.0,0.0,0.0,0.0,0.0,0.0,0.0,0.0,0.0,0.0,9.0,9.0,9.0,9.0,9.0,9.0,6.0,6.0,6.0,6.0,6.0,6.0,0.07068988217921435,40.681815236945276,8.834597692397356,0.20436546060020266,-0.019608797106201337,3.78907292235553e-05,0.01979961166348259
41.13333333333356,-0.1988060838883513,-0.5038357765900697,0.2221865370357862,0.002085483440691475,-0.0009398751730050818,-0.0008043484737209765,0.05657032187437156,-0.0032371887115076555,-0.025562068787568067,0.0,0.0,0.0,-0.19926541393447186,-0.5036562823864766,0.222546258291516,0.0007767158737322794,-0.000685558187130471,-0.000630994552856001,0.05631936628139522,-0.00549007063094642,-0.024365645225076005,0.0,0.0,0.0,0.357124924388264,0.3823305806736642,2.352838283011504,0.3419771942882556,0.3845082259462097,2.348393942201111,-0.0069172192064931555,-0.0103441190147048,-0.0036257796204603385,1.5149052279221842,2.401321223717843,1.6739060728264854,-1.1543169993394922,-0.7323197706282846,0.5476035717349796,0.00453782591823279,-0.0027570084884933595,0.0024926550586324217,-0.004913166258752717,0.0036058643346743467,0.014165165005080992,0.11267170761460196,-0.2685326835991586,0.3921614845781108,-1.03787716914717,0.02310001789757267,1.0815303472494164,1.575065838549261,2.392126637804941,1.5180860496706106,-1.1614162295949166,-0.9236391599815941,1.0392371573601007,0.0,0.0,0.0,0.0,0.0,0.0,0.0,0.0,0.0,0.0,0.0,0.0,9.0,9.0,9.0,9.0,9.0,9.0,6.0,6.0,6.0,6.0,6.0,6.0,0.13639210757399356,40.53988271533424,8.846851329629002,0.20267248667741017,-0.019593019253183463,5.525540709694354e-05,0.1244272603972125
41.16666666666689,-0.19860101007445288,-0.5038701102889112,0.22209587203915598,0.00479670777468463,-0.0009983727466081334,-0.002085206265294988,0.08138209193649641,-0.0018427580216113684,-0.03837713498438845,0.0,0.0,0.0,-0.199172436110069,-0.5036826412384098,0.22249477815327387,0.002610297864903021,-0.000790949612521228,-0.0014573783901862909,0.08147289596169127,-0.004159016319329467,-0.03703617624140865,0.0,0.0,0.0,0.35898987942302624,0.38324623036501454,2.3537409112375567,0.3431889794253366,0.3847859956960089,2.3488015084596663,-0.0067747609059512414,-0.011008656411446183,-0.004237723960341398,1.5153341760087369,2.40065681618799,1.674816201774097,-1.1565042121528983,-0.7320677014829912,0.5501837150594866,0.010091570370461891,-0.014207153426556249,0.019033463971779605,-0.04538197835437309,0.006243337684093284,0.056324588158499,0.16661233356687305,-0.3435043481418867,0.49622426739441555,-1.2140643628686112,0.07912420048256812,1.2647826946025402,1.575065838549261,2.392126637804941,1.5180860496706106,-1.1614162295949166,-0.9236391599815941,1.0392371573601007,0.0,0.0,0.0,0.0,0.0,0.0,0.0,0.0,0.0,0.0,0.0,0.0,9.0,9.0,9.0,9.0,9.0,9.0,6.0,6.0,6.0,6.0,6.0,6.0,0.21668947956788198,40.42772269448056,8.854925209949869,0.20371342350968924,-0.019630712219232294,6.604859877379354e-05,0.06658232293668728
41.20000000000022,-0.19826901516621126,-0.5039022051653389,0.22193966988426075,0.008238379072608925,-0.00096978254911378,-0.003833627635042112,0.10346419281476978,0.0005650115094090725,-0.052099282227370765,0.0,0.0,0.0,-0.19899841204891477,-0.5037106178787676,0.22240402119881805,0.00497360879835324,-0.0008479052075635938,-0.0025937594280164237,0.10582859484187956,-0.0018221432852740804,-0.0513934233308917,0.0,0.0,0.0,0.362345916939001,0.3847336649825429,2.3551160404730354,0.34534969989292313,0.38540423838000637,2.349535024164105,-0.006663821759215965,-0.012133055332409486,-0.00503933352561016,1.5160124989784456,2.39947668743947,1.6764454543955414,-1.16041549725333,-0.7317870641783518,0.5547020050305338,0.016930316184324133,-0.028338292779248285,0.038929540419476924,-0.09335302812675929,0.007693858654150738,0.10914066214044287,0.20516237441586727,-0.42393418058076116,0.5968822934309196,-1.439131493171586,0.04351562910172366,1.584482219458316,1.575065838549261,2.392126637804941,1.5180860496706106,-1.1614162295949166,-0.9236391599815941,1.0392371573601007,0.0,0.0,0.0,0.0,0.0,0.0,0.0,0.0,0.0,0.0,0.0,0.0,9.0,9.0,9.0,9.0,9.0,9.0,6.0,6.0,6.0,6.0,6.0,6.0,0.2666578716219643,40.28422480473634,8.856633772713153,0.205432759310338,-0.019982473997316674,8.892376142910496e-05,0.11071212102069161
41.233333333333555,-0.19783551620151354,-0.5039296065799395,0.22172807367706376,0.011414798706054203,-0.0008617966941803575,-0.005537384459227891,0.09577772324444538,0.002653848596221291,-0.05019230601541699,0.0,0.0,0.0,-0.19874596245128234,-0.5037386534544807,0.2222738976948851,0.007347185445727457,-0.0008573744488778171,-0.0037781663120040935,0.1051937223958106,0.000441127720790746,-0.05312226375695772,0.0,0.0,0.0,0.3667981149566035,0.38665506498958185,2.3567827184633834,0.3483793860610132,0.3863487794109046,2.3505407091183463,-0.006550518359312595,-0.013450923829958297,-0.005886593595911606,1.5168828235039196,2.397909603388436,1.6785960890007587,-1.1655490310115277,-0.7315517501095719,0.5606293405396212,0.023049929237589313,-0.04078777861376534,0.05598920557750704,-0.13378835120620797,0.007270900926983441,0.15492693089522905,0.18358839159795537,-0.3734845750355117,0.5117899547409035,-1.2130596923834602,-0.012688731815018922,1.3735880626435857,1.575065838549261,2.392126637804941,1.5180860496706106,-1.1614162295949166,-0.9236391599815941,1.0392371573601007,0.0,0.0,0.0,0.0,0.0,0.0,0.0,0.0,0.0,0.0,0.0,0.0,9.0,9.0,9.0,9.0,9.0,9.0,6.0,6.0,6.0,6.0,6.0,6.0,0.23951122580719364,40.31807890528979,8.847048638556618,0.21060796084099115,-0.020400473155563148,7.95286228530423e-05,0.013845601747990838
41.266666666666886,-0.1972715774934427,-0.5039467114049223,0.22143706141724978,0.015080791503921092,-0.0006123452783593534,-0.007705772669262724,0.11091305149276853,0.006564348695325928,-0.06326854309774337,0.0,0.0,0.0,-0.1983994587480635,-0.5037637781166052,0.22209213031630612,0.010125626365187622,-0.0007830424675764249,-0.005286722801774495,0.12336591565469801,0.004405450862712712,-0.06798103262212907,0.0,0.0,0.0,0.37240552989739245,0.3893102558838735,2.358632423150937,0.35232162697150116,0.38776405826374355,2.3517712744562296,-0.006320239474402473,-0.015018037926756898,-0.006756311783994174,1.5179887928885187,2.395921337232434,1.6812576145383902,-1.1717497289462258,-0.7314762312297957,0.5681087516883165,0.02980269743784547,-0.05336124932462849,0.0718935792784611,-0.16861007576269657,0.003934011237852194,0.2012305332723168,0.20258304600768473,-0.37720412132589437,0.4771312110286215,-1.0446517366946584,-0.10010669067393739,1.3891080713126323,1.575065838549261,2.392126637804941,1.5180860496706106,-1.1614162295949166,-0.9236391599815941,1.0392371573601007,0.0,0.0,0.0,0.0,0.0,0.0,0.0,0.0,0.0,0.0,0.0,0.0,9.0,9.0,9.0,9.0,9.0,9.0,6.0,6.0,6.0,6.0,6.0,6.0,0.27457245824714294,40.2539507805284,8.832197619554613,0.2170007351567268,-0.021073176457762965,9.488804046270394e-05,0.06605094984580895
41.30000000000022,-0.19657712358739282,-0.50395044045305,0.22105532032109956,0.01891079772495587,-0.00025092577920541204,-0.01025446279219865,0.11647104726141343,0.009510928422399955,-0.07361368311211912,0.0,0.0,0.0,-0.1979517575795048,-0.5037836184850709,0.22184918706851206,0.013148081342867494,-0.0006349617992129977,-0.007089369089683831,0.1336903290475151,0.007844789606293645,-0.0812443026467018,0.0,0.0,0.0,0.37904962996113745,0.3926053639918355,2.3607039834869576,0.35716003872112384,0.38966303155007953,2.353235653290042,-0.006023748112893507,-0.01672797530299078,-0.007658484625343977,1.5193339226573437,2.3935006878722946,1.6844226430664577,-1.1789284850178754,-0.7315298125044981,0.5769799734574294,0.03683682785578255,-0.06620007031099179,0.08726509698750445,-0.19977848002055978,0.00023971158523613915,0.24450127980636205,0.21102391253811245,-0.38516462959089903,0.46114553127130054,-0.9350521277358965,-0.11082898957848164,1.2981223960213577,1.575065838549261,2.392126637804941,1.5180860496706106,-1.1614162295949166,-0.9236391599815941,1.0392371573601007,0.0,0.0,0.0,0.0,0.0,0.0,0.0,0.0,0.0,0.0,0.0,0.0,9.0,9.0,9.0,9.0,9.0,9.0,6.0,6.0,6.0,6.0,6.0,6.0,0.28629398478228163,40.17421684779227,8.824571335718137,0.22472420519544017,-0.02160177574099631,9.172648680427775e-05,0.04355835468550606
41.33333333333355,-0.1957950141870537,-0.503943561578945,0.22060469766094318,0.021938332027460327,9.235726073620235e-05,-0.012493797455483338,0.09307332479640357,0.008488848494343237,-0.0633484601270935,0.0,0.0,0.0,-0.1974156184219762,-0.5037982492222701,0.22154981649990502,0.015876167552042728,-0.00047792424119442144,-0.008812438597670273,0.11829947052913692,0.008161590154838194,-0.07658404037872213,0.0,0.0,0.0,0.38650526228219284,0.3962774302329774,2.363014335874248,0.3628164349702389,0.3919596929935884,2.354944521385473,-0.005741345328525154,-0.018421449163232212,-0.008563924059138627,1.52084393518041,2.390735342192377,1.688003115286678,-1.1869744540840819,-0.7316344287545745,0.5869125031236359,0.042479193079921165,-0.07737360370201533,0.10069781006690338,-0.22751220799765026,-0.0020124211397829312,0.2801510199262488,0.16927095672415832,-0.3352060017307065,0.4029813923819679,-0.8320118393127145,-0.06756398175057211,1.0694922035966035,1.575065838549261,2.392126637804941,1.5180860496706106,-1.1614162295949166,-0.9236391599815941,1.0392371573601007,0.0,0.0,0.0,0.0,0.0,0.0,0.0,0.0,0.0,0.0,0.0,0.0,9.0,9.0,9.0,9.0,9.0,9.0,6.0,6.0,6.0,6.0,6.0,6.0,0.21731479392178343,40.17696911856152,8.8268922150156,0.23345501425885734,-0.021957437311242334,7.031080154640268e-05,0.05028743291292043
41.36666666666688,-0.19492301308631862,-0.5039257732504092,0.22006637140862073,0.02474270115159501,0.00043917566991261777,-0.015007342720723692,0.08717002528840648,0.008021955541129142,-0.07057572509678897,0.0,0.0,0.0,-0.19679049393741327,-0.5038071203176755,0.22118498247692894,0.018574025901001653,-0.0003054037417820047,-0.010756800397404736,0.11568855433527725,0.008787381485877432,-0.08631355521711814,0.0,0.0,0.0,0.39462793312836925,0.40045991381405754,2.365782670713119,0.3692231682343209,0.39470190435119773,2.3569984084562643,-0.005417983106942377,-0.020067471442566424,-0.009607581574291714,1.5225467471744403,2.3875920633473107,1.6920256028321108,-1.1957901872317938,-0.7315740035339998,0.5978840308530254,0.04821597090724804,-0.08865677813533135,0.11401568759762587,-0.2521520656201197,0.0005376973648984831,0.3128142278965418,0.1721033348198061,-0.33849523299948026,0.3995363259216744,-0.739195728674084,0.07650355514044244,0.9798962391087904,1.575065838549261,2.392126637804941,1.5180860496706106,-1.1614162295949166,-0.9236391599815941,1.0392371573601007,0.0,0.0,0.0,0.0,0.0,0.0,0.0,0.0,0.0,0.0,0.0,0.0,9.0,9.0,9.0,9.0,9.0,9.0,6.0,6.0,6.0,6.0,6.0,6.0,0.21709837333871507,40.08978374341352,8.829602545196165,0.24397554114031456,-0.022197501957577526,6.733024271121657e-05,0.15334595953713015
41.40000000000021,-0.19398054582332086,-0.5038975844151395,0.21944952690891256,0.02708456038156771,0.0007744106777991418,-0.017404877992178054,0.07403532582189097,0.007438525216487574,-0.06602199932931414,0.0,0.0,0.0,-0.19608330397363416,-0.5038099555857579,0.22075450219470377,0.021087893329663553,-0.0001235121556042537,-0.0127382273086169,0.10581569579059913,0.009117155017063894,-0.08717731645162496,0.0,0.0,0.0,0.4028643073005844,0.4053442050917382,2.3683306575229017,0.3761260272358989,0.39799506319153377,2.3591380060683664,-0.0048165726066664765,-0.021475361462814188,-0.010404372390726417,1.5243602746684712,2.3843311699026604,1.6960157536220601,-1.204192770918589,-0.7317659500592085,0.609165883314245,0.05234254018303531,-0.09477012827145179,0.11780824499819467,-0.25210236227594,-0.003659698049209171,0.3299084585232386,0.12379707827361812,-0.18340050408361336,0.11377672201706389,0.0014911003253905864,-0.1259218624232296,0.5128269188009037,1.575065838549261,2.392126637804941,1.5180860496706106,-1.1614162295949166,-0.9236391599815941,1.0392371573601007,0.0,0.0,0.0,0.0,0.0,0.0,0.0,0.0,0.0,0.0,0.0,0.0,9.0,9.0,9.0,9.0,9.0,9.0,6.0,6.0,6.0,6.0,6.0,6.0,0.1734104740021345,40.20309341267142,8.78704129122545,0.2553540686519428,-0.02327897346673158,6.476218360207397e-05,0.20814705696750377
41.43333333333354,-0.1929906328489834,-0.5038675776617472,0.21877412326927537,0.028812807159240297,0.0009304779493273475,-0.01935827376901869,0.05621767088520814,0.0021154103884172826,-0.0520307266363685,0.0,0.0,0.0,-0.1953047429857372,-0.5038097559898406,0.22026518294441935,0.02329745532183005,-1.7865185072373895e-05,-0.014548692713967946,0.09035771694083827,0.005371386616960905,-0.07815021664632482,0.0,0.0,0.0,0.4110786429188932,0.4108860659644748,2.3705919572798915,0.38339513573543593,0.4018604672857491,2.361270062345679,-0.003986532331982714,-0.022623178086996536,-0.01096499424131537,1.5262411435132808,2.3810431629350317,1.6998610215529748,-1.2120094747333665,-0.732206203793918,0.6205801255008526,0.05506489029053813,-0.09735018210972077,0.11617477361769167,-0.24036819705420182,-0.010024974043923588,0.33825432990656595,0.08167050322508462,-0.07740161514806929,-0.0490041414150902,0.3520249566521461,-0.19095827984143252,0.2503761414998209,1.575065838549261,2.392126637804941,1.5180860496706106,-1.1614162295949166,-0.9236391599815941,1.0392371573601007,0.0,0.0,0.0,0.0,0.0,0.0,0.0,0.0,0.0,0.0,0.0,0.0,9.0,9.0,9.0,9.0,9.0,9.0,6.0,6.0,6.0,6.0,6.0,6.0,0.12542618107815517,40.25886145733848,8.770328457156204,0.26536491671282825,-0.023979044918255088,5.824781477303809e-05,0.07436388936836151
41.466666666666875,-0.19198624574880438,-0.5038414022025348,0.21806880823022665,0.02967815506458879,0.0009095096853372356,-0.020594080395996094,0.030647828917585915,-0.0030500790033265554,-0.030280499853948737,0.0,0.0,0.0,-0.19447186869972796,-0.5038092118493069,0.219730005264724,0.025020488274116938,6.882261853522074e-06,-0.01599781750819125,0.06643224519715485,0.001451017318029102,-0.060189385398966344,0.0,0.0,0.0,0.41911718500625716,0.41676521627044644,2.372672619232256,0.3909067410201672,0.40618239395851113,2.3633935970706523,-0.003082168274423657,-0.023430993797937727,-0.011344191835324521,1.5281394747937305,2.3777918144746626,1.7035376355603171,-1.2193023784112271,-0.7327656335682684,0.6318754417867486,0.056321589039173746,-0.0974770299106154,0.11225720468607671,-0.22598080590861186,-0.01453025350164859,0.3386577690201064,0.037700962459068524,-0.0038054340268388583,-0.11752706794844875,0.43162173436769885,-0.13515838373175007,0.012103173406214307,1.575065838549261,2.392126637804941,1.5180860496706106,-1.1614162295949166,-0.9236391599815941,1.0392371573601007,0.0,0.0,0.0,0.0,0.0,0.0,0.0,0.0,0.0,0.0,0.0,0.0,9.0,9.0,9.0,9.0,9.0,9.0,6.0,6.0,6.0,6.0,6.0,6.0,0.06241032957494452,40.28304584557115,8.779027092908992,0.27483103470207715,-0.024350337430462776,3.423197250651544e-05,0.08005103904640747
41.500000000000206,-0.190980003477282,-0.503829586821432,0.21734857110210773,0.03000438141229344,0.0006164045619185074,-0.021296018942613373,0.014666898274761746,-0.011032074300477998,-0.014162112167719308,0.0,0.0,0.0,-0.1935959090476525,-0.5038134841073652,0.2191584871682694,0.026380797273150045,-0.00011379386015569751,-0.017146966409628917,0.048697993002711826,-0.005491668505916536,-0.04537754417005457,0.0,0.0,0.0,0.42708676710848403,0.4232190228894811,2.374658630520656,0.39864699989667807,0.41104107452363303,2.3655266455931727,-0.002046666445603991,-0.02403197321969202,-0.011643270008892417,1.5300435602200877,2.37460088276058,1.7070505231327575,-1.226181317032277,-0.7333314866508849,0.6433162081459245,0.05685557154020198,-0.09631097758519509,0.1076768196774995,-0.21290570772386633,-0.016160479486212565,0.3417012501902202,0.01601947503084708,0.03498156976260913,-0.13741155025731663,0.39225294554236617,-0.048906779536919284,0.09130443510341296,1.575065838549261,2.392126637804941,1.5180860496706106,-1.1614162295949166,-0.9236391599815941,1.0392371573601007,0.0,0.0,0.0,0.0,0.0,0.0,0.0,0.0,0.0,0.0,0.0,0.0,9.0,9.0,9.0,9.0,9.0,9.0,6.0,6.0,6.0,6.0,6.0,6.0,0.03198944038680329,40.258087935147934,8.79024901767036,0.28320960676702195,-0.024624324858687707,4.2219816900945784e-05,0.19916865199933104
41.53333333333354,-0.18998603617979293,-0.5038378529181375,0.21662471060318694,0.02986948634720671,0.00011347013193336339,-0.021582222095063587,0.0007981055811849234,-0.016691075638352416,-0.0017762984964217318,0.0,0.0,0.0,-0.19268833310538264,-0.5038265799508554,0.21855852643177806,0.027390656503588514,-0.0003596036956964063,-0.018047236781196185,0.031768166577239576,-0.011385903400912056,-0.033184063415279574,0.0,0.0,0.0,0.43443287510503176,0.43063893448519147,2.3760779987949627,0.4063427166235078,0.4166293182162379,2.3674607581139355,-0.0006027549126867947,-0.0242837274517843,-0.011654092119648936,1.531904878016238,2.3717093776940503,1.709982252313625,-1.2315173594994306,-0.7340997873501827,0.6543323444220805,0.056178213103076025,-0.089933760525654,0.09452685684318356,-0.1776894185843606,-0.020752840481359613,0.33422314225319655,-0.020320753113778657,0.19131651178623316,-0.39449888502947805,1.0564886741851713,-0.13777082985441147,-0.2243432381107091,1.575065838549261,2.392126637804941,1.5180860496706106,-1.1614162295949166,-0.9236391599815941,1.0392371573601007,0.0,0.0,0.0,0.0,0.0,0.0,0.0,0.0,0.0,0.0,0.0,0.0,9.0,9.0,9.0,9.0,9.0,9.0,6.0,6.0,6.0,6.0,6.0,6.0,0.015577656558131814,40.39040518868161,8.761186345612787,0.2929435125872396,-0.025288370421619355,5.489619352161412e-05,0.2634150999450127
41.56666666666687,-0.18902228152988018,-0.5038643977225397,0.215910059195981,0.029221947452949315,-0.00042395661979323634,-0.021482532182803382,-0.014824821966537229,-0.017209701877753333,0.009323991834240757,0.0,0.0,0.0,-0.19176274411555821,-0.5038491111644454,0.21793907875519614,0.02799684264775967,-0.0006397314704195764,-0.0186789568672857,0.012512077657413911,-0.01288989122074291,-0.02020652865887973,0.0,0.0,0.0,0.4410982640110365,0.43861857808217564,2.377333421806911,0.4138717779129671,0.4228323037378575,2.369297411262922,0.0009631190116975771,-0.024148681603333614,-0.011595815762165089,1.5337229897864684,2.369060294291043,1.7125054800715662,-1.2357365175447423,-0.7347450167193742,0.6648479726679876,0.055088306438964084,-0.082959588235364,0.08197350743988846,-0.14361296710102436,-0.01982220087761769,0.3217202790025384,-0.03269719992335821,0.20922516870869953,-0.37660048209885294,1.022293544500087,0.027919188112257756,-0.3750858975197447,1.575065838549261,2.392126637804941,1.5180860496706106,-1.1614162295949166,-0.9236391599815941,1.0392371573601007,0.0,0.0,0.0,0.0,0.0,0.0,0.0,0.0,0.0,0.0,0.0,0.0,9.0,9.0,9.0,9.0,9.0,9.0,6.0,6.0,6.0,6.0,6.0,6.0,-0.0035900029328321814,40.35350315566372,8.785695947732124,0.3008278213704545,-0.02529505005010213,3.464590366425435e-05,0.1010533367754652
41.6000000000002,-0.18810054630999196,-0.503914817886579,0.21520604177812638,0.028167813161675576,-0.0010864683534783635,-0.02122841756133232,-0.027346535558079095,-0.020381504656873453,0.013321063276795303,0.0,0.0,0.0,-0.1908311768714936,-0.5038843105656347,0.21730439965587425,0.028232126318231625,-0.0010084333448818765,-0.019160786392600007,-0.0049548353331458905,-0.016960369605516945,-0.013033605144852967,0.0,0.0,0.0,0.4469711107837972,0.4473653456322856,2.3783194225173476,0.42110714913211167,0.4297293261096344,2.370993682107689,0.0027482135454988763,-0.023675632013421523,-0.011440003944769284,1.5354746851501215,2.3667138553731952,1.7145091346547878,-1.2385603233835525,-0.7352690176634404,0.6748207748515486,0.053396676086050934,-0.07458197443540396,0.06739759414439445,-0.10434710580987819,-0.017087419173865852,0.3066961366720653,-0.050748910587394475,0.25132841399880157,-0.43727739886482053,1.1779758387343855,0.08204345111255512,-0.45072426991419406,1.575065838549261,2.392126637804941,1.5180860496706106,-1.1614162295949166,-0.9236391599815941,1.0392371573601007,0.0,0.0,0.0,0.0,0.0,0.0,0.0,0.0,0.0,0.0,0.0,0.0,9.0,9.0,9.0,9.0,9.0,9.0,6.0,6.0,6.0,6.0,6.0,6.0,-0.021951462190147986,40.341948955388176,8.787069859983612,0.30683458512319023,-0.025451140984557696,3.7350982699468904e-05,0.09330968314292282
41.63333333333353,-0.18723218413207796,-0.503990757146889,0.2145172094719695,0.02675159894548811,-0.0018253328235958194,-0.02083644108674872,-0.03859884778769624,-0.02201027615947386,0.01666439436530113,0.0,0.0,0.0,-0.18990549818165772,-0.5039342402777692,0.21665921563599905,0.028105831631960475,-0.0014434786678694644,-0.01949821786694254,-0.021774180601955795,-0.019927564190791003,-0.006208103353188221,0.0,0.0,0.0,0.45206769696056015,0.45654283828523007,2.3788603269423074,0.4279774758340344,0.4372036457497774,2.3724505923718247,0.004598745987171085,-0.022866344005908746,-0.011060001350678039,1.5371191569154816,2.364689138574809,1.7159494165723568,-1.2400093299662944,-0.7358408206809113,0.6840583506301633,0.05068832733588255,-0.06535499411286827,0.051271503066176616,-0.06376250025813099,-0.01713186674070358,0.28698356112965084,-0.0812504625050515,0.27680940967607065,-0.483782732346535,1.2175381665524159,-0.001333427005131907,-0.5913772662724331,1.575065838549261,2.392126637804941,1.5180860496706106,-1.1614162295949166,-0.9236391599815941,1.0392371573601007,0.0,0.0,0.0,0.0,0.0,0.0,0.0,0.0,0.0,0.0,0.0,0.0,9.0,9.0,9.0,9.0,9.0,9.0,6.0,6.0,6.0,6.0,6.0,6.0,-0.06625626244000182,40.304857246544785,8.783989931023768,0.30984175678638326,-0.025840822684378484,1.946788353218709e-05,0.03306807384187082
41.66666666666686,-0.1864232177113288,-0.5040862187845119,0.213853625420411,0.025093968405790677,-0.002469931133697235,-0.020202395275382947,-0.04626832423102498,-0.018593242365200848,0.023116393399333943,0.0,0.0,0.0,-0.18899542544403433,-0.5039975402707582,0.2160106061824973,0.027675010548076584,-0.0018530934596827351,-0.01963129294393566,-0.03568668214915993,-0.018496326212737557,0.003390292759555713,0.0,0.0,0.0,0.45647314432785535,0.4658847151012409,2.3789711507828284,0.434457529243132,0.4451183348845746,2.3736317364720514,0.006385798077090824,-0.021763871559675022,-0.010472319865035952,1.5386408789309516,2.3629644088082493,1.7168980169627703,-1.2403219318762302,-0.7364872576346977,0.6925395337956081,0.04733054942135972,-0.05627959336881333,0.03606250883033031,-0.027506204951428637,-0.01863936132263012,0.26528485035211324,-0.10073333743568494,0.2722620223216483,-0.45626982707538916,1.0876888592010705,-0.04522483745779615,-0.6509613233261288,1.575065838549261,2.392126637804941,1.5180860496706106,-1.1614162295949166,-0.9236391599815941,1.0392371573601007,0.0,0.0,0.0,0.0,0.0,0.0,0.0,0.0,0.0,0.0,0.0,0.0,9.0,9.0,9.0,9.0,9.0,9.0,6.0,6.0,6.0,6.0,6.0,6.0,-0.10196985579244844,40.247624952580736,8.801155248158677,0.31191609240775675,-0.026111339434554015,3.275762396337534e-07,0.025283327590002968
41.700000000000195,-0.18568001170318418,-0.5042005780219142,0.21321272154415435,0.023228450527098297,-0.0030700809712103207,-0.019542358073869493,-0.05287100928940935,-0.016723143732239768,0.02314335190724238,0.0,0.0,0.0,-0.18811036625473584,-0.5040742747979661,0.21536095380657325,0.026956229109229235,-0.002260479196595514,-0.019672580427564607,-0.048657277280063305,-0.01819060799040706,0.0075206446315290165,0.0,0.0,0.0,0.4603374858221822,0.47531203874480554,2.378620402641345,0.44056700892455336,0.45339653087801346,2.3744937576563974,0.008070739885718672,-0.020461809208172994,-0.009687644905168968,1.5400214662903404,2.3615082596619787,1.7173962596651788,-1.239673007345797,-0.7372590961581446,0.7003795333428295,0.04338859699490062,-0.04788284738168286,0.021985690324947113,0.0038097556248537293,-0.02164989090981502,0.24522827439513323,-0.11825857279377286,0.25190237961391404,-0.42230455516149595,0.939478817288471,-0.09031588761554693,-0.6016972787094004,1.575065838549261,2.392126637804941,1.5180860496706106,-1.1614162295949166,-0.9236391599815941,1.0392371573601007,0.0,0.0,0.0,0.0,0.0,0.0,0.0,0.0,0.0,0.0,0.0,0.0,9.0,9.0,9.0,9.0,9.0,9.0,6.0,6.0,6.0,6.0,6.0,6.0,-0.1379898231237644,40.16912546358872,8.813954823795592,0.3122704236115285,-0.026276600375750636,-7.0457525895295525e-06,0.0444098897628786
41.733333333333526,-0.1850114613838648,-0.5043337957500251,0.21258665591556866,0.021115683752168275,-0.00365369093035158,-0.019032015226831008,-0.06051669660604186,-0.0157241590040644,0.018015115952697936,0.0,0.0,0.0,-0.1872605902254302,-0.5041648846120871,0.21470934590099502,0.025929745278939324,-0.002678816674526387,-0.019723990437690086,-0.06242797279806034,-0.018519769659778973,0.006757382515345078,0.0,0.0,0.0,0.463930338327666,0.4847789258719066,2.3777658138955764,0.44639642786006584,0.46198249408047076,2.374989118787986,0.009611061043627973,-0.01909195219855897,-0.008713845323030905,1.5412348713769704,2.3602626049002913,1.7175115209875607,-1.2383423723748201,-0.7382323944583549,0.7078300081307973,0.03873096739756776,-0.04087404436097213,0.009633789889285106,0.027882617961155858,-0.026682596307476568,0.23075225389106754,-0.1397288879199857,0.21026409062132176,-0.3705570130698602,0.7221858700890639,-0.15098116192984642,-0.4342806151219708,1.575065838549261,2.392126637804941,1.5180860496706106,-1.1614162295949166,-0.9236391599815941,1.0392371573601007,0.0,0.0,0.0,0.0,0.0,0.0,0.0,0.0,0.0,0.0,0.0,0.0,9.0,9.0,9.0,9.0,9.0,9.0,6.0,6.0,6.0,6.0,6.0,6.0,-0.18706118457807897,40.05959373719633,8.824306153898416,0.31084628391353897,-0.026381010625723622,-5.962601325903982e-06,0.06838306708336415
41.76666666666686,-0.18442866174959938,-0.5044879640259344,0.21196022544208576,0.018699786966177117,-0.004273069414814391,-0.018874109206328704,-0.06945269077433414,-0.01624210659423817,0.007088646586583933,0.0,0.0,0.0,-0.1864574404607619,-0.5042707839009496,0.2140505388672035,0.024564963994652612,-0.003135224059995926,-0.019912591956409695,-0.07750851862463115,-0.020139312810394827,-3.7610914400243445e-05,0.0,0.0,0.0,0.4681621839118454,0.4940588661115615,2.3759846565345826,0.4523383636257182,0.470749868654446,2.3749029857411164,0.01085233799167718,-0.01799997977592109,-0.007328379940297377,1.5421998305485884,2.3590958967310693,1.7173589606152835,-1.237077890864623,-0.7399518250041458,0.7155685302506122,0.032209505898219644,-0.03695884483809583,0.00016005585088483404,0.03458383619099467,-0.04328280968497757,0.23168786035998573,-0.19564384498044346,0.11745598568628898,-0.28421202115200817,0.2010365468951645,-0.49800640132503016,0.028068194067545613,1.575065838549261,2.392126637804941,1.5180860496706106,-1.1614162295949166,-0.9236391599815941,1.0392371573601007,0.0,0.0,0.0,0.0,0.0,0.0,0.0,0.0,0.0,0.0,0.0,0.0,9.0,9.0,9.0,9.0,9.0,9.0,6.0,6.0,6.0,6.0,6.0,6.0,-0.310133319807135,39.847079768250566,8.816768406971033,0.30442937713565427,-0.027053152753729215,1.9307758710174205e-06,0.35726943196935684
41.80000000000019,-0.18393047376831756,-0.504657325562621,0.21133682874282328,0.01620591130457662,-0.004790114778496955,-0.018760709437146316,-0.07142497758101246,-0.012911380593081747,0.005597213591940175,0.0,0.0,0.0,-0.18570709434156024,-0.5043901826768512,0.2133857721982742,0.022990956675633827,-0.0035508975775023002,-0.02008962717469647,-0.0862886645850307,-0.01799366510483935,0.0003321137760221582,0.0,0.0,0.0,0.4734894760833315,0.5029120276522979,2.373499434767388,0.45869457296706523,0.47954001474579344,2.3742514679419773,0.01164764710255842,-0.017273835863231526,-0.005701620371123111,1.5429224430863742,2.357873066663116,1.7171975881827326,-1.2366558386068498,-0.7423733023787032,0.724030299976039,0.025188752721787267,-0.036776216305094735,-0.0031740967007223724,0.019968990552462026,-0.06285715071947486,0.2464646812951974,-0.21062259529297134,0.005478855990032947,-0.1000245765482162,-0.4384453691559794,-0.5872302310349184,0.44330462805635074,1.575065838549261,2.392126637804941,1.5180860496706106,-1.1614162295949166,-0.9236391599815941,1.0392371573601007,0.0,0.0,0.0,0.0,0.0,0.0,0.0,0.0,0.0,0.0,0.0,0.0,9.0,9.0,9.0,9.0,9.0,9.0,6.0,6.0,6.0,6.0,6.0,6.0,-0.3715309776810094,39.65222378250903,8.850715202339893,0.30109279456264704,-0.02723198200239141,1.035667367199622e-06,0.11323837908308262
41.83333333333352,-0.18353420590367903,-0.5048418691878886,0.2106845299766824,0.013342139334387495,-0.005279559760211505,-0.019296193022378172,-0.081491989014161,-0.012175592462121554,-0.013874605489227861,0.0,0.0,0.0,-0.18502232126884047,-0.504523043940641,0.21270238623885246,0.021056542608195318,-0.0039594654017436485,-0.020592274348150842,-0.10218214394010694,-0.01747789655036236,-0.01534333777481578,0.0,0.0,0.0,0.4814341272635413,0.5111738984449974,2.3702062989718105,0.46623293682986533,0.4882121981627491,2.372957114554619,0.011780037911223267,-0.017451514352555278,-0.0038009112630211462,1.54332395821239,2.356266881040329,1.7174453929164746,-1.2386922766524282,-0.7458999839948279,0.7346595865093153,0.01642655342758097,-0.044382451224111205,0.003898062441267226,-0.03407243072741257,-0.0914860158956523,0.29474062443059246,-0.2628659788261889,-0.22818704757049418,0.21216477425968797,-1.621242638396238,-0.8588659552853235,1.4482782940618506,1.575065838549261,2.392126637804941,1.5180860496706106,-1.1614162295949166,-0.9236391599815941,1.0392371573601007,0.0,0.0,0.0,0.0,0.0,0.0,0.0,0.0,0.0,0.0,0.0,0.0,9.0,9.0,9.0,9.0,9.0,9.0,6.0,6.0,6.0,6.0,6.0,6.0,-0.5342586735956689,39.23265955654421,8.87438318006538,0.29373502177502414,-0.02778033519877887,2.5141882204371413e-05,0.7345745633827621
41.86666666666685,-0.18325211046423187,-0.5050332230155213,0.20997909893777258,0.010109776327808871,-0.005600012525562924,-0.020542775595813915,-0.09111382193216354,-0.007438738386682046,-0.035536621422233294,0.0,0.0,0.0,-0.18441477140898394,-0.5046661386125012,0.21198751462919613,0.018768299582367767,-0.004283417268599439,-0.021475828003279025,-0.11759920056411532,-0.01328357373579614,-0.03345998503643255,0.0,0.0,0.0,0.4921808182507386,0.5189475848497468,2.366464480058637,0.47530187758100756,0.49673462249339,2.3711361024764708,0.011320568156159783,-0.018454899372373067,-0.0018927661711409575,1.543408706102621,2.354140377540963,1.7183002285102726,-1.2435678390667235,-0.7502590681254161,0.7478055299395016,0.007170475613813284,-0.057324220395355535,0.018396066023051525,-0.10886872519504301,-0.11767702124364644,0.36116574341392316,-0.2776823344130306,-0.3882530751373299,0.43494010745352896,-2.2438888340289136,-0.7857301604398241,1.9927535694999217,1.575065838549261,2.392126637804941,1.5180860496706106,-1.1614162295949166,-0.9236391599815941,1.0392371573601007,0.0,0.0,0.0,0.0,0.0,0.0,0.0,0.0,0.0,0.0,0.0,0.0,9.0,9.0,9.0,9.0,9.0,9.0,6.0,6.0,6.0,6.0,6.0,6.0,-0.6112926892604897,38.944948915493825,8.913509035509364,0.29544528157044503,-0.02774995020057247,4.3313511286058315e-05,0.13055047861181884
41.90000000000018,-0.18309674184026087,-0.5052255819562826,0.2091987261651514,0.006502034084568158,-0.005751754001117813,-0.022480973144974964,-0.10060096554510622,-0.002853586778952126,-0.05703706077209782,0.0,0.0,0.0,-0.18389624690232154,-0.5048166393245986,0.21122762162342248,0.016123364359452174,-0.00452165922156624,-0.022765676764258082,-0.13299805411519916,-0.009090444051185642,-0.05256961004090588,0.0,0.0,0.0,0.5055547891124835,0.5262909006927926,2.3624850543049956,0.4860306580021777,0.5050851674625054,2.368898034897696,0.0103786239858053,-0.020089284371589668,-9.728401150303686e-05,1.5431741563877914,2.351459494399626,1.719782755213655,-1.2511476883572914,-0.7552394097555124,0.7633603743399127,-0.002300835758650371,-0.07272573629186481,0.03578255607533308,-0.18788656087637234,-0.1388325063498081,0.4314854691461967,-0.28413934117390965,-0.46204547689527825,0.5215947015684466,-2.3705350704398804,-0.6346645531848493,2.109591771968206,1.575065838549261,2.392126637804941,1.5180860496706106,-1.1614162295949166,-0.9236391599815941,1.0392371573601007,0.0,0.0,0.0,0.0,0.0,0.0,0.0,0.0,0.0,0.0,0.0,0.0,9.0,9.0,9.0,9.0,9.0,9.0,6.0,6.0,6.0,6.0,6.0,6.0,-0.6467262747948288,38.77948792677832,8.944830237932456,0.3035022208164665,-0.027743494360380705,4.9175523308631064e-05,0.051853211453048886
41.933333333333515,-0.18305318097542042,-0.5054120032731223,0.20836501456591264,0.003065957419157819,-0.005705215399877429,-0.024224923038984898,-0.09387429456492678,0.0026031453310080615,-0.0520529566293789,0.0,0.0,0.0,-0.1834668560289794,-0.504971101887921,0.2104261878652482,0.01342365992982808,-0.00465811515783868,-0.024025624896220236,-0.1338789644384728,-0.0041844970338917875,-0.05070053186069545,0.0,0.0,0.0,0.5206548789592742,0.533191301438046,2.3583279101720183,0.4981683095484379,0.5132228749900394,2.366308497101169,0.009156683394334744,-0.021894832669979533,0.0015836875451667918,1.542669054477335,2.3484210308548845,1.7216565809175823,-1.2604649156667418,-0.76065614770875,0.7803656223809647,-0.010868983462010874,-0.08501118299211341,0.04940403277031935,-0.2489733998144673,-0.1546122611813545,0.48393345053644,-0.2570444311008151,-0.36856340100745805,0.4086443008495882,-1.832605168142849,-0.47339264494639166,1.5734394417072985,1.575065838549261,2.392126637804941,1.5180860496706106,-1.1614162295949166,-0.9236391599815941,1.0392371573601007,0.0,0.0,0.0,0.0,0.0,0.0,0.0,0.0,0.0,0.0,0.0,0.0,9.0,9.0,9.0,9.0,9.0,9.0,6.0,6.0,6.0,6.0,6.0,6.0,-0.5717553105667714,38.889790034459224,8.978402794103266,0.319351588053304,-0.028058716759383984,3.086253369882774e-05,0.31295690160067596
41.966666666666846,-0.18314333353141032,-0.5055762272265857,0.20744045919858117,-0.0007507501169763085,-0.005263747508050705,-0.0266529522334947,-0.10345291863648101,0.013909207385506248,-0.07379416862912934,0.0,0.0,0.0,-0.18313967952429602,-0.505121557796809,0.2095653338522669,0.010378687713419913,-0.004573488320330236,-0.02574304370379328,-0.1486075829749538,0.006338551469445619,-0.07205400667420925,0.0,0.0,0.0,0.5373182298349293,0.5396893286613816,2.3538143748989566,0.511652399321042,0.5211303308806974,2.3633192619531114,0.007757962399876161,-0.023817541051470076,0.003254862990054827,1.5418397132181876,2.345011938308717,1.723824875951343,-1.2710970126856669,-0.7665942383524746,0.798585596834629,-0.020209819670282292,-0.09651891192072218,0.05983391159865727,-0.2956330736499913,-0.1702992332682773,0.5257106392521,-0.28022508624814246,-0.3452318678582628,0.31289636485013766,-1.3997902150657195,-0.4706091626076844,1.2533156614698024,1.575065838549261,2.392126637804941,1.5180860496706106,-1.1614162295949166,-0.9236391599815941,1.0392371573601007,0.0,0.0,0.0,0.0,0.0,0.0,0.0,0.0,0.0,0.0,0.0,0.0,9.0,9.0,9.0,9.0,9.0,9.0,6.0,6.0,6.0,6.0,6.0,6.0,-0.6039156507647334,38.833214069768054,8.98792279823473,0.33477822394391676,-0.028743486126260764,2.389538569597116e-05,0.20201113900071266
42.00000000000018,-0.18337371444188533,-0.505689869599989,0.2064103853300116,-0.004824648580403277,-0.004114260425918342,-0.029594287424635893,-0.10920022821388953,0.03464307640145479,-0.09072420532726858,0.0,0.0,0.0,-0.1829236862060526,-0.5052532895761819,0.20863179294715087,0.007051682656019862,-0.0040756918575734664,-0.027870919244845443,-0.16018662931862293,0.025876831311586912,-0.09092499200592385,0.0,0.0,0.0,0.5551456704278064,0.5459395513254937,2.3489553432327654,0.5263330725348688,0.5288451362569527,2.3599348758936163,0.0063276578191159595,-0.025711570366657187,0.004875786618129176,1.5406845777178626,2.3412537620850253,1.726237941936451,-1.28254585572084,-0.7729343185783158,0.817677321100106,-0.029839316563258368,-0.10733649511406905,0.06820595690171144,-0.3275212185867937,-0.18356801560624858,0.5570713650602386,-0.28888490678928236,-0.3245274958004063,0.25116135909162485,-0.9566443481040735,-0.39806347013913784,0.9408217742441556,1.575065838549261,2.392126637804941,1.5180860496706106,-1.1614162295949166,-0.9236391599815941,1.0392371573601007,0.0,0.0,0.0,0.0,0.0,0.0,0.0,0.0,0.0,0.0,0.0,0.0,9.0,9.0,9.0,9.0,9.0,9.0,6.0,6.0,6.0,6.0,6.0,6.0,-0.613383120188193,38.78295647506829,9.019464043303904,0.35396905040923576,-0.029451947270441314,2.1853255239401292e-05,0.14985292443884504
42.03333333333351,-0.18371898184332877,-0.5057516916628815,0.20531010967486651,-0.008478223469302703,-0.0026957334504937296,-0.03199126658157045,-0.09512018486725701,0.04220417895038442,-0.0759173930939796,0.0,0.0,0.0,-0.18281360259230814,-0.5053605865827732,0.20763374467584378,0.003820223962630881,-0.003369145978968244,-0.029847812659888145,-0.1536984819513174,0.0354581680794972,-0.08286933319564982,0.0,0.0,0.0,0.5735595201810705,0.551918587507657,2.3439214441552862,0.5419497366768117,0.5363458725265009,2.3562346474509672,0.004927207147824433,-0.027346154215423517,0.00636770167213144,1.5392759605135486,2.3372835586066745,1.728802471401717,-1.2943596707041913,-0.7794694356569707,0.8370861740126426,-0.03811878294070059,-0.11518290127170255,0.07402590827255198,-0.3454500391959566,-0.19189168010851382,0.5738675132708112,-0.24838399132326672,-0.2353921847290052,0.1745985411252164,-0.5378646182748873,-0.24970993506795697,0.5038844463171784,1.575065838549261,2.392126637804941,1.5180860496706106,-1.1614162295949166,-0.9236391599815941,1.0392371573601007,0.0,0.0,0.0,0.0,0.0,0.0,0.0,0.0,0.0,0.0,0.0,0.0,9.0,9.0,9.0,9.0,9.0,9.0,6.0,6.0,6.0,6.0,6.0,6.0,-0.5156590424524237,38.87420054964765,9.07194443221488,0.3747280395392182,-0.030115397294804502,7.034326261035062e-06,0.11664950221086264
42.06666666666684,-0.1842001745235095,-0.5057382821234476,0.20410586920914867,-0.01241230085308018,-0.0007096970431910814,-0.03487683368512176,-0.10178482592154657,0.05892649679426687,-0.0924512687026849,0.0,0.0,0.0,-0.18282037828807077,-0.5054297079178581,0.20655577611987821,0.0003209710227393744,-0.0022766965432429805,-0.03220024779543803,-0.1646161502241168,0.05336255315611638,-0.09998141353439483,0.0,0.0,0.0,0.5926555084840158,0.5581279118716798,2.33870635966759,0.5584795576710048,0.5438296139407839,2.352238617538064,0.0037280408268741136,-0.028892599147322406,0.007659156319000588,1.5375815722517572,2.3330213444591776,1.7315704266312788,-1.3064525520718513,-0.7861057984416471,0.8571720872492751,-0.04659402621606185,-0.12363858337383794,0.08003440734875428,-0.35700764041852046,-0.19669114906303298,0.5930074358229174,-0.2542572982608379,-0.2536704630640617,0.18025497228606868,-0.34672803667691415,-0.14398406863557472,0.5741976765631862,1.575065838549261,2.392126637804941,1.5180860496706106,-1.1614162295949166,-0.9236391599815941,1.0392371573601007,0.0,0.0,0.0,0.0,0.0,0.0,0.0,0.0,0.0,0.0,0.0,0.0,9.0,9.0,9.0,9.0,9.0,9.0,6.0,6.0,6.0,6.0,6.0,6.0,-0.5316786897225518,38.75145868424055,9.113014397736347,0.3938581809693017,-0.030754704557347523,3.3208626274761066e-05,0.21465940978367692
42.10000000000017,-0.18482068223152118,-0.5056452517020603,0.20278581859192754,-0.016506944926695907,0.0015602007905459927,-0.038159532262445756,-0.10438028081868964,0.06744361142473054,-0.10657859355096647,0.0,0.0,0.0,-0.1829503157940414,-0.505452718225251,0.20538666451839135,-0.0033798498718386905,-0.0009222192067380322,-0.034897982541584806,-0.1722897155727825,0.06516889903167389,-0.11546643555454716,0.0,0.0,0.0,0.6125736786777601,0.565060876730764,2.3332940114015797,0.575963364248956,0.5515525905428742,2.3479538438903313,0.002859694587865179,-0.030489209658488784,0.008689084739461632,1.5355991331984764,2.3284450599906417,1.7345484585047306,-1.318779585934298,-0.7927992491789216,0.8783168957343769,-0.055180123137636344,-0.13273855049533226,0.08623877325195513,-0.36554322405510337,-0.19943273109983478,0.6205653149763415,-0.25758290764723485,-0.27299901364482954,0.18613097709602539,-0.2560675090974872,-0.08224746110405452,0.8267363746027243,1.575065838549261,2.392126637804941,1.5180860496706106,-1.1614162295949166,-0.9236391599815941,1.0392371573601007,0.0,0.0,0.0,0.0,0.0,0.0,0.0,0.0,0.0,0.0,0.0,0.0,9.0,9.0,9.0,9.0,9.0,9.0,6.0,6.0,6.0,6.0,6.0,6.0,-0.5413899605546506,38.6155081234504,9.14869942426014,0.4115396200416471,-0.031452979915576273,7.363028909146418e-05,0.3368831388818327
42.1333333333335,-0.18558377399841416,-0.5054594249770419,0.2013428240651116,-0.02071884217621636,0.004194545620266551,-0.04171418324396248,-0.10522414636912891,0.0787077040518805,-0.1172222046037931,0.0,0.0,0.0,-0.18320878952639028,-0.5054186157820999,0.20411705846300846,-0.007248387233536643,0.0007550809073062925,-0.037888062052212935,-0.17830014832062835,0.07974124525791915,-0.12826677196158354,0.0,0.0,0.0,0.6333489641402378,0.572945955549957,2.3276863526657436,0.594420395672337,0.5596954068440353,2.34339108424636,0.0023466387344223782,-0.03216004992786262,0.009440891760138941,1.5333247127223353,2.323532396646309,1.7377627894260674,-1.331303094863117,-0.7995156662351478,0.9006739695509638,-0.06388178390203589,-0.14249945038510214,0.09303287617738801,-0.3723179199280835,-0.20080591815780116,0.6539965813238535,-0.26104982293198614,-0.2928269966930964,0.20382308776298655,-0.20324087618940315,-0.0411956117389916,1.0029379904253612,1.575065838549261,2.392126637804941,1.5180860496706106,-1.1614162295949166,-0.9236391599815941,1.0392371573601007,0.0,0.0,0.0,0.0,0.0,0.0,0.0,0.0,0.0,0.0,0.0,0.0,9.0,9.0,9.0,9.0,9.0,9.0,6.0,6.0,6.0,6.0,6.0,6.0,-0.5518437525888205,38.474440996259126,9.191213216538074,0.42967826697208517,-0.03223330159174331,0.0001012642830959809,0.26147774675767
42.166666666666835,-0.18645202765809205,-0.5051960319622669,0.19982470072120528,-0.024222635564666355,0.006649897482840736,-0.044397299118660465,-0.08193735687277157,0.07393077284362466,-0.09311101029616078,0.0,0.0,0.0,-0.18358304742830495,-0.5053276548766904,0.20276152883985799,-0.010811066045971512,0.0024731958234131862,-0.040544209160136756,-0.16174426970946243,0.08073720525514716,-0.11113643899043169,0.0,0.0,0.0,0.654379865889748,0.5816135554279521,2.3221070604900675,0.6135960244685756,0.5682618207424046,2.3386593206748505,0.0021369844797434596,-0.03360013490781699,0.009871047659439152,1.5308575056929865,2.3184414953898402,1.7411108398518342,-1.343677980370558,-0.8060325069732152,0.923644536486414,-0.07063806855432107,-0.14931784192440692,0.09797196724113225,-0.3716036834581791,-0.19727212081394588,0.6774101991502879,-0.2026885395685555,-0.20455174617914357,0.14817273191232705,0.021427094097130815,0.10601392031565814,0.7024085347930306,1.575065838549261,2.392126637804941,1.5180860496706106,-1.1614162295949166,-0.9236391599815941,1.0392371573601007,0.0,0.0,0.0,0.0,0.0,0.0,0.0,0.0,0.0,0.0,0.0,0.0,9.0,9.0,9.0,9.0,9.0,9.0,6.0,6.0,6.0,6.0,6.0,6.0,-0.420826282466064,38.53968596612014,9.248145882461246,0.44980230552065037,-0.0328912644385162,8.71110977880285e-05,0.08368315886717743
42.200000000000166,-0.18743552842395955,-0.5048292532744781,0.19820036114286174,-0.027692288526192516,0.009574371694625411,-0.047414791016424825,-0.07847689409632218,0.08917156576680751,-0.10525734155364415,0.0,0.0,0.0,-0.1840761040436655,-0.5051654189392232,0.20130820151413598,-0.01440524451531529,0.004569471192155426,-0.04345712034118693,-0.1614787127793491,0.09779291143974067,-0.12234278815663391,0.0,0.0,0.0,0.6757316728503142,0.5913353961939765,2.3168870018184435,0.633445176311968,0.577399729209107,2.3339349615936453,0.002220510892003004,-0.0349159830782038,0.009791775395813749,1.5282101806008082,2.3130238812368042,1.744804019963094,-1.356195373378594,-0.8120508204822474,0.947610882018408,-0.07649252469500928,-0.1581248970355174,0.10652092463890393,-0.37421575464678114,-0.18612364378529397,0.7051303103566425,-0.17563368422064604,-0.2642116533333144,0.25646872193315073,-0.07836213565806012,0.3344543108595571,0.8316033361906384,1.575065838549261,2.392126637804941,1.5180860496706106,-1.1614162295949166,-0.9236391599815941,1.0392371573601007,0.0,0.0,0.0,0.0,0.0,0.0,0.0,0.0,0.0,0.0,0.0,0.0,9.0,9.0,9.0,9.0,9.0,9.0,6.0,6.0,6.0,6.0,6.0,6.0,-0.39371544821599835,38.34366502519686,9.315618638103318,0.4691562185706162,-0.03325763789588332,9.991193832603606e-05,0.17301083456138605
42.2333333333335,-0.18852242293976315,-0.5043488742513625,0.1964649857346793,-0.030915777801020148,0.012878412485504854,-0.05063395070285641,-0.06869438176530301,0.10263514643981668,-0.11283561894994533,0.0,0.0,0.0,-0.1846837930906116,-0.5049206202013636,0.1997507409786674,-0.01789542276438871,0.007013014202064824,-0.0465712690924546,-0.1548043791788296,0.11319493349032683,-0.13079426149668016,0.0,0.0,0.0,0.6966358925462148,0.6023526609408377,2.3125231328664215,0.6535986560953684,0.5872745377440827,2.329501131572772,0.002681784796887126,-0.03582600056449348,0.008996738294752313,1.5254745478951974,2.307296367149151,1.7488673155748296,-1.3684910909285901,-0.8169733093542136,0.9722242037439798,-0.08021016234388502,-0.16725858076490208,0.11677288711434247,-0.37065293588217824,-0.1604909920344232,0.7273098712969813,-0.1115291294662722,-0.2740105118815403,0.30755887426315626,0.10688456293808682,0.7689795525261229,0.6653868282101638,1.575065838549261,2.392126637804941,1.5180860496706106,-1.1614162295949166,-0.9236391599815941,1.0392371573601007,0.0,0.0,0.0,0.0,0.0,0.0,0.0,0.0,0.0,0.0,0.0,0.0,9.0,9.0,9.0,9.0,9.0,9.0,6.0,6.0,6.0,6.0,6.0,6.0,-0.2875413919631582,38.234997172581096,9.386845680244466,0.491356790674343,-0.0331796296308664,0.00010034197539188217,0.1770471666707407
42.26666666666683,-0.18967022078759582,-0.5037859281038884,0.19467359986601646,-0.033207345628062705,0.015680012138440867,-0.052817680131285814,-0.039278543185810325,0.08945546349283096,-0.08245524097731308,0.0,0.0,0.0,-0.18538731182162138,-0.5045988204468214,0.19810953457731206,-0.02088322694217459,0.00936362113008476,-0.049187637683798434,-0.12928792843510495,0.10748980960529941,-0.105905702919042,0.0,0.0,0.0,0.7167465303744479,0.6141685809517065,2.3090158255039763,0.6737722814198409,0.5977578065914472,2.325457748470797,0.0033298796760750774,-0.03617751559162473,0.007717981948199785,1.522727662427735,2.3014212658715563,1.7531713982705137,-1.3804499879723846,-0.820874784286899,0.9969018834994605,-0.0816744301305403,-0.17325488580685625,0.12500594961846542,-0.3627289195032842,-0.13152649599851557,0.7359902188752754,-0.04392803359965831,-0.17988915125862504,0.24699187512368836,0.23772049136682186,0.8689348810772296,0.26041042734882325,1.575065838549261,2.392126637804941,1.5180860496706106,-1.1614162295949166,-0.9236391599815941,1.0392371573601007,0.0,0.0,0.0,0.0,0.0,0.0,0.0,0.0,0.0,0.0,0.0,0.0,9.0,9.0,9.0,9.0,9.0,9.0,6.0,6.0,6.0,6.0,6.0,6.0,-0.13886343249141664,38.28081261193199,9.435476598968709,0.5093633490117462,-0.03393541777971243,6.318867991950139e-05,0.0934162745142762
42.30000000000016,-0.19086919761088508,-0.503111405265114,0.19280369269021758,-0.03499146596336161,0.01890122640946187,-0.055107640985005577,-0.022428156795259502,0.1046214650076547,-0.08573503772236901,0.0,0.0,0.0,-0.18617783109161176,-0.504185368513035,0.19637978190264094,-0.023567499869724923,0.012078451307393157,-0.05185367744944732,-0.1135691953166611,0.12363215810846384,-0.10738745176660602,0.0,0.0,0.0,0.7358590017146114,0.6270721496544802,2.3067911143005095,0.6937469315628713,0.6089751240807454,2.3220551447197373,0.00418968460855975,-0.03601436343175406,0.005748395980193679,1.5200342317224647,2.2952708184819364,1.7579366350279988,-1.3922727877617642,-0.823343322729553,1.02185676048221,-0.08109342414892289,-0.18076057639468535,0.13697338502252165,-0.3573656356220181,-0.09321293418592048,0.7444276126134147,0.017430179448522095,-0.22517071763487323,0.35902306212168666,0.160898516437981,1.1494068543778526,0.25312181214417917,1.575065838549261,2.392126637804941,1.5180860496706106,-1.1614162295949166,-0.9236391599815941,1.0392371573601007,0.0,0.0,0.0,0.0,0.0,0.0,0.0,0.0,0.0,0.0,0.0,0.0,9.0,9.0,9.0,9.0,9.0,9.0,6.0,6.0,6.0,6.0,6.0,6.0,-0.051503699798048475,38.097061072596446,9.507646522002368,0.5287128640060978,-0.03427788262666831,6.263590051669432e-05,0.14754730289173124
42.33333333333349,-0.19208310362835626,-0.5023191647688275,0.1908727970351241,-0.035878106896113975,0.022383849486109664,-0.05709976039043033,0.00634238943897527,0.11507364044193126,-0.07654576978854435,0.0,0.0,0.0,-0.18703574172832602,-0.5036705936087731,0.19456940656657928,-0.025699244138874578,0.015096550413183973,-0.054321778738898284,-0.0862147035764127,0.13670628574941457,-0.097087090846677,0.0,0.0,0.0,0.7540884011678491,0.640882776259218,2.3062981220329775,0.7134482679596879,0.6209018731550733,2.319587814663769,0.005034156614280479,-0.035416334838135576,0.0030101109085370974,1.5174860400750536,2.2887467281803633,1.7634477512291535,-1.4046892752115807,-0.8241910593724507,1.0473460704649729,-0.07799497433119562,-0.19073533149635485,0.1558801190306021,-0.36745162753700095,-0.04802571091992905,0.7579287371930631,0.09295349453181811,-0.2992426530500849,0.567202020242413,-0.3025797574494843,1.355616697979743,0.4050337373894498,1.575065838549261,2.392126637804941,1.5180860496706106,-1.1614162295949166,-0.9236391599815941,1.0392371573601007,0.0,0.0,0.0,0.0,0.0,0.0,0.0,0.0,0.0,0.0,0.0,0.0,9.0,9.0,9.0,9.0,9.0,9.0,6.0,6.0,6.0,6.0,6.0,6.0,0.04711690859302364,37.87450490087634,9.597166903649285,0.5458534078837116,-0.03489766337753064,5.5081546003088455e-05,0.2566588514773392
42.36666666666682,-0.1932804712383372,-0.5014445585581223,0.188931774658819,-0.03583549478174219,0.02522805677579229,-0.05797294120191436,0.03505899166566466,0.09773696014141622,-0.04185250888870727,0.0,0.0,0.0,-0.18793997192932752,-0.5030631908791787,0.19270293538299102,-0.027203883901750263,0.01793407474468843,-0.05612610181626146,-0.055658179235786864,0.12662909443489845,-0.06476027515408234,0.0,0.0,0.0,0.7711705128901488,0.6551937318202966,2.3071160702357347,0.7326662993073189,0.6333993332352116,2.318004847356744,0.005835708330434907,-0.034281565073120635,-4.9026442442121326e-05,1.5151034056231145,2.2820711549055814,1.7694117478586837,-1.41726183306791,-0.8237903971545276,1.072730066567092,-0.07365101381584681,-0.19708990932775058,0.17123997226747484,-0.37393503297225755,-0.007995325948179241,0.7603228344400713,0.1303188154604644,-0.190637334941872,0.46079559710618223,-0.19450216305769807,1.2009115491524942,0.0718229174102464,1.575065838549261,2.392126637804941,1.5180860496706106,-1.1614162295949166,-0.9236391599815941,1.0392371573601007,0.0,0.0,0.0,0.0,0.0,0.0,0.0,0.0,0.0,0.0,0.0,0.0,9.0,9.0,9.0,9.0,9.0,9.0,6.0,6.0,6.0,6.0,6.0,6.0,0.14707919960250337,37.88412607271258,9.61768976769557,0.5611171186434417,-0.03633601256497365,2.130587700244213e-05,0.06283335396733597
42.400000000000155,-0.19442879760041415,-0.5004587225875369,0.18698594160160853,-0.034830214040013616,0.02843102636730413,-0.05836763714960629,0.06469283394152897,0.10995538352096698,-0.02587443408675761,0.0,0.0,0.0,-0.18886805688176048,-0.5023505515799808,0.19079135511790785,-0.028034556695491316,0.021069935120921895,-0.0575476942612878,-0.02324937791675774,0.1394904561093524,-0.046206151597764755,0.0,0.0,0.0,0.7871432202974903,0.6699676019001368,2.3092734256106655,0.7513044066962598,0.6464355347806987,2.317361394515016,0.00655033691199429,-0.032707853348797486,-0.0033963784378878955,1.5129391636974299,2.2751790468918567,1.7759833651459809,-1.430206531934052,-0.822196529772079,1.0980624333147164,-0.06783517645231177,-0.20353879671708638,0.1885123365017684,-0.3835389883135921,0.029212238999579546,0.7600882797658476,0.17447512090605122,-0.19346662168007434,0.5181709270288067,-0.2881186602400376,1.1162269484327636,-0.0070366402267133255,1.575065838549261,2.392126637804941,1.5180860496706106,-1.1614162295949166,-0.9236391599815941,1.0392371573601007,0.0,0.0,0.0,0.0,0.0,0.0,0.0,0.0,0.0,0.0,0.0,0.0,9.0,9.0,9.0,9.0,9.0,9.0,6.0,6.0,6.0,6.0,6.0,6.0,0.2153884403465025,37.720016668461135,9.668093791573739,0.5785973314181162,-0.037794068574132256,8.3617817343562e-06,0.052386306320015515
42.433333333333486,-0.19548805993045154,-0.4993650570438763,0.1850642903501237,-0.032704711386180876,0.03167586449849023,-0.058021946475960554,0.09862465877681373,0.11185183651514809,-0.0015292855692381896,0.0,0.0,0.0,-0.1897924929433973,-0.5015295605093526,0.18885397076290086,-0.028054286104649283,0.02432977467388196,-0.05841340432400817,0.015285363672098207,0.1439293443123164,-0.019640127796222817,0.0,0.0,0.0,0.8019596529074859,0.6849792958054114,2.3126171007793417,0.7692515876269933,0.6599148522640851,2.3176427295133513,0.007126038497563577,-0.030714655245745653,-0.006850209924810348,1.5110459795702924,2.268131987969639,1.78313066149253,-1.4434956880660204,-0.8196190827051669,1.1231054714732893,-0.060475408026851675,-0.2087874440167128,0.20578337243157135,-0.3936294520772289,0.06128635433810195,0.7542235230934071,0.2207930527638028,-0.15745941898879223,0.5181310778940884,-0.3027139129091024,0.9622234601556722,-0.17594270017321284,1.575065838549261,2.392126637804941,1.5180860496706106,-1.1614162295949166,-0.9236391599815941,1.0392371573601007,0.0,0.0,0.0,0.0,0.0,0.0,0.0,0.0,0.0,0.0,0.0,0.0,9.0,9.0,9.0,9.0,9.0,9.0,6.0,6.0,6.0,6.0,6.0,6.0,0.2999858854204245,37.60085794607068,9.701747029262533,0.5953386993035376,-0.03945595026066617,-1.0711132221730146e-05,0.061822212744362226
42.46666666666682,-0.1964133618160146,-0.49817733840903683,0.1831992244811645,-0.029312581800845415,0.03464844408929477,-0.05677953261831933,0.1363804065642412,0.10340314397988203,0.027928789039381723,0.0,0.0,0.0,-0.19068150017491073,-0.5006037481257491,0.1869140006316607,-0.02713246359287917,0.027515917345599775,-0.05859655527331413,0.059578175931551236,0.1389387707585854,0.012635702385650927,0.0,0.0,0.0,0.8155978436518077,0.7000743895927355,2.3169704036501506,0.7864121893606768,0.6737517678558933,2.318802839202471,0.007547400865085272,-0.028347221103151132,-0.01026147401192462,1.509486460841712,2.2610152502780063,1.790783467532398,-1.457048924563138,-0.8162797882162782,1.1476484533680096,-0.051348843913892314,-0.21193056850488934,0.2216505782745512,-0.40227454730143075,0.08721467455714052,0.7422674789255413,0.27379692338878076,-0.09429373464529683,0.4760161752893958,-0.25935285672605635,0.7778496065711573,-0.3586813250359725,1.575065838549261,2.392126637804941,1.5180860496706106,-1.1614162295949166,-0.9236391599815941,1.0392371573601007,0.0,0.0,0.0,0.0,0.0,0.0,0.0,0.0,0.0,0.0,0.0,0.0,9.0,9.0,9.0,9.0,9.0,9.0,6.0,6.0,6.0,6.0,6.0,6.0,0.40406766424914453,37.51055835117454,9.719507850863799,0.6113073211279483,-0.04121027891438023,-2.7072334672584297e-05,0.10273274272601768
42.50000000000015,-0.19720090455797762,-0.4969391933993749,0.18141944009810707,-0.025428856631550485,0.0366446142269632,-0.05466027107176238,0.14982668292837678,0.072895640190965,0.05674463424440226,0.0,0.0,0.0,-0.1915188145447749,-0.49959219569288005,0.18499515389518006,-0.0256510466800756,0.03019711007735852,-0.05806586909273399,0.08517971154160531,0.11351663124718847,0.046020432079942,0.0,0.0,0.0,0.8279677405018573,0.7148267872458323,2.3220140748348537,0.8026670181090413,0.687739382992705,2.320715671110703,0.007756840153111367,-0.025581715340974382,-0.01336372362613051,1.5082396350319272,2.2539924761085968,1.7986812144251598,-1.4705639072834917,-0.8124656698818976,1.1712160514738827,-0.04205279750032992,-0.2110990062231523,0.23183846394675475,-0.40439117017421977,0.10535392487332594,0.7187744550926465,0.27888139240687193,0.02494686845211122,0.3056365701661062,-0.06349868618367129,0.5441775094855628,-0.7047907149868464,1.575065838549261,2.392126637804941,1.5180860496706106,-1.1614162295949166,-0.9236391599815941,1.0392371573601007,0.0,0.0,0.0,0.0,0.0,0.0,0.0,0.0,0.0,0.0,0.0,0.0,9.0,9.0,9.0,9.0,9.0,9.0,6.0,6.0,6.0,6.0,6.0,6.0,0.45068375719932163,37.461230618192616,9.691675992024232,0.6242219670689833,-0.04282187811475069,-5.972885025429253e-05,0.17341682279663628
42.53333333333348,-0.19779283121084384,-0.4956546709300691,0.1797586391525663,-0.02023235302013713,0.03822526393653154,-0.05156987369967551,0.18732921601885436,0.05826130889898761,0.08842152417957257,0.0,0.0,0.0,-0.19226864145094266,-0.4985026157088823,0.18312414289537418,-0.023162082137183647,0.032603373033385834,-0.056739296599608205,0.13181340615700332,0.0993702504672127,0.08292449041899097,0.0,0.0,0.0,0.8394100321820743,0.729053608345013,2.327415049668228,0.8180829854485846,0.7017312730259968,2.323216329219942,0.007728914472260854,-0.022618996742561428,-0.01600119643000253,1.5073671967260176,2.2471142600140137,1.8067995636763015,-1.4840901990870152,-0.8086320225259116,1.1937585459905917,-0.03146636528496641,-0.20793065729937826,0.23964647300508307,-0.40532289279521067,0.11179092207749763,0.690441375365063,0.31759296646090546,0.09505046771322102,0.23424027174984918,-0.02795167862972599,0.19310991612515066,-0.8499923918275052,1.575065838549261,2.392126637804941,1.5180860496706106,-1.1614162295949166,-0.9236391599815941,1.0392371573601007,0.0,0.0,0.0,0.0,0.0,0.0,0.0,0.0,0.0,0.0,0.0,0.0,9.0,9.0,9.0,9.0,9.0,9.0,6.0,6.0,6.0,6.0,6.0,6.0,0.532508666347586,37.353636273958905,9.683141336153508,0.6378877744699396,-0.04497075178288279,-7.372648385273184e-05,0.13796285210819992
42.56666666666681,-0.19815398537656906,-0.4943390223817224,0.17825700917303264,-0.013904241773861502,0.039349985926359875,-0.04733705894173684,0.21869883938319126,0.04161896475901191,0.12528681622898347,0.0,0.0,0.0,-0.1928998326746979,-0.49734643209151036,0.1813319063344366,-0.019719464151089112,0.034673033119163775,-0.054495653294312274,0.1753549203125515,0.0824788670750305,0.1251760864708782,0.0,0.0,0.0,0.850302490248953,0.7425413211916371,2.3325229604420796,0.8327941283345976,0.7155704005942637,2.3259802189813215,0.0075102441358191364,-0.01963746811100975,-0.01787712338311334,1.5068670771047576,2.2405183973652187,1.8149284586640195,-1.4973266435668244,-0.8054222488569928,1.215050868973838,-0.020491180853519912,-0.2012274720756928,0.24246005742272253,-0.39983652052791974,0.1014591140708749,0.6559935847866127,0.3292555329433948,0.20109555671056376,0.08440753252918408,0.1645911680187283,-0.3099542401986819,-1.0334337173535064,1.575065838549261,2.392126637804941,1.5180860496706106,-1.1614162295949166,-0.9236391599815941,1.0392371573601007,0.0,0.0,0.0,0.0,0.0,0.0,0.0,0.0,0.0,0.0,0.0,0.0,9.0,9.0,9.0,9.0,9.0,9.0,6.0,6.0,6.0,6.0,6.0,6.0,0.5836365373698387,37.28230022549326,9.649847392405356,0.650649141599519,-0.047426945748219484,-8.321014817991301e-05,0.19376868063781388
42.60000000000014,-0.19831256805878814,-0.4930189791604215,0.1769166674745585,-0.007765037650568789,0.03978155679982366,-0.04267271139115941,0.20998654743957373,0.018088859239659694,0.14045469741621,0.0,0.0,0.0,-0.1934084647991066,-0.49614139217182285,0.1796351985472664,-0.01603517281081595,0.03623361191739832,-0.05168385431390626,0.18453703600387916,0.05759864851085528,0.15035072500351276,0.0,0.0,0.0,0.8605276009344728,0.7552517382818639,2.3371475334351217,0.8467684842098148,0.7291600163529541,2.3288281097708645,0.007185295553940103,-0.016596138971862837,-0.01900385304355271,1.5066864547049748,2.2343028287816753,1.8228558901506775,-1.5098752757512064,-0.8028675496278846,1.2348433056717014,-0.01044284161349643,-0.19138719569609908,0.23936864887406947,-0.38425148386361235,0.08491368927245392,0.614513262219471,0.30145017720070444,0.2952082913878118,-0.09274225645959158,0.46755109992922117,-0.4963627439526297,-1.2444096770142536,1.575065838549261,2.392126637804941,1.5180860496706106,-1.1614162295949166,-0.9236391599815941,1.0392371573601007,0.0,0.0,0.0,0.0,0.0,0.0,0.0,0.0,0.0,0.0,0.0,0.0,9.0,9.0,9.0,9.0,9.0,9.0,6.0,6.0,6.0,6.0,6.0,6.0,0.568315302832203,37.17083157575489,9.598199798385634,0.6623830842597973,-0.04871566367426117,-9.120333021639393e-05,0.3122648832194918
42.633333333333475,-0.19822496238995158,-0.4916994836613081,0.17578021783565564,-0.0008206734270117186,0.039872425537240026,-0.03699789868640627,0.230513226073119,0.005247235083423164,0.17314642335994876,0.0,0.0,0.0,-0.19376682212406332,-0.49489760717183073,0.17806473524009678,-0.01159996993154356,0.0374570559241617,-0.04799498015809757,0.21788881927223303,0.04120937940997926,0.1899636577549879,0.0,0.0,0.0,0.8703550121006547,0.7672062060203748,2.3406750667078406,0.8601042792668966,0.7424417988694157,2.33141177583057,0.006884999488293164,-0.013650732099325503,-0.019201061397423086,1.5068543673594865,2.228604408022755,1.8303863099600306,-1.5212736096389137,-0.8014877701625938,1.2529097914167935,-0.00012269411426068903,-0.17776414707710742,0.23039794581174886,-0.35605050570868285,0.05590015239663575,0.5661674689750011,0.30960442497707225,0.40869145856975,-0.2691210918696186,0.8460293446478846,-0.8704061062745453,-1.4503737973340942,1.575065838549261,2.392126637804941,1.5180860496706106,-1.1614162295949166,-0.9236391599815941,1.0392371573601007,0.0,0.0,0.0,0.0,0.0,0.0,0.0,0.0,0.0,0.0,0.0,0.0,9.0,9.0,9.0,9.0,9.0,9.0,6.0,6.0,6.0,6.0,6.0,6.0,0.6174392322981752,37.121059671046766,9.55361994084553,0.675024927637472,-0.05066620083076123,-8.76349970349577e-05,0.2733479784281361
42.666666666666806,-0.19788391400483257,-0.4904046045110652,0.1748708775100243,0.006536894305227534,0.039365029752205495,-0.03052211113877224,0.23885708717320356,-0.014746371197925035,0.1995075229759354,0.0,0.0,0.0,-0.19395814521480062,-0.4936322396975007,0.1766467737877569,-0.006621645240097555,0.03818674583483746,-0.043498649237586215,0.24100491343736152,0.01756926735599773,0.22583607742323153,0.0,0.0,0.0,0.8795216309123489,0.7785658780053051,2.3429881733016167,0.8727131840555836,0.7554241544755533,2.3335499040869867,0.006740006149716879,-0.010714555255665038,-0.018590979200978807,1.5074006279718728,2.223550895285226,1.8373381393754606,-1.5310358984193417,-0.8012067459638876,1.2689681729143094,0.010884314209635534,-0.16032497044295216,0.21583590357918211,-0.3139292775114558,0.02425386810633489,0.5098901196086493,0.3302102497168867,0.5231752990246576,-0.4368612669770022,1.2636368459168124,-0.9493885287090258,-1.6883204809905556,1.575065838549261,2.392126637804941,1.5180860496706106,-1.1614162295949166,-0.9236391599815941,1.0392371573601007,0.0,0.0,0.0,0.0,0.0,0.0,0.0,0.0,0.0,0.0,0.0,0.0,9.0,9.0,9.0,9.0,9.0,9.0,6.0,6.0,6.0,6.0,6.0,6.0,0.6857792203067541,37.09465100092219,9.51069470366669,0.6870104583910233,-0.051652835053801804,-8.280364925422612e-05,0.4582135753159128
42.70000000000014,-0.19729345579935123,-0.48915803479584913,0.17420474087469928,0.013952824296839507,0.03818454953457098,-0.023460028954617525,0.23615852095703543,-0.036239024311504164,0.2192776756993228,0.0,0.0,0.0,-0.19397246196243093,-0.49236382834891035,0.17540414461367204,-0.0013066125843634894,0.03836402450229461,-0.03829399152355353,0.2540794853575905,-0.008578131518689247,0.2566168132965796,0.0,0.0,0.0,0.8873824682953203,0.7895179575646234,2.3438688630381197,0.8842984862410056,0.7681496832491881,2.3350452466899325,0.0069590764199598375,-0.007576889861166165,-0.017217726178925342,1.5083445898822376,2.2193187738583977,1.8434038788247602,-1.538210031115099,-0.8018452840014654,1.2823837132528573,0.022507342943843538,-0.13808408535088657,0.19326009017905402,-0.2481257464189645,-0.004686138049444358,0.4382741799738403,0.34869086202624017,0.6672265527619677,-0.677274402003843,1.9741059327747377,-0.8682001846733775,-2.148478189044268,1.575065838549261,2.392126637804941,1.5180860496706106,-1.1614162295949166,-0.9236391599815941,1.0392371573601007,0.0,0.0,0.0,0.0,0.0,0.0,0.0,0.0,0.0,0.0,0.0,0.0,9.0,9.0,9.0,9.0,9.0,9.0,6.0,6.0,6.0,6.0,6.0,6.0,0.7628660643920746,37.126747046834495,9.450545939774047,0.6985037907414681,-0.05199488320188883,-8.46793144769209e-05,0.8473468777605928
42.73333333333347,-0.19650531768693058,-0.48797511259828796,0.17374810712274688,0.020358990753107934,0.03648847649312168,-0.016902391345795853,0.20196431791042013,-0.05243528870798855,0.20546308164355917,0.0,0.0,0.0,-0.19382277441103413,-0.4911082021381509,0.1743375499712487,0.0037205939333667315,0.03805039651497399,-0.03296786663195224,0.23734029207380258,-0.031490942435791425,0.2591656183696758,0.0,0.0,0.0,0.8938151756161489,0.7999717786106371,2.3436521898400073,0.8947226573373094,0.780557087723298,2.33592777894278,0.0073965212251068295,-0.004226855447539312,-0.0153341918282126,1.5096281089178636,2.21584038743267,1.848629895345616,-1.5430075565664993,-0.8030630344609981,1.2932593779622936,0.03317282836046452,-0.11559575696484763,0.16894036047680266,-0.1786590911676628,-0.025917055207136917,0.3636046875133436,0.31996456249862937,0.6746498515811683,-0.7295918910675406,2.0839996575390516,-0.6369275147307768,-2.240084773814901,1.575065838549261,2.392126637804941,1.5180860496706106,-1.1614162295949166,-0.9236391599815941,1.0392371573601007,0.0,0.0,0.0,0.0,0.0,0.0,0.0,0.0,0.0,0.0,0.0,0.0,9.0,9.0,9.0,9.0,9.0,9.0,6.0,6.0,6.0,6.0,6.0,6.0,0.7186459173034927,36.949194290691,9.4085944385821,0.7030274522419176,-0.05145618239258054,-9.153363902503209e-05,0.5572602745040419
42.7666666666668,-0.19550662414934747,-0.4868745027667796,0.17354397692419277,0.026688965892514124,0.03425711522838758,-0.009677632205710732,0.1957427101804488,-0.06885158956618015,0.22578855973872788,0.0,0.0,0.0,-0.19350098546483605,-0.4898819942632709,0.1734732422643815,0.008912768067102377,0.037234357479655415,-0.026946967069562018,0.24240763910961238,-0.05468793790937809,0.28903013351563844,0.0,0.0,0.0,0.898433191241138,0.8093485697889913,2.3421616839664385,0.903746543664001,0.79235802547604,2.3360715381209984,0.007970222739673785,-0.0004797208827628654,-0.012766504917968293,1.511270148871302,2.2132856855185308,1.8528209496335069,-1.5449725396341019,-0.8049556627754046,1.3007709151669107,0.043898408522261,-0.08962595727106494,0.14013453925008573,-0.09885269174126887,-0.04649158469050896,0.27143230659679046,0.32176740485389443,0.7790939908134805,-0.8641746368015075,2.3941919827918174,-0.6172358845011614,-2.765171427496595,1.575065838549261,2.392126637804941,1.5180860496706106,-1.1614162295949166,-0.9236391599815941,1.0392371573601007,0.0,0.0,0.0,0.0,0.0,0.0,0.0,0.0,0.0,0.0,0.0,0.0,9.0,9.0,9.0,9.0,9.0,9.0,6.0,6.0,6.0,6.0,6.0,6.0,0.7561187447682751,36.974142057838584,9.368266919856625,0.7073650469893831,-0.051541035945858016,-0.00013500040860464635,0.8591625671847601
42.80000000000013,-0.19431331159809162,-0.485869929108288,0.17361538529100065,0.03268008731993782,0.03158811292802184,-0.0017999532828342668,0.18210885572493413,-0.08186508117284978,0.2445230407338267,0.0,0.0,0.0,-0.19300817258478975,-0.4887001607466956,0.17283368593174722,0.014099990280497481,0.03595770031518462,-0.02024425166920572,0.23938562290055776,-0.07563495162490863,0.31798786032639237,0.0,0.0,0.0,0.9011221479931601,0.8170557847396703,2.339512627044727,0.9112224697799596,0.8031873551413667,2.3354491283504304,0.00849221513866031,0.003710804809322655,-0.009532665163838425,1.5132433473068614,2.2117177016912564,1.8559594651307223,-1.544249268063836,-0.8075136026297745,1.3045611871578753,0.05409677155193991,-0.06123499563584672,0.10948182302767007,-0.018485465841773588,-0.06665599198423279,0.16628287535155717,0.30595089089036737,0.8517288490565466,-0.9195814866724699,2.4110167769848587,-0.604932218811715,-3.154482937356999,1.575065838549261,2.392126637804941,1.5180860496706106,-1.1614162295949166,-0.9236391599815941,1.0392371573601007,0.0,0.0,0.0,0.0,0.0,0.0,0.0,0.0,0.0,0.0,0.0,0.0,9.0,9.0,9.0,9.0,9.0,9.0,6.0,6.0,6.0,6.0,6.0,6.0,0.7546371085704209,36.9805123076067,9.344392335677536,0.7074575382511232,-0.05138748160340256,-0.00018475662748890231,0.8454677532673688
42.833333333333464,-0.1929843361036771,-0.48496389568932635,0.17391683518799914,0.03738856658916717,0.028734804876340485,0.0053634727380203594,0.14121026857664204,-0.0866140911854609,0.22145530351769221,0.0,0.0,0.0,-0.19236593362191184,-0.4875723044355376,0.17241112156444163,0.018726676911437833,0.03436512942499459,-0.013643023638247997,0.21001883911265606,-0.08946703057434746,0.30939903844569017,0.0,0.0,0.0,0.9020545265519468,0.8231122842436263,2.3355936630412963,0.9171373999310732,0.812899642558738,2.333961466886312,0.009012237786567345,0.008175714371329301,-0.005709656466072291,1.5154245118896443,2.2110792734121087,1.857987528007183,-1.5408347563630032,-0.8107843047152874,1.304836908625855,0.061655548839638294,-0.03318023079489835,0.07705519853843601,0.06212841206939766,-0.08763270570500267,0.060942054476780375,0.22676331863095145,0.8416429452284514,-0.9727987346770215,2.4184163373351377,-0.6293014116230966,-3.160224626243304,1.575065838549261,2.392126637804941,1.5180860496706106,-1.1614162295949166,-0.9236391599815941,1.0392371573601007,0.0,0.0,0.0,0.0,0.0,0.0,0.0,0.0,0.0,0.0,0.0,0.0,9.0,9.0,9.0,9.0,9.0,9.0,6.0,6.0,6.0,6.0,6.0,6.0,0.6348932253645918,36.835600291163026,9.290088963409662,0.701348878573016,-0.050780763326441436,-0.0001961974002316902,0.5070891870286732
42.866666666666795,-0.19151980450021755,-0.48417511170696503,0.17450128561875433,0.041676988789314924,0.025461393769660137,0.013300018309999058,0.12694917733367528,-0.09740961220625434,0.2416522884802328,0.0,0.0,0.0,-0.19157679262450092,-0.4865133220408231,0.17223197856288772,0.02320358980477121,0.03234137376946507,-0.006375768187394731,0.20060152265908693,-0.10864416443135472,0.3375102440749176,0.0,0.0,0.0,0.9008074875791333,0.8270864178095221,2.329808168980879,0.9212609196307933,0.8211978924040373,2.3312931144073534,0.009652239019818709,0.013090789898247558,-0.0010043574554389721,1.5177745795938702,2.2116518119114597,1.8585100213186239,-1.5338153321987331,-0.8151017634163712,1.3006446521076178,0.06755320369772701,0.0003906930553895793,0.03613493240829546,0.16109795397519683,-0.11556007592334255,-0.06353111220581928,0.17692964574266135,1.0071277155086378,-1.2276079839042164,2.9690862571739745,-0.8378211065501965,-3.73419500047799,1.575065838549261,2.392126637804941,1.5180860496706106,-1.1614162295949166,-0.9236391599815941,1.0392371573601007,0.0,0.0,0.0,0.0,0.0,0.0,0.0,0.0,0.0,0.0,0.0,0.0,9.0,9.0,9.0,9.0,9.0,9.0,6.0,6.0,6.0,6.0,6.0,6.0,0.6236113656913553,37.02215723090945,9.220388898185535,0.696462471854692,-0.05070944771163122,-0.00023454002781364558,1.6996033989913304
42.90000000000013,-0.18994081915563502,-0.48351952920460955,0.17538609389588586,0.04541195466078357,0.02174590000415863,0.0218128126713434,0.11008335967642231,-0.10849633555797285,0.25567785115396513,0.0,0.0,0.0,-0.19064926476515998,-0.485537674792266,0.17231350823184144,0.027436946814270703,0.029880690363282492,0.001434082397829703,0.18687996355384495,-0.12789383750255112,0.35948648849295406,0.0,0.0,0.0,0.8976054120195688,0.8288406933073319,2.322382371176037,0.923588991686235,0.8278751388959878,2.327417350156489,0.010267858015359899,0.018291965286194645,0.004328904611735506,1.5202515070947291,2.213454415767591,1.8576182500721694,-1.5237923026467612,-0.8204580037084186,1.2923402193753086,0.07205628458308361,0.036182308141090906,-0.005790447459659412,0.2541599090311687,-0.14564483114872848,-0.18726569204812227,0.1350924265606978,1.07374845257104,-1.2577613960386462,2.7918586516791555,-0.9025426567615777,-3.71203739526909,1.575065838549261,2.392126637804941,1.5180860496706106,-1.1614162295949166,-0.9236391599815941,1.0392371573601007,0.0,0.0,0.0,0.0,0.0,0.0,0.0,0.0,0.0,0.0,0.0,0.0,9.0,9.0,9.0,9.0,9.0,9.0,6.0,6.0,6.0,6.0,6.0,6.0,0.5854861920257148,37.117278344655844,9.199767808221836,0.6851665620709604,-0.04996532771595086,-0.00024959794610956987,0.8640569967663158
42.93333333333346,-0.18827773561837607,-0.4830056837671045,0.1765764963997879,0.0483644834372217,0.017724580384320447,0.03060661547791208,0.08792471052639164,-0.11520394442537489,0.26053781286218286,0.0,0.0,0.0,-0.1895968402494961,-0.4846567844273247,0.1726666696163135,0.031284348157242674,0.02706090404524407,0.009605455784307316,0.16658866172839382,-0.14324272623000311,0.37266320910789874,0.0,0.0,0.0,0.8926165437200587,0.8282999895721449,2.313322337515411,0.9241416991488641,0.8327667960542371,2.32227753739777,0.010832697036427159,0.02366214789158558,0.01018652979324415,1.5227802275642839,2.2165166879207896,1.8553144004016133,-1.511072695260681,-0.8269442302020168,1.280167365602673,0.07459317091878784,0.07330621244433778,-0.048007142564340646,0.3391121173986612,-0.17827280692154013,-0.3058789728020856,0.0761065900711269,1.1137171290974064,-1.2665008531404371,2.548566251024775,-0.9788392731843494,-3.5583984226188994,1.575065838549261,2.392126637804941,1.5180860496706106,-1.1614162295949166,-0.9236391599815941,1.0392371573601007,0.0,0.0,0.0,0.0,0.0,0.0,0.0,0.0,0.0,0.0,0.0,0.0,9.0,9.0,9.0,9.0,9.0,9.0,6.0,6.0,6.0,6.0,6.0,6.0,0.5126617603332646,37.203470449999315,9.179362635287216,0.6698091129929827,-0.04894119700951194,-0.0002552912712858735,1.0214396103486478
42.96666666666679,-0.1865842384444456,-0.48261821039893615,0.1779977894978454,0.04998439843791282,0.013901733203179865,0.03803723309116304,0.050302443834103094,-0.10743538609464555,0.21711728872890526,0.0,0.0,0.0,-0.18844473039497456,-0.48387080080231337,0.17326559935835165,0.03442184622941386,0.02418500792490798,0.017159644031548373,0.13116265873399646,-0.14402668152475773,0.33919363986452566,0.0,0.0,0.0,0.8864084965075996,0.8260280927377309,2.3031714748936816,0.923125397698282,0.8360046439249498,2.316050991844758,0.011292370940303647,0.028841788737934748,0.016051275933387794,1.5252815838287288,2.2205531445825857,1.8519658818863989,-1.4967526337423853,-0.8342715860797788,1.2654505752309475,0.07489151559515982,0.10516453738402881,-0.0829727511590672,0.39943860283213556,-0.20597138652908764,-0.3962954650352075,0.008950340291159407,0.955749748190731,-1.0489682578417967,1.8097945630042305,-0.8309573882264258,-2.712494766993657,1.575065838549261,2.392126637804941,1.5180860496706106,-1.1614162295949166,-0.9236391599815941,1.0392371573601007,0.0,0.0,0.0,0.0,0.0,0.0,0.0,0.0,0.0,0.0,0.0,0.0,9.0,9.0,9.0,9.0,9.0,9.0,6.0,6.0,6.0,6.0,6.0,6.0,0.3568610066350608,37.00960672803161,9.182969898217202,0.6488432245935292,-0.04695106052197073,-0.000212196917058316,0.5965268803584194
43.00000000000012,-0.1848814814457324,-0.48235982251796106,0.17967557058883837,0.05074157524523911,0.010090579123074029,0.045542504690231016,0.027805954383672303,-0.10524621401564069,0.21674186680246635,0.0,0.0,0.0,-0.18720873956300363,-0.4831851548560316,0.17411827070887634,0.03704475497277038,0.02116146554778609,0.0248262199891835,0.10548491648428193,-0.1491952505622498,0.34092125801398687,0.0,0.0,0.0,0.8790871043373616,0.8218974405345842,2.2918592751317437,0.9206205752529486,0.8375079273217851,2.308724275311548,0.011631764159446504,0.03382907514681343,0.02199065405588399,1.5276919257176627,2.2256291147379765,1.8475591853841242,-1.4810461826085086,-0.8425724151030466,1.2482825510230158,0.07317067631039906,0.13657424890249314,-0.11579151376518151,0.4472752236215801,-0.23467370930838427,-0.4754589725037026,-0.05162517854282283,0.94229134555393,-0.9845628781834294,1.4350986236833372,-0.861069683378899,-2.374905224054854,1.575065838549261,2.392126637804941,1.5180860496706106,-1.1614162295949166,-0.9236391599815941,1.0392371573601007,0.0,0.0,0.0,0.0,0.0,0.0,0.0,0.0,0.0,0.0,0.0,0.0,9.0,9.0,9.0,9.0,9.0,9.0,6.0,6.0,6.0,6.0,6.0,6.0,0.2587409349536014,37.09355297891672,9.177949678363763,0.6288363770596912,-0.04547226100015633,-0.00020324222940792946,1.4426789403367803
43.03333333333345,-0.18320502219085133,-0.4822181940777956,0.18158908023494724,0.05049914929781717,0.006521524326496421,0.05269979582756928,0.0018149419308690264,-0.09660426658170435,0.20438077468888705,0.0,0.0,0.0,-0.18590995318748177,-0.48259908477836644,0.17521845845024758,0.03904575618240504,0.018136769750780758,0.03234653199052623,0.07502979322589498,-0.14736924668578322,0.33039390874451025,0.0,0.0,0.0,0.8708918945055408,0.8160566003049539,2.279696535225926,0.9167487198146463,0.8372887148448553,2.3004156399407796,0.011785347305741867,0.038508014461881464,0.02778064669942895,1.5299525998211023,2.2316204873475463,1.8423031944619257,-1.4646030473981302,-0.8516887645891879,1.2292608045160025,0.06960370750559132,0.16535220182556104,-0.14371698969903063,0.4779544454147637,-0.2605515594922854,-0.5389212543081648,-0.10700906414423217,0.863338587692037,-0.8377642780154737,0.9203766537955063,-0.7763355055170343,-1.9038684541338668,1.575065838549261,2.392126637804941,1.5180860496706106,-1.1614162295949166,-0.9236391599815941,1.0392371573601007,0.0,0.0,0.0,0.0,0.0,0.0,0.0,0.0,0.0,0.0,0.0,0.0,9.0,9.0,9.0,9.0,9.0,9.0,6.0,6.0,6.0,6.0,6.0,6.0,0.14244222550918395,37.11319980277739,9.185776463783213,0.607144699336247,-0.04356378860509191,-0.000186789269990828,1.372054904550926
43.066666666666784,-0.18159100734142047,-0.48217052904186186,0.1836548475754932,0.04919377808138137,0.003468335801859186,0.05813246802213558,-0.026518735075197464,-0.08057792032013762,0.15183280380775033,0.0,0.0,0.0,-0.18457183484614126,-0.48210556761488216,0.17653033179296773,0.04034766356721958,0.01529447326050851,0.038917049743774954,0.04128120154046799,-0.13686880155238246,0.2818284088718288,0.0,0.0,0.0,0.8622927309026711,0.8090325399171258,2.267149738548574,0.9117463115378243,0.8355528717969664,2.291341044615868,0.011726475344499263,0.04262386649986732,0.03306337100563034,1.53202159374018,2.2382071244980453,1.8365415587975562,-1.4482338906340282,-0.8613209883430631,1.2094511489055266,0.06458111421675133,0.18685014361849936,-0.16313837652039956,0.48670128375362665,-0.2794949949082669,-0.5758335303122398,-0.15067779866519948,0.6449382537881497,-0.582641604641068,0.2624051501658892,-0.5683030624794445,-1.1073682801222482,1.575065838549261,2.392126637804941,1.5180860496706106,-1.1614162295949166,-0.9236391599815941,1.0392371573601007,0.0,0.0,0.0,0.0,0.0,0.0,0.0,0.0,0.0,0.0,0.0,0.0,9.0,9.0,9.0,9.0,9.0,9.0,6.0,6.0,6.0,6.0,6.0,6.0,-0.0033318950959819738,36.9265711849295,9.187480381104747,0.5828067802348035,-0.04116849156492197,-0.00014076243536775834,1.0454986055696045
43.100000000000115,-0.1800615123439821,-0.4822029502121584,0.18586787353515719,0.04708691167343003,0.0008552929366013474,0.06292956122144032,-0.047291892016426064,-0.06722479371770113,0.13243780414900252,0.0,0.0,0.0,-0.1832144409207887,-0.48169958781055144,0.1780435121514221,0.04102732130800151,0.012609848314704145,0.045076729441344096,0.011600049000503265,-0.12770670424595298,0.2595542933623167,0.0,0.0,0.0,0.8534381188879672,0.8009749679189099,2.25441504438317,0.9057641277167233,0.8324059622617055,2.281642433843572,0.011442405238345912,0.046161691962959245,0.03777808502638827,1.5338678689025314,2.245306160182708,1.8304235487235545,-1.4323145140602014,-0.8713257003363282,1.1892171015022843,0.05845254131927923,0.20426409489942182,-0.17673966032016836,0.4806212927277474,-0.29325923816805544,-0.5966254581689239,-0.183857186924163,0.5224185384276743,-0.40803851399306373,-0.1823997307763769,-0.41292729779365545,-0.6237578357005229,1.575065838549261,2.392126637804941,1.5180860496706106,-1.1614162295949166,-0.9236391599815941,1.0392371573601007,0.0,0.0,0.0,0.0,0.0,0.0,0.0,0.0,0.0,0.0,0.0,0.0,9.0,9.0,9.0,9.0,9.0,9.0,6.0,6.0,6.0,6.0,6.0,6.0,-0.10428942461752966,36.92971654752835,9.191971231330161,0.5608537037003498,-0.03905529340913261,-0.00011375159934146062,1.5054707322950953
43.13333333333345,-0.17863386762757077,-0.4822971417346763,0.18818756220251526,0.04436047741306962,-0.0012554375048983157,0.06673188083905617,-0.063319397689237,-0.0523977934482667,0.10282815076751425,0.0,0.0,0.0,-0.1818561343459069,-0.4813736741885756,0.17973629823346526,0.041140113047694576,0.01014261472415165,0.05061310405759411,-0.015091515731393113,-0.11584538154880963,0.22748997004649363,0.0,0.0,0.0,0.8446038277705934,0.7921202427572778,2.2416692253182484,0.8990011151787963,0.8279875634534439,2.2714492833572684,0.010932320369860908,0.0490319518661051,0.04184574975145735,1.5354677487687882,2.252741728650308,1.8241278712526692,-1.4172039110552779,-0.8815827950184582,1.169042936806851,0.051481777764899754,0.21679940098514763,-0.18482676952443086,0.46241915767438735,-0.30289497303195245,-0.6023584466316448,-0.2091229066313843,0.3760591825717746,-0.24261327612787506,-0.5460640516008007,-0.2890720459169109,-0.17198965388163,1.575065838549261,2.392126637804941,1.5180860496706106,-1.1614162295949166,-0.9236391599815941,1.0392371573601007,0.0,0.0,0.0,0.0,0.0,0.0,0.0,0.0,0.0,0.0,0.0,0.0,9.0,9.0,9.0,9.0,9.0,9.0,6.0,6.0,6.0,6.0,6.0,6.0,-0.20019356991713022,36.90104800403427,9.181974943724903,0.5388496870428997,-0.03704157725560253,-8.492719845631935e-05,1.4707078774679903
43.16666666666678,-0.17731591140228412,-0.4824350429249039,0.1905713800691738,0.041264520965168056,-0.002846412488704113,0.06936776756194661,-0.07275409727797336,-0.037326943547042274,0.06847655065253982,0.0,0.0,0.0,-0.18051171282035208,-0.48111922350561465,0.18158329780596785,0.04078659356137524,0.007930802289339737,0.055399471805276136,-0.0366867548470462,-0.10234613077600407,0.18982639580380267,0.0,0.0,0.0,0.8359757755509784,0.7827271744463999,2.2290897112752743,0.8916368362628007,0.8224637015525565,2.260892129713718,0.010216736968591562,0.05119558280886881,0.04519044785049403,1.5368224130500356,2.260343490025663,1.817814258742281,-1.4031332420340976,-0.891938554601631,1.1493123477590643,0.04425387821324917,0.2243016945021486,-0.18788117338257196,0.43555309964839745,-0.30808018267410486,-0.5953979298329489,-0.2168369865495175,0.2250688055100293,-0.09163211574423291,-0.8059817407796979,-0.15555628926457166,0.20881550396087856,1.575065838549261,2.392126637804941,1.5180860496706106,-1.1614162295949166,-0.9236391599815941,1.0392371573601007,0.0,0.0,0.0,0.0,0.0,0.0,0.0,0.0,0.0,0.0,0.0,0.0,9.0,9.0,9.0,9.0,9.0,9.0,6.0,6.0,6.0,6.0,6.0,6.0,-0.2696282389509279,36.87332504944116,9.16285514824632,0.5179570871414827,-0.035091427742343084,-5.612538456556404e-05,1.3872248047955715
43.20000000000011,-0.17611004212089157,-0.4826035017678596,0.192953896472566,0.03799007431625259,-0.0040101214080905615,0.07031076629829515,-0.07762268384409397,-0.025451831467555957,0.018628472470136506,0.0,0.0,0.0,-0.17919333412502836,-0.4809286470568588,0.18354680509745572,0.04005006833709204,0.005953726165167155,0.05909902146069151,-0.05407334336536884,-0.09001884222488332,0.1366234606623049,0.0,0.0,0.0,0.8276851304444124,0.7732615577104643,2.216902438790067,0.8838306767594276,0.8161093543415026,2.25012449429443,0.009372827188995323,0.052609378368480855,0.04766855932442798,1.5379590990792011,2.2679087343188233,1.8116263284019092,-1.3901974165541262,-0.9021374158238373,1.130471880334695,0.037485013321061404,0.2260721173639178,-0.18638566460162972,0.4039008761488919,-0.3066706186688308,-0.5752753250983733,-0.20306594676563303,0.05311268585307586,0.04486526342826704,-0.9495667049851657,0.04228692015822283,0.6036781420372686,1.575065838549261,2.392126637804941,1.5180860496706106,-1.1614162295949166,-0.9236391599815941,1.0392371573601007,0.0,0.0,0.0,0.0,0.0,0.0,0.0,0.0,0.0,0.0,0.0,0.0,9.0,9.0,9.0,9.0,9.0,9.0,6.0,6.0,6.0,6.0,6.0,6.0,-0.30900930233877766,36.807659163030515,9.127289147962058,0.4979218733705384,-0.03303482297324645,-1.664224940722825e-05,1.0989514189088672
43.23333333333344,-0.17500851315429075,-0.48279381950977346,0.19532063296507657,0.03480704966106091,-0.00485818071950633,0.07039431010206028,-0.07496750081713227,-0.016931851176029383,-0.00619872022767954,0.0,0.0,0.0,-0.177908504336278,-0.48079611813865064,0.18560606571451438,0.0390632508752989,0.004162674043879893,0.06210028357173557,-0.06495520069628302,-0.08017945641159674,0.10257094675517608,0.0,0.0,0.0,0.8197261524800176,0.7638027233644622,2.205198779158024,0.8756849333008027,0.8090685522609132,2.2392580656193983,0.008406813051770025,0.053360915751153426,0.04933288663770277,1.538906534773931,2.275373455691754,1.8056224762761355,-1.3783858108621156,-0.9120810481403916,1.1125438956800744,0.03144371833495102,0.22465179991325354,-0.18220559738268324,0.3708657392231743,-0.30109618588736287,-0.5503181347918726,-0.18123884958331152,-0.0426095235199279,0.12540201656839475,-0.9910541077715295,0.16723298344403748,0.7487157091950192,1.575065838549261,2.392126637804941,1.5180860496706106,-1.1614162295949166,-0.9236391599815941,1.0392371573601007,0.0,0.0,0.0,0.0,0.0,0.0,0.0,0.0,0.0,0.0,0.0,0.0,9.0,9.0,9.0,9.0,9.0,9.0,6.0,6.0,6.0,6.0,6.0,6.0,-0.3103559443426769,36.87392290278737,9.095245202461252,0.48021406242878567,-0.03135669256827023,1.0763020275028623e-06,1.230189398036645
43.26666666666677,-0.17400052689966256,-0.48300051582080145,0.19764656805637323,0.031866902921021276,-0.005491117998359218,0.06968282243030917,-0.06837270080423791,-0.011579282997625277,-0.02907964719855382,0.0,0.0,0.0,-0.17666170984382173,-0.48071697644254124,0.18773811094983098,0.037923959556524375,0.0025201864685199847,0.06440394845525495,-0.07107393762194292,-0.07225950213262955,0.06897267999388523,0.0,0.0,0.0,0.8121507265075395,0.7546778806828571,2.1940918842816135,0.8673093191137285,0.8015736792073197,2.2284057159855775,0.007392568848221634,0.05345469366377941,0.05014404188741155,1.5397077560798844,2.282655189590399,1.799864539108349,-1.3676688435521323,-0.9216167687419624,1.0957418919487456,0.026505665564052084,0.2205186112773152,-0.17589394248329362,0.33796125927405973,-0.2910798073272054,-0.519479452890533,-0.14814158312696807,-0.12399565907814994,0.18934964698168874,-0.987134398473437,0.3004913568047234,0.9251604570401881,1.575065838549261,2.392126637804941,1.5180860496706106,-1.1614162295949166,-0.9236391599815941,1.0392371573601007,0.0,0.0,0.0,0.0,0.0,0.0,0.0,0.0,0.0,0.0,0.0,0.0,9.0,9.0,9.0,9.0,9.0,9.0,6.0,6.0,6.0,6.0,6.0,6.0,-0.28678234180074313,36.96003404974978,9.059870758890012,0.4638217177887713,-0.029771181347028497,2.7202687314265006e-05,0.8550951867030754
43.300000000000104,-0.17308145756844195,-0.4832164298295678,0.19989325785455184,0.029098642175604247,-0.005912543121138005,0.06792799065146948,-0.06461176950366997,-0.006393720415719329,-0.0593563584255417,0.0,0.0,0.0,-0.17545870028890878,-0.48068584886132915,0.18991340991316158,0.03661409336716312,0.0010390625177645137,0.06584073314977656,-0.07800431895104731,-0.06384186866750063,0.02772663716066459,0.0,0.0,0.0,0.8051315754146834,0.7460884073359015,2.183625519466211,0.8588644087210768,0.7938240775544754,2.217654155908674,0.006352991072597385,0.052869894479927015,0.05014417537324273,1.540380132358704,2.2896375568749407,1.79441875014721,-1.358062171988191,-0.9306921386601574,1.080285373624878,0.022282747431076354,0.21315354944993714,-0.16754709338387927,0.30478718437018093,-0.27853400080630236,-0.4822901841075301,-0.12668754398927187,-0.22095185482134205,0.2504054729824303,-0.9952222471163649,0.3763741956270915,1.1156780634900862,1.575065838549261,2.392126637804941,1.5180860496706106,-1.1614162295949166,-0.9236391599815941,1.0392371573601007,0.0,0.0,0.0,0.0,0.0,0.0,0.0,0.0,0.0,0.0,0.0,0.0,9.0,9.0,9.0,9.0,9.0,9.0,6.0,6.0,6.0,6.0,6.0,6.0,-0.2838278641801997,37.00055107371744,9.01525752116658,0.4477874822181345,-0.02838528565643439,5.230999566852024e-05,0.6064307954076629
43.333333333333435,-0.1722324038266605,-0.4834431007002683,0.2020615835591312,0.02676481379337132,-0.0062899398384211585,0.06583126839622006,-0.05308931544957811,-0.006105634676677586,-0.06876180541003703,0.0,0.0,0.0,-0.1742988469406672,-0.4807008087138075,0.19211690334547213,0.035295865719606925,-0.0003679462046069981,0.06675984604766749,-0.0771575423147648,-0.059690918360850276,0.003587576191202313,0.0,0.0,0.0,0.7985559652865862,0.7381218717165497,2.173863246367498,0.8504005922035243,0.7859700755760394,2.2070933063110463,0.0053210691807756005,0.051735894417414656,0.04938767315392727,1.5409760749341783,2.296327461701595,1.7892760243729504,-1.3494219000067798,-0.9392171046265686,1.0660807998011177,0.019346433986509405,0.20484927968306027,-0.15870354661315192,0.2744011677516173,-0.2633439862636577,-0.4448548711777168,-0.08808940333700845,-0.24912809300630653,0.2653064031218204,-0.9115804985569081,0.4557004362793406,1.123059387894398,1.575065838549261,2.392126637804941,1.5180860496706106,-1.1614162295949166,-0.9236391599815941,1.0392371573601007,0.0,0.0,0.0,0.0,0.0,0.0,0.0,0.0,0.0,0.0,0.0,0.0,9.0,9.0,9.0,9.0,9.0,9.0,6.0,6.0,6.0,6.0,6.0,6.0,-0.2302817467701086,37.15779608241501,8.977764188297243,0.43412198648003897,-0.02717506040119466,6.30492403860261e-05,0.5499722675347529
43.36666666666677,-0.17143953864002223,-0.48368098246081925,0.20414674557502188,0.024854683323144236,-0.006661986148962552,0.06351627005781894,-0.042121146661551395,-0.0067311297956630795,-0.07448387764530828,0.0,0.0,0.0,-0.17318113110965078,-0.48075996140447436,0.19433393101044288,0.034003419612592095,-0.001714658148101192,0.06722360590321477,-0.07472137470618012,-0.05625949094222449,-0.017309221908893946,0.0,0.0,0.0,0.7926915943541233,0.7307723318387581,2.1646733358327963,0.8421038428520117,0.7781057941560942,2.1967324412219087,0.004284696111888191,0.05001180368183785,0.04804686632508786,1.541502870520725,2.3026928657488965,1.7844493455077668,-1.3418073803656323,-0.9473563761930263,1.053247825479356,0.016984723059768985,0.19559117417371288,-0.1494347595080559,0.24375744874015723,-0.2505667600837056,-0.40494444349447156,-0.07085132780221257,-0.2777431652804218,0.27806361315288025,-0.9193115703438027,0.38331678539856195,1.197312830497358,1.575065838549261,2.392126637804941,1.5180860496706106,-1.1614162295949166,-0.9236391599815941,1.0392371573601007,0.0,0.0,0.0,0.0,0.0,0.0,0.0,0.0,0.0,0.0,0.0,0.0,9.0,9.0,9.0,9.0,9.0,9.0,6.0,6.0,6.0,6.0,6.0,6.0,-0.20964401719632142,37.29402024257273,8.936099473656672,0.42020329599317846,-0.026414972739426057,7.406827076866795e-05,0.3679907244532411
43.4000000000001,-0.17068970076349832,-0.48393184745758855,0.20614606746966602,0.02334981800160844,-0.007065158214042229,0.06106478541713526,-0.03160510982936993,-0.008215491671263293,-0.0779234777111401,0.0,0.0,0.0,-0.1721036156613356,-0.4808620042859057,0.1965515717184343,0.032765533486707195,-0.003018455379270199,0.06728634893527476,-0.07096925914632468,-0.05370735234360069,-0.03538774339280426,0.0,0.0,0.0,0.7874197092914732,0.723975609003787,2.1560568682096757,0.8340211901076232,0.7702855519615867,2.1866134400817834,0.003251246611257641,0.04784931471315348,0.04621195837820584,1.5419904415419405,2.308743016343711,1.7799089120344176,-1.335066344770604,-0.955096300816017,1.0416008504035148,0.015412994777571153,0.1862000699541918,-0.14062025596967034,0.21607319481395035,-0.23832074582105148,-0.36792098268164775,-0.04715184846593497,-0.2817331265856325,0.2644351061515672,-0.8305276177862065,0.36738042787962344,1.110703824384715,1.575065838549261,2.392126637804941,1.5180860496706106,-1.1614162295949166,-0.9236391599815941,1.0392371573601007,0.0,0.0,0.0,0.0,0.0,0.0,0.0,0.0,0.0,0.0,0.0,0.0,9.0,9.0,9.0,9.0,9.0,9.0,6.0,6.0,6.0,6.0,6.0,6.0,-0.16989973825458526,37.46324491301393,8.896065014191493,0.4083603268197894,-0.02561334146927119,7.124225499405279e-05,0.28476655442073434
43.43333333333343,-0.16998195460445595,-0.4841872603287064,0.20804045798675525,0.02199868426906123,-0.007310117838028705,0.058176764172719095,-0.028562695847526298,-0.003900782662848176,-0.09047212561852346,0.0,0.0,0.0,-0.1710682975161521,-0.481001332531293,0.19875050946459422,0.03148475409064927,-0.0041707395886539,0.066790961163681,-0.07192241731228766,-0.04602828839134787,-0.060747938977146365,0.0,0.0,0.0,0.7826452388885597,0.7176574711892172,2.1480536599288333,0.8261754802541692,0.7625431470244305,2.1767972100863466,0.002209190024030805,0.045364614934343524,0.043950153958650706,1.5424480037081305,2.314434377528619,1.7756717278597944,-1.3290995113318584,-0.9623874548913667,1.030997400703154,0.014288908249656491,0.1758939136828913,-0.131617102149017,0.19136106704622638,-0.225263330114009,-0.334709321567764,-0.03372259583743984,-0.30918468813901473,0.27009461461960055,-0.7413638330317192,0.3917224712112737,0.9963498334165124,1.575065838549261,2.392126637804941,1.5180860496706106,-1.1614162295949166,-0.9236391599815941,1.0392371573601007,0.0,0.0,0.0,0.0,0.0,0.0,0.0,0.0,0.0,0.0,0.0,0.0,9.0,9.0,9.0,9.0,9.0,9.0,6.0,6.0,6.0,6.0,6.0,6.0,-0.1546138238061172,37.58000866951115,8.85962554686907,0.39814531592066443,-0.02476661500234867,6.368666124378919e-05,0.17376510717607058
43.46666666666676,-0.16930109088975137,-0.4844510465786078,0.20984033519194292,0.021004209233640134,-0.007575741341911423,0.05534436367654187,-0.019138830171929855,-0.00474984691329197,-0.08839461493486023,0.0,0.0,0.0,-0.17007136705421247,-0.48117654247293706,0.20092264620880862,0.030296693379948624,-0.005264036113874665,0.06600423540436784,-0.06643327246676067,-0.04285276279008077,-0.07313584074295543,0.0,0.0,0.0,0.7782626054970492,0.7116970730612819,2.1406086679334364,0.8185693226525769,0.7548781284709783,2.167308094223644,0.001163464387150398,0.04267122291928084,0.04138179782731642,1.5429001914750538,2.3198099570175756,1.771690080684146,-1.3237753864232065,-0.9692852674436694,1.0212238231833657,0.013806724755013511,0.16614289434010193,-0.12350531089597368,0.17026952052177916,-0.21304402775072442,-0.3070413242516878,-0.014465504839289395,-0.2925305802836813,0.24335373759130002,-0.6327463957334166,0.36657907089853764,0.8300399194822871,1.575065838549261,2.392126637804941,1.5180860496706106,-1.1614162295949166,-0.9236391599815941,1.0392371573601007,0.0,0.0,0.0,0.0,0.0,0.0,0.0,0.0,0.0,0.0,0.0,0.0,9.0,9.0,9.0,9.0,9.0,9.0,6.0,6.0,6.0,6.0,6.0,6.0,-0.11520180295573557,37.76438974850775,8.82607200544349,0.38881946938512446,-0.024154842099278317,5.1582705340780244e-05,0.1290521464901575
43.50000000000009,-0.1686427562306817,-0.4847209088205276,0.21154681993141766,0.02021677673868242,-0.007800867733361902,0.05254728808587503,-0.014004318964160871,-0.003653461906713909,-0.08700722361541895,0.0,0.0,0.0,-0.16911155473042794,-0.4813843553243298,0.20305876693408803,0.02915578006392507,-0.006263640051896848,0.06493697761865161,-0.06319967417218919,-0.03807103152200941,-0.0848922225758808,0.0,0.0,0.0,0.7742278053553007,0.7060012834103865,2.133658629130062,0.8112174197734418,0.7472858627724875,2.1581558295472476,0.00011771751460028235,0.039837629762427045,0.0386075901034772,1.5433489833466862,2.324881781132026,1.767941705613916,-1.3190085046039,-0.975844233202284,1.012146904966995,0.013578079017653436,0.15681744706904438,-0.11613593836992779,0.15209414322672404,-0.20219399108920044,-0.28388547241130646,-0.006859372120802258,-0.27976341813172645,0.2210811757813765,-0.5452613188516531,0.3255010998457196,0.6946755552114396,1.575065838549261,2.392126637804941,1.5180860496706106,-1.1614162295949166,-0.9236391599815941,1.0392371573601007,0.0,0.0,0.0,0.0,0.0,0.0,0.0,0.0,0.0,0.0,0.0,0.0,9.0,9.0,9.0,9.0,9.0,9.0,6.0,6.0,6.0,6.0,6.0,6.0,-0.09673921872284064,37.92997065698724,8.795337264698523,0.38033933681363763,-0.02362782189706203,4.1194074428263505e-05,0.08380058291556212
43.533333333333424,-0.16801296595123838,-0.48498637364609604,0.21314671583110809,0.019378066421709084,-0.00780345043577356,0.04949377884163236,-0.016599927771846622,0.002903401492239893,-0.09438303586240145,0.0,0.0,0.0,-0.16819189135245838,-0.4816176482411245,0.20514416196642807,0.02794405972103737,-0.007065074292246654,0.06344882832785326,-0.0656373648245534,-0.028381194395548093,-0.103220091894622,0.0,0.0,0.0,0.7705226075647734,0.7005530150107742,2.1272212158201658,0.8041406921082219,0.739786740102031,2.149375569342141,-0.0009266738930876588,0.036903646662945856,0.03565827521094847,1.543786677534274,2.329611200483383,1.7644576324623267,-1.3147730426380084,-0.9820321171464506,1.0037329511450457,0.01327991009097276,0.14686086938348922,-0.10839344248842775,0.13540728706007066,-0.19115567591306568,-0.26290756724275754,-0.00894506780042029,-0.29869733056665476,0.23227487644500133,-0.5006056849996011,0.3311494552840434,0.629337155056467,1.575065838549261,2.392126637804941,1.5180860496706106,-1.1614162295949166,-0.9236391599815941,1.0392371573601007,0.0,0.0,0.0,0.0,0.0,0.0,0.0,0.0,0.0,0.0,0.0,0.0,9.0,9.0,9.0,9.0,9.0,9.0,6.0,6.0,6.0,6.0,6.0,6.0,-0.1054965152020455,38.032371824654476,8.770444973539426,0.3730166060006401,-0.023013128241462066,3.6348296873489616e-05,0.07935266957359567
43.566666666666755,-0.1674086612517458,-0.4852411433737267,0.2146475513093975,0.01858400575893172,-0.00760452500080525,0.04650193933154542,-0.01623847141544605,0.008850886312730177,-0.09224230966409822,0.0,0.0,0.0,-0.1673124939720318,-0.4818700529433862,0.20717202271640972,0.0267193400578081,-0.00767240007962257,0.06172327986635963,-0.06531421612896482,-0.019005033804034177,-0.1126332180856755,0.0,0.0,0.0,0.76711999757151,0.695327446855024,2.121242440162896,0.7973549564678014,0.732397788500934,2.1409745797791486,-0.001949997493639749,0.033912358502924025,0.032603373559165705,1.5442147903409038,2.334016422140939,1.761233065844139,-1.3110159505493346,-0.9878851747602858,0.9959111256227882,0.01298889282958909,0.13705805627894738,-0.10062247985989362,0.1202776041268359,-0.18077971091439493,-0.24407236619273623,-0.008730517841510051,-0.29408439313625545,0.23312887885602407,-0.4538904879970429,0.311278949960122,0.5650560315006394,1.575065838549261,2.392126637804941,1.5180860496706106,-1.1614162295949166,-0.9236391599815941,1.0392371573601007,0.0,0.0,0.0,0.0,0.0,0.0,0.0,0.0,0.0,0.0,0.0,0.0,9.0,9.0,9.0,9.0,9.0,9.0,6.0,6.0,6.0,6.0,6.0,6.0,-0.10385018238378252,38.17001068864812,8.752059678328516,0.36671662271072797,-0.022551031362285867,3.2716772394358884e-05,0.09872842990209853
43.60000000000009,-0.16683317278872495,-0.48547433986808847,0.21605046087703067,0.01773805366741261,-0.007119472921652055,0.04355094884294951,-0.018831618862656038,0.017219472968299725,-0.09071490202210172,0.0,0.0,0.0,-0.16647544767701197,-0.4821330913389636,0.2091349874851335,0.025439320996050126,-0.00803175155865384,0.059773320521521525,-0.06702681690995593,-0.007179952268840495,-0.12135460239343265,0.0,0.0,0.0,0.7640396018563314,0.6904857002124855,2.1157303320418834,0.7908906157482496,0.7252139215465289,2.132976482114048,-0.0029007461008979975,0.03084787386038612,0.02942734284383777,1.5446339822946262,2.338090173071428,1.7582974806892786,-1.3077171125629814,-0.9933506386847942,0.9887758414940603,0.012713470017642493,0.12716103736942921,-0.09225252971717215,0.10606929443600885,-0.16956918212830185,-0.22406313797213587,-0.008262684358397908,-0.29691056728554466,0.25109850428164376,-0.4262492907248114,0.3363158635827924,0.6002768466180106,1.575065838549261,2.392126637804941,1.5180860496706106,-1.1614162295949166,-0.9236391599815941,1.0392371573601007,0.0,0.0,0.0,0.0,0.0,0.0,0.0,0.0,0.0,0.0,0.0,0.0,9.0,9.0,9.0,9.0,9.0,9.0,6.0,6.0,6.0,6.0,6.0,6.0,-0.10523623069734533,38.29028564434858,8.741135832751533,0.361612783457572,-0.022028468233814547,4.1382070312900865e-05,0.17183911228617327
43.63333333333342,-0.16628937895714768,-0.4856741291855441,0.21735395776825153,0.016816870625611158,-0.006299627293310259,0.04057859020551127,-0.021989920570702925,0.0268488994825908,-0.09116375757429068,0.0,0.0,0.0,-0.16568301229914198,-0.48239725873299283,0.21102530767744906,0.024093206538227226,-0.008108676534184504,0.05759091480472368,-0.06925140513620942,0.0061434738926484656,-0.13039436393430837,0.0,0.0,0.0,0.7609696912434564,0.686138522199329,2.110647670977518,0.784637612867817,0.7183267529543834,2.1253859057879363,-0.0036747118956852853,0.0278482639443646,0.026153525717212574,1.5450498882193866,2.3418784453930153,1.7555886712662323,-1.3045395523445658,-0.9983473592893373,0.9821094692638302,0.012555941834420778,0.11815245888822723,-0.0849270316999819,0.09890763584698321,-0.15645747280029534,-0.20801515726197792,-0.0047258454966514225,-0.2702573544360594,0.2197649405157075,-0.21484975767076903,0.39335127984019547,0.48143942130473827,1.575065838549261,2.392126637804941,1.5180860496706106,-1.1614162295949166,-0.9236391599815941,1.0392371573601007,0.0,0.0,0.0,0.0,0.0,0.0,0.0,0.0,0.0,0.0,0.0,0.0,9.0,9.0,9.0,9.0,9.0,9.0,6.0,6.0,6.0,6.0,6.0,6.0,-0.09198389791563422,38.44673079940395,8.726490678447714,0.35827781887732524,-0.021477991921909023,4.1510231697461375e-05,0.160096044960342
43.66666666666675,-0.16577850094592983,-0.4858406403896142,0.21855456761087305,0.015846256817437506,-0.005370062300457797,0.03752976534666875,-0.02432549938823389,0.02970597143267812,-0.09323728485648748,0.0,0.0,0.0,-0.16493669413713796,-0.4826576721386011,0.21283458619570303,0.022698875512572957,-0.008017610604831277,0.05515814531189621,-0.07061745551954601,0.013865552001361081,-0.14022024127697463,0.0,0.0,0.0,0.757976745634233,0.6822700600233351,2.1060666177559764,0.7786057837181385,0.711777371576508,2.1182505890645786,-0.004333468023913137,0.02489221981468915,0.022786882764046855,1.5454662413221665,2.3453536337381578,1.7531459632617785,-1.3015790027209617,-1.0028366858126494,0.9759668303597357,0.012512376000404186,0.10888791986559937,-0.07716317065573819,0.09218020442107187,-0.14193902139967693,-0.19219116383588283,-0.0013069750204977512,-0.2779361706788356,0.23291583132731136,-0.2018229427773404,0.43555354201855234,0.4747198027828527,1.575065838549261,2.392126637804941,1.5180860496706106,-1.1614162295949166,-0.9236391599815941,1.0392371573601007,0.0,0.0,0.0,0.0,0.0,0.0,0.0,0.0,0.0,0.0,0.0,0.0,9.0,9.0,9.0,9.0,9.0,9.0,6.0,6.0,6.0,6.0,6.0,6.0,-0.0885844881756026,38.53635028838691,8.711189906816784,0.35325787213662796,-0.02095184252328086,4.258227708814344e-05,0.2827307071876889
43.70000000000008,-0.16529957617217192,-0.48596792162616287,0.21966054807904703,0.01487803977727006,-0.0042821388220465805,0.03461964072855162,-0.02494930088317541,0.033971734430494366,-0.08892234600677049,0.0,0.0,0.0,-0.16423684827538382,-0.48290784437893997,0.21455977707117346,0.021288737350678866,-0.007734128281944534,0.052610709884488245,-0.07044389790637595,0.022663639056268003,-0.14351454162641808,0.0,0.0,0.0,0.7548273769295959,0.6789338657618088,2.1021012715014584,0.7726965680879065,0.7056244366890332,2.1116439679213257,-0.004845206129565306,0.02208020760593912,0.019291676688473904,1.5459067558285715,2.348547958250855,1.7509644372887885,-1.2987072525389933,-1.0066683085947317,0.970203368902499,0.012981082128237767,0.10018246354247623,-0.06935157634504757,0.08816173844639533,-0.12394546277487008,-0.17933295042336297,0.01406118383500743,-0.26116368969369413,0.23434782932071846,-0.12055397924029662,0.5398067587442055,0.38574640237559615,1.575065838549261,2.392126637804941,1.5180860496706106,-1.1614162295949166,-0.9236391599815941,1.0392371573601007,0.0,0.0,0.0,0.0,0.0,0.0,0.0,0.0,0.0,0.0,0.0,0.0,9.0,9.0,9.0,9.0,9.0,9.0,6.0,6.0,6.0,6.0,6.0,6.0,-0.05831065534735136,38.668007930722005,8.704592582834566,0.34979901417862735,-0.02034923381562459,3.8941056065555646e-05,0.31428348632436676
43.73333333333341,-0.16485206281533757,-0.4860534273177098,0.22068131115698297,0.013921563042169082,-0.0030887686337667825,0.03194364231986734,-0.025127587598952655,0.036618166194651545,-0.08178507779101332,0.0,0.0,0.0,-0.16358352536779364,-0.48314251091876786,0.21620009525921835,0.01987546080406464,-0.007286261533530611,0.05002719283036611,-0.06968832639929001,0.030030536318595757,-0.14307411221468103,0.0,0.0,0.0,0.751385201130642,0.6761466151071682,2.0988263996166148,0.766824745018263,0.6999116931883669,2.105632577012713,-0.005206562259806977,0.01945822816166071,0.015670895325257117,1.5463860130394027,2.3514897498338554,1.7490396125299414,-1.2958604666197127,-1.00975211492423,0.9647246664710641,0.013912171592705715,0.09222998617416436,-0.061613687291958034,0.08632296453441186,-0.10299128084825171,-0.16935169876981887,0.027932683934038454,-0.23857432104935594,0.23213667159268606,-0.05516321735950392,0.6286254577985508,0.29943754960632324,1.575065838549261,2.392126637804941,1.5180860496706106,-1.1614162295949166,-0.9236391599815941,1.0392371573601007,0.0,0.0,0.0,0.0,0.0,0.0,0.0,0.0,0.0,0.0,0.0,0.0,9.0,9.0,9.0,9.0,9.0,9.0,6.0,6.0,6.0,6.0,6.0,6.0,-0.02870407602858638,38.80083714530536,8.698369823437897,0.34624827961943977,-0.019811983737995753,3.448048816878657e-05,0.34785199531821126
43.766666666666744,-0.16443472227477982,-0.4861036792351407,0.22161963174246013,0.012994962987659734,-0.0019911484900909477,0.029401736888088656,-0.024687034999680498,0.0333102503164057,-0.07762912134002195,0.0,0.0,0.0,-0.1629762004123625,-0.4833605737643931,0.21775329039503336,0.018475790645049953,-0.006785913354161319,0.047381357997553164,-0.06816328054781895,0.031994266968530916,-0.14393106679042234,0.0,0.0,0.0,0.7477801992430627,0.6738516293696902,2.096151622088358,0.7610143008582693,0.6946459327917857,2.100214081903255,-0.005453700477664572,0.016967676892918653,0.01202950132620536,1.5468919473723313,2.3541855887905743,1.7473528469960709,-1.2930857897322507,-1.0121980002881819,0.9595732598713512,0.01475607718947234,0.08466010785909919,-0.05427320644139581,0.08426785926071212,-0.083248134228457,-0.15947869825086605,0.025317167902998743,-0.22709634945195498,0.22021442551686662,-0.061653158210992494,0.5922943985938409,0.29619001556858493,1.575065838549261,2.392126637804941,1.5180860496706106,-1.1614162295949166,-0.9236391599815941,1.0392371573601007,0.0,0.0,0.0,0.0,0.0,0.0,0.0,0.0,0.0,0.0,0.0,0.0,9.0,9.0,9.0,9.0,9.0,9.0,6.0,6.0,6.0,6.0,6.0,6.0,-0.028704994593466537,38.8912232796592,8.678094655990792,0.3406957941964337,-0.01955741468031147,3.376459906245799e-05,0.3671265427883281
43.800000000000075,-0.16404255358491,-0.48612124964981435,0.22249347358823696,0.012178960663618173,-0.0009757321546614815,0.027263917839696138,-0.02168576021091774,0.0304421892797835,-0.0654053765490879,0.0,0.0,0.0,-0.16241244777042435,-0.4835605008204893,0.219224006082675,0.017141319849829154,-0.006238484367433549,0.04484748608563185,-0.06421911856259976,0.0336884870635803,-0.1365275103009589,0.0,0.0,0.0,0.7438860095067388,0.6720652767408833,2.0941225100854592,0.7552043508266537,0.6898540604692396,2.095424514374338,-0.005569841701256245,0.014659312732489395,0.008362172356803267,1.5474436954396817,2.3566888291457633,1.7458780700268135,-1.2903166956463819,-1.0139479552168968,0.9546546626768813,0.01595365374349637,0.07828484305681302,-0.0475866081989469,0.0834711681376183,-0.06274847665045372,-0.15153150997302156,0.035927296620720944,-0.19125794406858526,0.20059794727346725,-0.023900733692814567,0.6149897273400988,0.23841564833533496,1.575065838549261,2.392126637804941,1.5180860496706106,-1.1614162295949166,-0.9236391599815941,1.0392371573601007,0.0,0.0,0.0,0.0,0.0,0.0,0.0,0.0,0.0,0.0,0.0,0.0,9.0,9.0,9.0,9.0,9.0,9.0,6.0,6.0,6.0,6.0,6.0,6.0,0.0002770909266076593,39.02664091912457,8.666771791977515,0.33628844427162674,-0.019227548849264586,3.057514795362648e-05,0.3935156493526194
43.83333333333341,-0.1636723822957941,-0.48611227045290206,0.22331843721768194,0.011464618729072396,-0.00011024875356545208,0.02557344955700656,-0.01883606541646088,0.025707200699930505,-0.05189211105846222,0.0,0.0,0.0,-0.1618899029941369,-0.4837426034287563,0.22061822442890647,0.015878090117152115,-0.0056924305451548736,0.04248597534837709,-0.06005139447184371,0.03306788806729699,-0.1263799860078545,0.0,0.0,0.0,0.7398214973213456,0.6705195768274246,2.092571321473421,0.7494225558365225,0.6854408115258651,2.091215240621195,-0.005639893521629276,0.012525556019287147,0.004845453552102176,1.5480172319315562,2.3590317525072235,1.744583303028155,-1.2876322170934464,-1.0152208318197602,0.9498707889485698,0.016788614418655288,0.07295341491480661,-0.041757542706150855,0.08151329377124733,-0.04637369094075104,-0.14618797789056964,0.025048820254767505,-0.159942844260192,0.1748719647838814,-0.05873623099112932,0.49124357129108015,0.16030596247355788,1.575065838549261,2.392126637804941,1.5180860496706106,-1.1614162295949166,-0.9236391599815941,1.0392371573601007,0.0,0.0,0.0,0.0,0.0,0.0,0.0,0.0,0.0,0.0,0.0,0.0,9.0,9.0,9.0,9.0,9.0,9.0,6.0,6.0,6.0,6.0,6.0,6.0,-0.008581524706684718,39.13617998119775,8.647355043892565,0.33039566019095395,-0.019253309846888333,1.805474304378274e-05,0.34016656185113386
43.86666666666674,-0.16331695848866998,-0.48608826954042295,0.22410805945276044,0.010929880970757505,0.0004756133877136474,0.024302619702513635,-0.013503118408775248,0.017132393494952308,-0.039271578587064385,0.0,0.0,0.0,-0.1614041708490445,-0.48391021010001417,0.22194244686583725,0.014739452643568105,-0.005232922876362945,0.04031912492577524,-0.053410273031026634,0.028413099221340055,-0.11533139364952083,0.0,0.0,0.0,0.7354391583579005,0.6691623019620583,2.091466550133498,0.7436007657020245,0.6813689052998521,2.087570363147465,-0.005635146071213432,0.010629012687155274,0.0014965671825389825,1.548625838265739,2.3612821338576397,1.7433894762545827,-1.2848942515061064,-1.0160328132142205,0.9450556633797528,0.017768331489872644,0.06932543197992387,-0.03779571637349694,0.08193040967055341,-0.031697524869455325,-0.14503183733986383,0.02939151213652068,-0.10883948804648212,0.11885478997961735,0.012513476979182574,0.4402849821388715,0.03468421652117449,1.575065838549261,2.392126637804941,1.5180860496706106,-1.1614162295949166,-0.9236391599815941,1.0392371573601007,0.0,0.0,0.0,0.0,0.0,0.0,0.0,0.0,0.0,0.0,0.0,0.0,9.0,9.0,9.0,9.0,9.0,9.0,6.0,6.0,6.0,6.0,6.0,6.0,0.01582520633337814,39.274898728981604,8.623760125318707,0.32501249323301323,-0.01911870782986891,6.437022067429243e-06,0.35089577466832356
43.90000000000007,-0.16297626651118802,-0.4860551483821388,0.22486042208172058,0.010455880213541944,0.000849988516833981,0.023133264773220363,-0.011697318137167605,0.010618076381561408,-0.0362103634302007,0.0,0.0,0.0,-0.16095318524391958,-0.4840654768195039,0.22319743248508092,0.01367307153917946,-0.004842261382331795,0.03820172230712606,-0.04935288756383338,0.024666744611129943,-0.11136014925959792,0.0,0.0,0.0,0.7307491240885198,0.6680011346809853,2.0907699853238526,0.7377162518643059,0.6776314682845702,2.084472815504221,-0.005550257815219885,0.0089401679128497,-0.0016722747116444752,1.549265884994285,2.363450002755335,1.7422660825372847,-1.2820627524597938,-1.016412589605138,0.9402086932009576,0.018723711734214787,0.06646585528053875,-0.03506644647046208,0.0839401174831006,-0.01816136944150315,-0.14528334935586046,0.028661407330264312,-0.08578730098155353,0.08187809709104579,0.06029123437641525,0.4060846628385653,-0.007545360479898861,1.575065838549261,2.392126637804941,1.5180860496706106,-1.1614162295949166,-0.9236391599815941,1.0392371573601007,0.0,0.0,0.0,0.0,0.0,0.0,0.0,0.0,0.0,0.0,0.0,0.0,9.0,9.0,9.0,9.0,9.0,9.0,6.0,6.0,6.0,6.0,6.0,6.0,0.02320305499159092,39.358333383621435,8.597291145809537,0.31942697347588483,-0.018925942167437704,3.3386396387502515e-06,0.42320713982349467
43.9333333333334,-0.1626429069487691,-0.48602408240529055,0.22559045545225354,0.010150555660822813,0.0009306355385492811,0.022295707751538513,-0.006499864944970437,0.0016004265736111812,-0.026320129487731072,0.0,0.0,0.0,-0.16053211409486992,-0.4842130858716483,0.22439022048694754,0.012742636884072102,-0.004583086753339874,0.036274489811551756,-0.04232560841072264,0.017993720170716543,-0.10077269821830281,0.0,0.0,0.0,0.7254507736912337,0.6670055889014751,2.0905568618048744,0.7316199054001395,0.6742112484963648,2.0819513105368945,-0.005352868238032828,0.0075749393377231525,-0.004700682009031952,1.5499672411550818,2.3656149479579724,1.7411316402702315,-1.2789370135788278,-1.0162610702386543,0.9350770276840782,0.020268360460670994,0.0654541891462645,-0.03437766083121953,0.09049481678035597,-0.003023402484163192,-0.15106109345620583,0.046339461793686164,-0.03034998402822759,0.020663569177276638,0.19664097891766122,0.45413900872019874,-0.17333232301036128,1.575065838549261,2.392126637804941,1.5180860496706106,-1.1614162295949166,-0.9236391599815941,1.0392371573601007,0.0,0.0,0.0,0.0,0.0,0.0,0.0,0.0,0.0,0.0,0.0,0.0,9.0,9.0,9.0,9.0,9.0,9.0,6.0,6.0,6.0,6.0,6.0,6.0,0.07206154912582341,39.50329051403273,8.575362548000939,0.31466630182193395,-0.018569350400297724,-8.728776045074937e-06,0.42824555907180706
43.96666666666673,-0.16231292498510025,-0.4860035474589564,0.22630128880945674,0.00998122734349025,0.0007441142183363943,0.021632446805134327,-0.0023022482511929833,-0.006517630351707859,-0.021150373599263132,0.0,0.0,0.0,-0.16013676394841606,-0.48435761401842037,0.2255244815791569,0.011941043140315912,-0.0044619214229592655,0.034471162008384404,-0.03573126955465833,0.011098067973091652,-0.09349544628357487,0.0,0.0,0.0,0.7198078635757601,0.6660268589743311,2.0906898637214497,0.7253706558584695,0.6710380034453718,2.079955933796075,-0.005132639062598556,0.006412866125288743,-0.007477207196439255,1.5507095905740267,2.3677640831668967,1.7399887360463768,-1.2756865073425412,-1.0157794694067885,0.9297570443917902,0.02160310853245399,0.06480076722724527,-0.034317304754167104,0.09517506365251954,0.008624215809262498,-0.15675336366449544,0.04004244215348988,-0.019602657570576824,0.0018106823115727315,0.14040740616490716,0.3494285488027707,-0.17076810624868832,1.575065838549261,2.392126637804941,1.5180860496706106,-1.1614162295949166,-0.9236391599815941,1.0392371573601007,0.0,0.0,0.0,0.0,0.0,0.0,0.0,0.0,0.0,0.0,0.0,0.0,9.0,9.0,9.0,9.0,9.0,9.0,6.0,6.0,6.0,6.0,6.0,6.0,0.06632074501502716,39.5617122138705,8.548332153704925,0.30764537703543193,-0.018559498856097978,-1.2946540983937993e-05,0.3940686718508063
44.000000000000064,-0.1619894620904137,-0.4859918490338252,0.22698428648129687,0.009794664713949219,0.0005022833410612599,0.02085513268088747,-0.00283100061377828,-0.008238486178639919,-0.024589035423361882,0.0,0.0,0.0,-0.1597659844165769,-0.4844996428924156,0.22659859436597954,0.01118852831674775,-0.004376417396280921,0.03264504535129197,-0.03302012194787052,0.009161195678400347,-0.09331300133358544,0.0,0.0,0.0,0.7140520496180014,0.6651514824650024,2.0910610608031392,0.7190607096268804,0.6681262338425036,2.078428498897875,-0.004882104310881305,0.0053259230207438266,-0.00998479358971226,1.5514717259888628,2.369862901771087,1.7388570751542585,-1.2723961368046084,-1.0150703434764472,0.9244594394919975,0.02244374447420871,0.06357662782622046,-0.03407231942708792,0.09753243197616597,0.017057257209914044,-0.1582032192173523,0.025219078252641518,-0.03672418203074434,0.007349559812375639,0.07072104970939264,0.2529912420195464,-0.04349566658570617,1.575065838549261,2.392126637804941,1.5180860496706106,-1.1614162295949166,-0.9236391599815941,1.0392371573601007,0.0,0.0,0.0,0.0,0.0,0.0,0.0,0.0,0.0,0.0,0.0,0.0,9.0,9.0,9.0,9.0,9.0,9.0,6.0,6.0,6.0,6.0,6.0,6.0,0.0365737570392497,39.57018579710897,8.523129143183347,0.3009773134752142,-0.01852523115932181,-2.1780064065057836e-06,0.4634350868408895
44.033333333333395,-0.16167069324408143,-0.4859932190675382,0.22763854040727463,0.009639022109721871,0.00015797461171227953,0.020022018632796408,-0.001986756551082945,-0.011303746388975817,-0.026266072527681514,0.0,0.0,0.0,-0.1594173657846099,-0.4846415187434018,0.2276129160892683,0.010505778420157916,-0.004356974901570135,0.030825488150951062,-0.029364475868751683,0.005805625448896734,-0.09176187266600877,0.0,0.0,0.0,0.7082969183381618,0.6642896697725216,2.0915532528508662,0.7127542457173418,0.6654325018054594,2.077297618744894,-0.004631296019920249,0.004296316515966648,-0.012163410166142669,1.5522381116539292,2.3719095740568594,1.7377190584162712,-1.2691026458504924,-1.01426914128326,0.9191989522806936,0.022808961459396985,0.06212565499085359,-0.034117774568771964,0.09838062974104368,0.02170979626704581,-0.15794415063186087,0.010956509555648274,-0.043529185061006184,-0.0013636542505213564,0.025445932946331434,0.13957617171395292,0.007772057564743036,1.575065838549261,2.392126637804941,1.5180860496706106,-1.1614162295949166,-0.9236391599815941,1.0392371573601007,0.0,0.0,0.0,0.0,0.0,0.0,0.0,0.0,0.0,0.0,0.0,0.0,9.0,9.0,9.0,9.0,9.0,9.0,6.0,6.0,6.0,6.0,6.0,6.0,0.011188464041845592,39.59343725274983,8.496055944876174,0.29419561387289184,-0.018541423377428368,-2.9058090655897928e-08,0.3455047527784983
44.06666666666673,-0.1613571799867215,-0.48600444796034226,0.22825866451696394,0.009482401340005487,-0.0001561094594449132,0.01906277397715156,-0.002181393718156485,-0.010363028126377979,-0.030023805245660708,0.0,0.0,0.0,-0.15908937809802579,-0.484782758913443,0.22856610439451214,0.009873095970181751,-0.004334960838501429,0.028972891810593596,-0.026696374807504863,0.005760099106989713,-0.0921385626359017,0.0,0.0,0.0,0.7026679141481755,0.6634890441058575,2.0921207610423664,0.7065211155229295,0.6629603113302605,2.076514315695207,-0.004379418599933504,0.003269749890820503,-0.014032104501414861,1.5530007174680505,2.3738780014448304,1.7365986193790908,-1.2658654174672241,-1.0134226518711233,0.9140933071093935,0.02285510343555852,0.06007709942304208,-0.03378137226653302,0.09753811091237935,0.02416638699841713,-0.15476095363662332,0.00138425928484614,-0.061456667034345186,0.010092069067168216,-0.025275564859929833,0.07369772194113972,0.09549590985712654,1.575065838549261,2.392126637804941,1.5180860496706106,-1.1614162295949166,-0.9236391599815941,1.0392371573601007,0.0,0.0,0.0,0.0,0.0,0.0,0.0,0.0,0.0,0.0,0.0,0.0,9.0,9.0,9.0,9.0,9.0,9.0,6.0,6.0,6.0,6.0,6.0,6.0,-0.010316317070444114,39.6028241130899,8.475941733422676,0.2882246662965521,-0.01846520831407039,7.302721727109329e-06,0.37297908851945927
44.10000000000006,-0.16105263176948317,-0.48602132423725886,0.22884098096740582,0.00925115199334763,-0.0003757326333458412,0.017988010066966986,-0.004640508537171072,-0.0074680353371648165,-0.03342870427544252,0.0,0.0,0.0,-0.15878212135101805,-0.4849218202794879,0.22945709538365666,0.009245404319408944,-0.004272772310196394,0.02708856339885262,-0.02621071819304177,0.0075078293230994575,-0.0924728047969432,0.0,0.0,0.0,0.6972575670836527,0.662743389189198,2.092712802335084,0.7004228471759113,0.6606997612507967,2.076029279071755,-0.004138201001425245,0.0022247844703059596,-0.015589917609709932,1.5537444655678057,2.375748012789669,1.7355147730680283,-1.2627347987170465,-1.0125818511799924,0.9092055914352772,0.022493329806957826,0.0574259267044518,-0.03293738364342829,0.09512507864101108,0.02487147615542271,-0.1493412980278657,-0.010853208858020854,-0.07953518155770853,0.025319658693141903,-0.0723909681410481,0.021152674710167296,0.16258966826272853,1.575065838549261,2.392126637804941,1.5180860496706106,-1.1614162295949166,-0.9236391599815941,1.0392371573601007,0.0,0.0,0.0,0.0,0.0,0.0,0.0,0.0,0.0,0.0,0.0,0.0,9.0,9.0,9.0,9.0,9.0,9.0,6.0,6.0,6.0,6.0,6.0,6.0,-0.03732136602382519,39.611730829168685,8.459474873138515,0.28274538975940045,-0.018363521710868413,1.2297748341771886e-05,0.3235045620011963
44.13333333333339,-0.16075835480296954,-0.48604050813984034,0.22938465183586926,0.008968809165771785,-0.0004971510331076715,0.016857627382491525,-0.006398900190176143,-0.004466996894762835,-0.035027246460578816,0.0,0.0,0.0,-0.15849522940761376,-0.48505707840699486,0.23028596680154143,0.008628053308025983,-0.004162734723945103,0.025202194676863104,-0.025481292938982936,0.009603302953377302,-0.09141403332932807,0.0,0.0,0.0,0.6920318411689953,0.662077968682562,2.093329247565747,0.6944684004811542,0.6586527292062675,2.075813576156351,-0.003890508050883876,0.00118616768918821,-0.016872354532172597,1.5544688555985253,2.3775206472002965,1.7344680577329423,-1.2596775351297826,-1.0117304782884518,0.9045223633268227,0.021985577216711478,0.05459466378069925,-0.03191343458286459,0.09285363129228455,0.025317949882618644,-0.1434449948450457,-0.015232577707390456,-0.08493788771257643,0.030718471816911046,-0.06814342046179568,0.013394211815878021,0.17688909548460033,1.575065838549261,2.392126637804941,1.5180860496706106,-1.1614162295949166,-0.9236391599815941,1.0392371573601007,0.0,0.0,0.0,0.0,0.0,0.0,0.0,0.0,0.0,0.0,0.0,0.0,9.0,9.0,9.0,9.0,9.0,9.0,6.0,6.0,6.0,6.0,6.0,6.0,-0.04711187192243815,39.64411462338288,8.446420682421577,0.27808752196067366,-0.018174694187283125,1.434757245605267e-05,0.2879011853672527
44.16666666666672,-0.16047628513288198,-0.48605957313365644,0.22989185342595642,0.008630656676434997,-0.0005372440240306627,0.01575205699857199,-0.008285289410784423,-0.001979107752897132,-0.03420376672892508,0.0,0.0,0.0,-0.15822866527979104,-0.4851871398114575,0.2310543098228209,0.00801332172586747,-0.004009690361716027,0.023357292304294727,-0.025132755942387508,0.011447132303478824,-0.08832102623956795,0.0,0.0,0.0,0.6869777607281734,0.6615038009758203,2.093971127421653,0.688663472868341,0.6568183297962013,2.075843558883845,-0.0036334971023238728,0.00016521477590156946,-0.017906316308796476,1.5551712962871964,2.3791997515216017,1.7334617681783675,-1.2566881086648738,-1.0108582030158264,0.90004025143046,0.021377339512328522,0.05178030768632855,-0.03076360261912098,0.09073973972893794,0.025884822080046117,-0.13745723620893727,-0.018247131131488722,-0.08443068283112112,0.034494958912308145,-0.06341674690039854,0.017006165922824182,0.1796327590832526,1.575065838549261,2.392126637804941,1.5180860496706106,-1.1614162295949166,-0.9236391599815941,1.0392371573601007,0.0,0.0,0.0,0.0,0.0,0.0,0.0,0.0,0.0,0.0,0.0,0.0,9.0,9.0,9.0,9.0,9.0,9.0,6.0,6.0,6.0,6.0,6.0,6.0,-0.05307255048695825,39.686456013580454,8.436030108422603,0.27368908813431847,-0.017967259744659847,1.5250303587177605e-05,0.25501574027315393
44.20000000000005,-0.16020795708912622,-0.4860746768272993,0.2303666582792293,0.008243134307086853,-0.00047322362587690157,0.01473605198690821,-0.00995531579734503,0.0011857536848215615,-0.03143160562483579,0.0,0.0,0.0,-0.15798239217977186,-0.4853099660277291,0.23176498267955103,0.007400053074600565,-0.0037976969484681605,0.021593032395453966,-0.024847929330283236,0.014031759877048522,-0.08342329559949224,0.0,0.0,0.0,0.6820846505379037,0.6610259751160696,2.094634469403705,0.683011344661885,0.6551935302943248,2.076095898368762,-0.0033660113208150598,-0.0008291046607940998,-0.01871252565235046,1.5558490698392329,2.3807910298504367,1.7325028476479358,-1.2537675169295188,-1.009961106382519,0.8957531613263123,0.02068125087817074,0.049085669138813126,-0.02943294481500875,0.08865841461674472,0.026570206692833387,-0.13156088081926492,-0.020882659024733463,-0.08083915642546267,0.03991973412336689,-0.062439753365796595,0.020561538383618135,0.17689066169017043,1.575065838549261,2.392126637804941,1.5180860496706106,-1.1614162295949166,-0.9236391599815941,1.0392371573601007,0.0,0.0,0.0,0.0,0.0,0.0,0.0,0.0,0.0,0.0,0.0,0.0,9.0,9.0,9.0,9.0,9.0,9.0,6.0,6.0,6.0,6.0,6.0,6.0,-0.05787809256351939,39.73406972756422,8.428750518529393,0.2695923895200099,-0.017776073093316747,1.551503875052429e-05,0.22017948562020406
44.233333333333384,-0.15995377414456144,-0.48608469729046455,0.2308102612612763,0.007831052349918946,-0.00035192929652242766,0.013773696727681587,-0.010862125879030333,0.0029423038648438097,-0.029736376076980698,0.0,0.0,0.0,-0.15775598868841603,-0.48542444302926463,0.2324200912811283,0.0067980131283287915,-0.003548297366827209,0.019895739815290858,-0.024106149720454884,0.015565032031410908,-0.07925598203644801,0.0,0.0,0.0,0.6773446041545532,0.660643009204445,2.095313778710789,0.6775145811937502,0.6537723958982159,2.076547588538969,-0.0030894690430755285,-0.0017891249328545475,-0.019308652492853868,1.556501100175334,2.382297307099556,1.731591288800311,-1.2509101250986525,-1.0090406755685335,0.8916526811077582,0.019934357014745163,0.04648743469531606,-0.028042158557498562,0.08670064148957421,0.02726535184398501,-0.12586323131083854,-0.02240681590276726,-0.0779470333049118,0.04172358772530567,-0.058733193815115006,0.02085435453454866,0.17092948525279167,1.575065838549261,2.392126637804941,1.5180860496706106,-1.1614162295949166,-0.9236391599815941,1.0392371573601007,0.0,0.0,0.0,0.0,0.0,0.0,0.0,0.0,0.0,0.0,0.0,0.0,9.0,9.0,9.0,9.0,9.0,9.0,6.0,6.0,6.0,6.0,6.0,6.0,-0.06041807048436465,39.7765917107914,8.419507027249196,0.26540153591809207,-0.017593235915304595,1.5282662580273776e-05,0.18983670285412688
44.266666666666715,-0.15971366225452432,-0.4860850125065119,0.23123019834621272,0.00741218802426862,-0.00011887580024169436,0.012979835985158204,-0.01120182632891955,0.006324076624701993,-0.024597592016336222,0.0,0.0,0.0,-0.15754880210633238,-0.48552809987955,0.23302442877458576,0.006214622454171797,-0.003229624360001028,0.018332803956303455,-0.023024286011973594,0.018601467402850957,-0.07195137902038029,0.0,0.0,0.0,0.6727309072174388,0.6603576775817102,2.0960198683008495,0.6721664671167666,0.6525502009837273,2.0771833632751386,-0.0028028020408703037,-0.0027014536832322892,-0.019721521611372472,1.5571295104887013,2.3837299803853504,1.7307377554679344,-1.2481210160887186,-1.0080821646181037,0.8877205175837543,0.019212991938927636,0.044149277280994284,-0.02641805283336821,0.08468239402853382,0.028258669623255957,-0.12059768091702343,-0.02164095227452587,-0.07014472242965335,0.04872317172391064,-0.06054742383121154,0.02979953337812844,0.15796651181445356,1.575065838549261,2.392126637804941,1.5180860496706106,-1.1614162295949166,-0.9236391599815941,1.0392371573601007,0.0,0.0,0.0,0.0,0.0,0.0,0.0,0.0,0.0,0.0,0.0,0.0,9.0,9.0,9.0,9.0,9.0,9.0,6.0,6.0,6.0,6.0,6.0,6.0,-0.05829462409174391,39.83049614999493,8.415999194450054,0.26172328791595706,-0.017415657060937173,1.4520722657229701e-05,0.16799559096096933
44.30000000000005,-0.1594869871198354,-0.4860744462417707,0.2316325128095462,0.007003720339157776,0.00017523090096341234,0.012362932807782771,-0.010995397646099024,0.008176457545682199,-0.019209020312663156,0.0,0.0,0.0,-0.15735989752425258,-0.4856195655071896,0.2335829521611754,0.005658267691792846,-0.00286539347273489,0.016918405069421896,-0.021560145932056685,0.020478592952808405,-0.06407729204379997,0.0,0.0,0.0,0.6682292372957997,0.6601720033699979,2.0967449878815634,0.666962129587584,0.6515222838354148,2.0779828242443554,-0.0025041427639642816,-0.0035605829071138143,-0.019965522959748336,1.5577351393262047,2.3851028812815773,1.7299392773946576,-1.24539470412856,-1.0070886704030648,0.8839437189714358,0.01851690739637467,0.04217444368486229,-0.024775579076657152,0.08275370387935063,0.02928944084186369,-0.1157351992187122,-0.020882536276589002,-0.05924500788395974,0.049274212701331685,-0.057860704475495774,0.030923136558231947,0.1458744509493367,1.575065838549261,2.392126637804941,1.5180860496706106,-1.1614162295949166,-0.9236391599815941,1.0392371573601007,0.0,0.0,0.0,0.0,0.0,0.0,0.0,0.0,0.0,0.0,0.0,0.0,9.0,9.0,9.0,9.0,9.0,9.0,6.0,6.0,6.0,6.0,6.0,6.0,-0.05488101987834759,39.8859987815341,8.410597198008997,0.2579222739060031,-0.017256018358312808,1.3958775965106085e-05,0.1429512682969775
44.33333333333338,-0.15927367907346052,-0.4860531059179037,0.23202319650177197,0.0066000782467672565,0.0004874908281151044,0.011923293231964109,-0.010905768384700911,0.00870421742581306,-0.013843452910897877,0.0,0.0,0.0,-0.15718851683041446,-0.4856981900960242,0.23410094808918366,0.005125612134362406,-0.0024777780369013335,0.015663106267394276,-0.02027578114630124,0.02128419589691255,-0.055810475134181026,0.0,0.0,0.0,0.6636457861995889,0.6601471931047487,2.0973575219672886,0.6618184184317817,0.6507089125158213,2.0788721652235886,-0.0021042269655193978,-0.004305404379061209,-0.020008615837142363,1.5583114198747412,2.3864866268248464,1.7290969964425509,-1.2424596081841135,-1.006107415367335,0.8801671992179412,0.017697913436189695,0.04173305876032973,-0.025104145401019573,0.0862864868487119,0.02938824766188105,-0.11410879480946251,-0.024569818805549235,-0.013241547735976815,-0.009856989730872604,0.105983489080838,0.0029642046005208013,0.04879213227749056,1.575065838549261,2.392126637804941,1.5180860496706106,-1.1614162295949166,-0.9236391599815941,1.0392371573601007,0.0,0.0,0.0,0.0,0.0,0.0,0.0,0.0,0.0,0.0,0.0,0.0,9.0,9.0,9.0,9.0,9.0,9.0,6.0,6.0,6.0,6.0,6.0,6.0,-0.04814859766286128,39.989938810143954,8.396478404176804,0.2545504929649421,-0.01716009682733821,1.1678205082854554e-05,0.09202464699123174
44.36666666666671,-0.1590730114179163,-0.48602364564820677,0.23240135237394727,0.006212605192371915,0.0007532706123534912,0.011525689722150304,-0.010488212897300658,0.007322867113337822,-0.012505139143632726,0.0,0.0,0.0,-0.15703365043968898,-0.48576467057677236,0.2345809522356656,0.004622649892549747,-0.0021048825780255274,0.014497304748297055,-0.018724627788267778,0.020273265831598053,-0.050968019566092426,0.0,0.0,0.0,0.6591777614247741,0.6602091493659475,2.0978894632757012,0.6567969490001416,0.6500813121267621,2.0798330690889104,-0.0017036880122432395,-0.0050118797415619285,-0.019874239419594687,1.5588551739677263,2.387838880209101,1.728269214053238,-1.2395320929631128,-1.005171771915668,0.8765199727399292,0.01677438633843397,0.040956087271865387,-0.024923696253264304,0.0873124667029133,0.02850895158730134,-0.1109807944967273,-0.027705812932671738,-0.023309144653930358,0.005413474432658079,0.030779395626042177,-0.026378882237391238,0.09384000938205624,1.575065838549261,2.392126637804941,1.5180860496706106,-1.1614162295949166,-0.9236391599815941,1.0392371573601007,0.0,0.0,0.0,0.0,0.0,0.0,0.0,0.0,0.0,0.0,0.0,0.0,9.0,9.0,9.0,9.0,9.0,9.0,6.0,6.0,6.0,6.0,6.0,6.0,-0.056634801062728,40.00309907412397,8.385588441016157,0.24947580056670995,-0.01703782536747811,1.2620388326833876e-05,0.13435025441297077
44.40000000000004,-0.15888460857741518,-0.485988883975044,0.2327733495109244,0.005838101826503237,0.0009474394707229405,0.011269608782702879,-0.010136625485221677,0.005193477501296622,-0.008203167310991522,0.0,0.0,0.0,-0.15689442686260943,-0.48582017393654164,0.2350280555575529,0.004146689271010234,-0.0017645039100828922,0.01347667558969655,-0.01732279210537424,0.018433789852561944,-0.043545673757026115,0.0,0.0,0.0,0.6547376657835078,0.6602723961091115,2.098360526226009,0.6518709862792885,0.6495930613223702,2.0808528399609156,-0.0013152895184888446,-0.005619585243523198,-0.019578562520029062,1.5593687848035065,2.3891827974042528,1.7274361959972226,-1.2365821025374522,-1.004270976362907,0.8728881688715278,0.015863678828414968,0.04053037299365709,-0.024968259871398713,0.0881039640808513,0.02751889491765813,-0.10962967553360446,-0.027321225300570066,-0.012771428346249005,-0.0013369085440323109,0.023744921338140088,-0.029701700089296356,0.04053356889368531,1.575065838549261,2.392126637804941,1.5180860496706106,-1.1614162295949166,-0.9236391599815941,1.0392371573601007,0.0,0.0,0.0,0.0,0.0,0.0,0.0,0.0,0.0,0.0,0.0,0.0,9.0,9.0,9.0,9.0,9.0,9.0,6.0,6.0,6.0,6.0,6.0,6.0,-0.05302922318873882,40.05172163137304,8.375395224149175,0.2448838307043079,-0.016853586240130003,5.372471917897137e-06,0.07341777144268836
44.43333333333337,-0.15870861375835077,-0.485950811644911,0.23314009461768967,0.0054651262857653505,0.0010779756560946121,0.011079058853876687,-0.010124079212732413,0.003294676153326231,-0.006183423461473657,0.0,0.0,0.0,-0.15677021458829257,-0.48586579749057335,0.23544558067355703,0.003691116808691632,-0.0014574675323981896,0.012563720536290006,-0.01625468436633115,0.016582814265329482,-0.03800629363841912,0.0,0.0,0.0,0.6503433258816036,0.6603890210873782,2.0987909087772736,0.6470417081065136,0.6492489971492176,2.0819238085508602,-0.0009283799178435945,-0.006157252841898851,-0.019164461297253847,1.559855525792217,2.3905194587438228,1.7265992694468892,-1.2336200691247323,-1.0033803007252058,0.869318796872486,0.015022712717018334,0.04024335112262232,-0.025061284297136468,0.08860865628134784,0.026986477726572967,-0.10793066515870448,-0.02522898334189898,-0.008610656131043093,-0.002790732772132666,0.01514076601489613,-0.015972515732554815,0.05097031124699941,1.575065838549261,2.392126637804941,1.5180860496706106,-1.1614162295949166,-0.9236391599815941,1.0392371573601007,0.0,0.0,0.0,0.0,0.0,0.0,0.0,0.0,0.0,0.0,0.0,0.0,9.0,9.0,9.0,9.0,9.0,9.0,6.0,6.0,6.0,6.0,6.0,6.0,-0.04814188093793126,40.089450256848785,8.365156764113943,0.24033709513433088,-0.016622189781227537,6.404875650067865e-06,0.09189600436204379
44.466666666666704,-0.15854359193004802,-0.48591131330831305,0.23349775796720978,0.0051213641085885355,0.0011499234135921503,0.010834247087137804,-0.009302295709042507,0.0015655456439469077,-0.007755663193882148,0.0,0.0,0.0,-0.15665980088569526,-0.48590272441592214,0.2358344834978484,0.0032699655320776702,-0.0011860997003943314,0.011691655467939011,-0.014533501056851694,0.014648500108359386,-0.03571905506723283,0.0,0.0,0.0,0.6461010892071883,0.6605254816903147,2.099155533856076,0.642352566588533,0.6490290321150541,2.083021807480321,-0.0005758734218042263,-0.0066637571570137815,-0.01862440640406132,1.5603112897827112,2.3918267094750423,1.7257752464493017,-1.2307258101011198,-1.0025495336708186,0.8658757039102357,0.014122850715553954,0.039559464998592184,-0.02483422138413053,0.08742139923269786,0.02561083366326628,-0.10483874763124017,-0.02699586004393142,-0.02051658372090407,0.006811887390178184,-0.03561771145949944,-0.041269321899200545,0.09275752582392927,1.575065838549261,2.392126637804941,1.5180860496706106,-1.1614162295949166,-0.9236391599815941,1.0392371573601007,0.0,0.0,0.0,0.0,0.0,0.0,0.0,0.0,0.0,0.0,0.0,0.0,9.0,9.0,9.0,9.0,9.0,9.0,6.0,6.0,6.0,6.0,6.0,6.0,-0.05416549030329687,40.09591565090074,8.351698169391689,0.23525479957681905,-0.016481386118994523,8.12169770891824e-06,0.08366407107898699
44.500000000000036,-0.15838815322716027,-0.485872851189714,0.23384682779836444,0.004815152219089208,0.0011533658842163542,0.01058142293945297,-0.008242477149510418,-0.0004529067039285581,-0.00794639987855871,0.0,0.0,0.0,-0.15656188439292418,-0.4859324841705865,0.23619683679867995,0.0028875971547790255,-0.000959680520474995,0.010879413857595674,-0.012626910085497212,0.012300388257908246,-0.032564979709087005,0.0,0.0,0.0,0.6420559342600586,0.6606741242261778,2.099439324264889,0.6378335602806713,0.6489194843006914,2.08412381612675,-0.0002635234321751896,-0.007151284886660269,-0.017967647860574032,1.560735572123477,2.3931022445343446,1.7249641872240487,-1.2279291478940715,-1.0018025964479,0.8625884322119827,0.013193263720500928,0.038697189518912385,-0.02449925829977161,0.08507371055186441,0.02347568901279343,-0.10069168317547329,-0.027887609851590795,-0.025868264390393875,0.010048892530767618,-0.07043066042500354,-0.06405433951418556,0.12441193367300638,1.575065838549261,2.392126637804941,1.5180860496706106,-1.1614162295949166,-0.9236391599815941,1.0392371573601007,0.0,0.0,0.0,0.0,0.0,0.0,0.0,0.0,0.0,0.0,0.0,0.0,9.0,9.0,9.0,9.0,9.0,9.0,6.0,6.0,6.0,6.0,6.0,6.0,-0.056768346721634666,40.113357549706336,8.33875243921663,0.2303648895569902,-0.01633959300992971,9.65151622761562e-06,0.06715166876270284
44.53333333333337,-0.15824172590633429,-0.48583543920332967,0.23418597977705727,0.0045328892171307205,0.0011337961786294618,0.010299633942871912,-0.007598875142607995,-0.0011010901917898142,-0.008770155837263711,0.0,0.0,0.0,-0.15647546666497134,-0.4859557302022479,0.23653399896738414,0.0025368158176444443,-0.0007569263830882007,0.01011131658052079,-0.011086626951445577,0.010997190893183628,-0.030200699639644224,0.0,0.0,0.0,0.6382376674973468,0.6608222725166283,2.099641172890339,0.6335086030746231,0.6489051865961831,2.085212844468491,1.4717143129935883e-06,-0.007624085601307963,-0.01720947179957291,1.5611281149128913,2.394337167915045,1.724175115425407,-1.225258810324377,-1.001149508823904,0.8594748028571748,0.012248610361785208,0.037597530786985044,-0.023947855406090596,0.08176465491118211,0.020886982150848565,-0.09583648148798135,-0.02833960076147161,-0.03298976195782016,0.016542086810430446,-0.09927166922046925,-0.077661205858346,0.1456560506247583,1.575065838549261,2.392126637804941,1.5180860496706106,-1.1614162295949166,-0.9236391599815941,1.0392371573601007,0.0,0.0,0.0,0.0,0.0,0.0,0.0,0.0,0.0,0.0,0.0,0.0,9.0,9.0,9.0,9.0,9.0,9.0,6.0,6.0,6.0,6.0,6.0,6.0,-0.05938141533112007,40.12831617260789,8.327656951747661,0.22586786824493818,-0.01618565642164982,1.0334344764051373e-05,0.05523272733332543
44.5666666666667,-0.15810399221620572,-0.48579895002103646,0.2345130821338273,0.004264964328865281,0.0011090873116209295,0.009965663436206479,-0.007248828376106617,-0.0012085055525515348,-0.010294286847454611,0.0,0.0,0.0,-0.15639972999520765,-0.4859728987634827,0.23684671945131971,0.0022118705508219596,-0.0005690523920628564,0.009369276728433969,-0.009839059901613822,0.010131094300672494,-0.02873051612231281,0.0,0.0,0.0,0.6346630067110414,0.6609578690448702,2.099766961012029,0.6293955697958301,0.6489708296752139,2.086276899211834,0.00021451988435369426,-0.008081797404620105,-0.01636749905949529,1.5614893418118119,2.395522046547892,1.7234165096841,-1.2227350685879395,-1.0005918216865308,0.8565437521080734,0.011307408099006856,0.0362300829192625,-0.023154733294834105,0.077729719699145,0.01811607013107833,-0.09056650881135636,-0.028236067883350528,-0.04102343603167628,0.02379366333769469,-0.12104805636111327,-0.08312736059310705,0.1580991802987497,1.575065838549261,2.392126637804941,1.5180860496706106,-1.1614162295949166,-0.9236391599815941,1.0392371573601007,0.0,0.0,0.0,0.0,0.0,0.0,0.0,0.0,0.0,0.0,0.0,0.0,9.0,9.0,9.0,9.0,9.0,9.0,6.0,6.0,6.0,6.0,6.0,6.0,-0.06134014570825741,40.141191280563696,8.317348770695348,0.22168423544437912,-0.016019165851908213,1.0353648895733425e-05,0.04677491297440992
44.60000000000003,-0.1579738880547953,-0.4857620216641078,0.2348284569227657,0.0040230931050149535,0.0011096910979165198,0.009620406750971833,-0.006522291097055844,-0.0004020718447410754,-0.010608781858861693,0.0,0.0,0.0,-0.15633360589936743,-0.48598381968316523,0.2371364998604495,0.0019183808956832911,-0.0003790717711755623,0.0086700381160364,-0.008339284483253273,0.01008679935222645,-0.02648572504858704,0.0,0.0,0.0,0.6312062454483809,0.661000942207788,2.0998507966409847,0.6254503686207249,0.6490713396078166,2.0873181596536803,0.00037411598258288783,-0.008451685792775929,-0.015460532453907137,1.5618255066189508,2.396667175542677,1.7226781218991547,-1.2202979911689515,-1.0001006925871727,0.8536552730295078,0.010492432175782336,0.0349792742021194,-0.022486000130520184,0.07465145494613774,0.01586127203085503,-0.0879584178417631,-0.0244492776967356,-0.03752426151429308,0.020061994929417612,-0.09234794259021771,-0.06764394300669904,0.0782427290877978,1.575065838549261,2.392126637804941,1.5180860496706106,-1.1614162295949166,-0.9236391599815941,1.0392371573601007,0.0,0.0,0.0,0.0,0.0,0.0,0.0,0.0,0.0,0.0,0.0,0.0,9.0,9.0,9.0,9.0,9.0,9.0,6.0,6.0,6.0,6.0,6.0,6.0,-0.053681147734855106,40.174661499719235,8.309199308644073,0.21823939142471785,-0.01582099087307043,1.913892998417488e-06,0.019135470674443676
44.63333333333336,-0.1578510600727011,-0.4857237389546518,0.23513225595917261,0.003796964264700378,0.001137070102467149,0.009274581208536054,-0.006107678067995529,0.0004482657581498556,-0.01059753532511381,0.0,0.0,0.0,-0.15627626588017748,-0.4859883361018184,0.23740480446646692,0.0016509677864665498,-0.00018480462029388608,0.008015103879373046,-0.007113352775587778,0.01014968910004832,-0.0242003026954829,0.0,0.0,0.0,0.6279371685172759,0.6609903806259005,2.099894797901194,0.6216947155166306,0.6492045615090518,2.0883307710932306,0.0004834108393337415,-0.008783795573772063,-0.01450991967878268,1.562136995550192,2.3977608663750267,1.7219793353072748,-1.2180012784995748,-0.9996783636956855,0.8508884745823674,0.009727256016751836,0.033533574714357965,-0.021471065214442055,0.0708180717029103,0.013733668506695095,-0.0846554415567317,-0.022955284770915012,-0.043370984632843036,0.030448047482343848,-0.11500149729682355,-0.06382810572479804,0.09908928855094186,1.575065838549261,2.392126637804941,1.5180860496706106,-1.1614162295949166,-0.9236391599815941,1.0392371573601007,0.0,0.0,0.0,0.0,0.0,0.0,0.0,0.0,0.0,0.0,0.0,0.0,9.0,9.0,9.0,9.0,9.0,9.0,6.0,6.0,6.0,6.0,6.0,6.0,-0.052956692615352186,40.19211649583634,8.302552411088667,0.21463631054638327,-0.01565360391646209,3.4003471422461296e-06,0.04590436419735241
44.66666666666669,-0.1577358561315918,-0.4856849125506981,0.23542376339055007,0.0035691372635901974,0.0011571623300813615,0.008914296969863424,-0.0062192827312468136,0.0002752620868120099,-0.011003675145295268,0.0,0.0,0.0,-0.15622725820913333,-0.4859869760076945,0.23765267650809696,0.0013990857596778137,-3.6279547257204894e-06,0.0073937967767465545,-0.006403488208892583,0.009387814591446109,-0.02245370249845502,0.0,0.0,0.0,0.6248736656839544,0.660932259129349,2.09989340842194,0.6181415256884083,0.6493636147242748,2.089305148745009,0.0005467535649519859,-0.009086678340603102,-0.013524348372617798,1.562422386410464,2.398800686849462,1.721320097686919,-1.2158530522747624,-0.9993298930033765,0.8482607781436116,0.008950235877692237,0.031974267726819154,-0.020341774145262982,0.066570548397217,0.011547303348412703,-0.08077240929402713,-0.023310604171787982,-0.04677920962616424,0.033878732075372155,-0.1274256991707988,-0.06559095474847175,0.11649096788113739,1.575065838549261,2.392126637804941,1.5180860496706106,-1.1614162295949166,-0.9236391599815941,1.0392371573601007,0.0,0.0,0.0,0.0,0.0,0.0,0.0,0.0,0.0,0.0,0.0,0.0,9.0,9.0,9.0,9.0,9.0,9.0,6.0,6.0,6.0,6.0,6.0,6.0,-0.054536386046738716,40.21005303023829,8.293957820708256,0.2110689821069225,-0.015496462051014737,4.790201741322608e-06,0.04111450233003816
44.700000000000024,-0.15762844213204208,-0.4856452357903603,0.23570419160386682,0.0033374315410189307,0.0011809743170086693,0.008573433539686282,-0.006395619445924206,0.00042906195122997636,-0.010394160155320699,0.0,0.0,0.0,-0.15618618674586948,-0.4859799476454174,0.23788180778881893,0.0011597278212970466,0.00017014977691228632,0.0068212820307522485,-0.005844554731289087,0.008908639760918824,-0.020009198343524215,0.0,0.0,0.0,0.6220254018130332,0.6608341049574529,2.0998411810501763,0.6148005691871208,0.6495432007140842,2.0902313419980834,0.0005702692154089311,-0.00936527008527649,-0.012513002331617869,1.5626808466807407,2.3997880180642435,1.7207014491792532,-1.213859128512349,-0.9990586651268426,0.8457835094371946,0.008152617364761899,0.030404713537907153,-0.019153561535072115,0.062068658047339346,0.009273658646815019,-0.07646951055968174,-0.02392855538791019,-0.04708662566736002,0.035646378305726055,-0.1350567104963297,-0.06820934104793056,0.1290869620303615,1.575065838549261,2.392126637804941,1.5180860496706106,-1.1614162295949166,-0.9236391599815941,1.0392371573601007,0.0,0.0,0.0,0.0,0.0,0.0,0.0,0.0,0.0,0.0,0.0,0.0,9.0,9.0,9.0,9.0,9.0,9.0,6.0,6.0,6.0,6.0,6.0,6.0,-0.055877537639121844,40.232693512276555,8.286612383655564,0.20779649923171378,-0.015352786662662599,5.984129783975778e-06,0.037415964050387655
44.733333333333356,-0.15752673381028023,-0.48560719288150206,0.23597325916579248,0.003146133513612141,0.0011563285346955574,0.00823338793417657,-0.005241484442641336,-0.000986802556828992,-0.01034830443492326,0.0,0.0,0.0,-0.15615175281247481,-0.48596860418161286,0.23809333950048728,0.0009557728487777691,0.0003077845027418698,0.006285561003941924,-0.004202834636464647,0.007069964111379612,-0.018167180867121324,0.0,0.0,0.0,0.6193879081876251,0.6607048982852054,2.0997427800737167,0.6116750392724056,0.6497397393808805,2.091103977479551,0.0005608640509233032,-0.009618944510057072,-0.01149015912133983,1.5629171637008492,2.400725407072133,1.720116714187708,-1.2120109411753763,-0.9988613572536973,0.8434579194943875,0.007443879523753354,0.02888268467042533,-0.01807922034259227,0.0576532994219033,0.0070373770118442,-0.07200163570936916,-0.021262135230256357,-0.04566086602445468,0.03223023577439532,-0.1324607587630814,-0.06708844904912457,0.13403624550937723,1.575065838549261,2.392126637804941,1.5180860496706106,-1.1614162295949166,-0.9236391599815941,1.0392371573601007,0.0,0.0,0.0,0.0,0.0,0.0,0.0,0.0,0.0,0.0,0.0,0.0,9.0,9.0,9.0,9.0,9.0,9.0,6.0,6.0,6.0,6.0,6.0,6.0,-0.05028707323636783,40.25618238148885,8.277489192496295,0.20458669123794174,-0.015206080539573952,6.738762360181116e-06,0.03330704840606496
44.76666666666669,-0.1574290696016224,-0.4855732981456859,0.23623078472856998,0.0030015511877820996,0.0010652259122901722,0.007889943959908963,-0.0038954048883475256,-0.0029466873185916343,-0.01043471657258537,0.0,0.0,0.0,-0.15612261830645394,-0.4859546254170142,0.23828828307159675,0.0007916260110542763,0.00039657971120289187,0.005781484584366564,-0.0023701377906251153,0.004651390883871009,-0.016593920039332133,0.0,0.0,0.0,0.6169560620697834,0.6605531082223814,2.099598596479026,0.6087659793604302,0.6499506346416387,2.0919175190279384,0.0005255415359719691,-0.009847699905112806,-0.010465759354473244,1.5631348879324292,2.4016165509156653,1.7195572628677216,-1.210296733520674,-0.9987372222254617,0.8412837844344523,0.0068357778061855275,0.027450438427450104,-0.017215433180595423,0.05350191956801212,0.004828492901993399,-0.06748324643516057,-0.018243051527034773,-0.04296738728925679,0.025913614859905405,-0.12454139561673562,-0.06626652329552403,0.13555167822625755,1.575065838549261,2.392126637804941,1.5180860496706106,-1.1614162295949166,-0.9236391599815941,1.0392371573601007,0.0,0.0,0.0,0.0,0.0,0.0,0.0,0.0,0.0,0.0,0.0,0.0,9.0,9.0,9.0,9.0,9.0,9.0,6.0,6.0,6.0,6.0,6.0,6.0,-0.043518301531822345,40.280070961539586,8.267881653983798,0.2015258138691427,-0.015065845692780577,7.31336370080049e-06,0.03211035159973161
44.80000000000002,-0.15733506783978035,-0.48554437104263226,0.23647665157527945,0.0028801802075071577,0.0009355400251216519,0.007542979292226271,-0.0032504125789328893,-0.004074173888408478,-0.010528032332276852,0.0,0.0,0.0,-0.15609792945423923,-0.4859391523079941,0.23846756313178644,0.0006554107067975731,0.0004485959035685171,0.005306033243429254,-0.001123115185170942,0.002837368982604005,-0.015184405820480862,0.0,0.0,0.0,0.614719245995137,0.6603837517655214,2.099415811364622,0.6060709367126946,0.6501727874447696,2.0926700382781496,0.0004691497372036231,-0.010048913346695264,-0.009451551182532126,1.5633359939301348,2.402463043153895,1.7190202222502695,-1.2087085655682068,-0.9986778983976725,0.8392564202881785,0.006300712556176985,0.02607999090707719,-0.016479290075905158,0.04959733223868253,0.0027959741897811653,-0.0630416984038613,-0.016051957500256297,-0.04111342561118742,0.02208429314070796,-0.1171376198798876,-0.060975561366367,0.13324644093897803,1.575065838549261,2.392126637804941,1.5180860496706106,-1.1614162295949166,-0.9236391599815941,1.0392371573601007,0.0,0.0,0.0,0.0,0.0,0.0,0.0,0.0,0.0,0.0,0.0,0.0,9.0,9.0,9.0,9.0,9.0,9.0,6.0,6.0,6.0,6.0,6.0,6.0,-0.03874348152610785,40.30229530684578,8.259929253197106,0.19879496759212714,-0.014923976717611032,7.44379905970316e-06,0.030435531872444896
44.83333333333335,-0.1572435327303036,-0.485521751757101,0.2367108886269298,0.002790466033599473,0.0007661631662562906,0.0071953523592635845,-0.00234776147668108,-0.0052381671197967005,-0.010538759751810298,0.0,0.0,0.0,-0.15607659093048934,-0.4859234805785739,0.238632075969518,0.0005515997111357328,0.0004616363430578108,0.004858015982399403,0.0003235856134469195,0.0009416696993582718,-0.013849276056017601,0.0,0.0,0.0,0.6126687696929144,0.6602026014464195,2.0991950784493874,0.6035867906150274,0.6504039534742072,2.0933583508195013,0.0003974539082913821,-0.010221903422108276,-0.00845438409264934,1.563523189229396,2.4032680425534614,1.7184997247345415,-1.2072349731568943,-0.9986816856077407,0.8373714156979077,0.00584414350395182,0.024793318293686552,-0.01590304700652895,0.04600429230580975,0.0008562471952292996,-0.05871399127336947,-0.013697071566754954,-0.03860017840171906,0.01728729208128617,-0.10779119798618363,-0.058191809836555974,0.12983121391475488,1.575065838549261,2.392126637804941,1.5180860496706106,-1.1614162295949166,-0.9236391599815941,1.0392371573601007,0.0,0.0,0.0,0.0,0.0,0.0,0.0,0.0,0.0,0.0,0.0,0.0,9.0,9.0,9.0,9.0,9.0,9.0,6.0,6.0,6.0,6.0,6.0,6.0,-0.03343708968808645,40.32466667322729,8.252274163951144,0.19624501967832053,-0.014797246862163771,7.550745277307147e-06,0.030851977804107308
44.86666666666668,-0.15715506057170603,-0.48550654747677074,0.23693155888597867,0.0026993840225059684,0.0005613494361018885,0.006808706811341592,-0.002433009067526904,-0.00627664270911591,-0.011701227179348338,0.0,0.0,0.0,-0.1560582338982934,-0.48590885704797304,0.23878180250364475,0.00046207016285780176,0.0004366523360841592,0.004413586177925835,0.0008926571987437626,-0.0008854014872810012,-0.013665343371483285,0.0,0.0,0.0,0.6107962627184492,0.6600102488399047,2.0989403586467033,0.6013097100583639,0.650640380738773,2.093981060451306,0.0003130346456013261,-0.010365260446563768,-0.007481048297655198,1.563696112327907,2.404030072663283,1.717991595329462,-1.2058655154586948,-0.9987425391666247,0.8356233415806558,0.005406509804873135,0.023505041627662083,-0.015463603770429058,0.04272391806593003,-0.0009316554459369269,-0.054532812769496716,-0.013129010972360569,-0.0386482999807341,0.01318329708299677,-0.09841122719639152,-0.0536370792349868,0.12543535511618265,1.575065838549261,2.392126637804941,1.5180860496706106,-1.1614162295949166,-0.9236391599815941,1.0392371573601007,0.0,0.0,0.0,0.0,0.0,0.0,0.0,0.0,0.0,0.0,0.0,0.0,9.0,9.0,9.0,9.0,9.0,9.0,6.0,6.0,6.0,6.0,6.0,6.0,-0.032057838258434224,40.340753637380395,8.244434305706644,0.19385544237531005,-0.01466662790883122,7.353458998993201e-06,0.030577402062149192
44.90000000000001,-0.15707002492222522,-0.4854983741816549,0.2371378062644419,0.002600369580230454,0.00035235296355412327,0.006391865110470745,-0.0027116197541386267,-0.00637942159592056,-0.012599282747149719,0.0,0.0,0.0,-0.15604259185486316,-0.4858959012185369,0.23891687558777083,0.00038148367835955837,0.00039001256940329244,0.003973129146657816,0.0012031810698318601,-0.0019115059211047836,-0.013465529481722971,0.0,0.0,0.0,0.6090909207934737,0.659806659446742,2.098657970953929,0.5992340986761255,0.6508780987966695,2.0945387080895395,0.00021834199122114633,-0.010476928644810335,-0.00653856854664509,1.5638550784711553,2.404747800289472,1.7174965260638728,-1.2045939752774573,-0.9988527172664569,0.8340047181668259,0.004981492799926294,0.022189566399666617,-0.01505591990192836,0.03967210964672933,-0.0025141138119548455,-0.05055007253309826,-0.012750510148405201,-0.039464256839864036,0.012230516055020997,-0.09155425257602123,-0.04747375098053755,0.1194822070919536,1.575065838549261,2.392126637804941,1.5180860496706106,-1.1614162295949166,-0.9236391599815941,1.0392371573601007,0.0,0.0,0.0,0.0,0.0,0.0,0.0,0.0,0.0,0.0,0.0,0.0,9.0,9.0,9.0,9.0,9.0,9.0,6.0,6.0,6.0,6.0,6.0,6.0,-0.0315122149941669,40.35592693051268,8.23859490149867,0.1917726749679395,-0.01454460996545226,6.938091830555049e-06,0.029770020506043972
44.933333333333344,-0.1569874764163271,-0.48550038938000717,0.23732702445251272,0.0025177055120737053,7.877175600758056e-05,0.00591277200618492,-0.002258806170942099,-0.008295546945508202,-0.014461169967790377,0.0,0.0,0.0,-0.15602892104017466,-0.4858865921086567,0.239036591147863,0.0003213829914221987,0.0002890135803825902,0.0035150677973942177,0.002061600250934159,-0.004481681058636333,-0.014295042577596284,0.0,0.0,0.0,0.6075429512678795,0.6595939928181039,2.098349496592009,0.5973538195113848,0.6511142868473064,2.0950308783059186,0.00011726508881359198,-0.010556434101373347,-0.0056308660725242635,1.5640023616908278,2.405421530408054,1.7170035008738622,-1.203401512575073,-0.9990101807753478,0.8325084776866043,0.0046061619934226385,0.02087112450486341,-0.014879143767520716,0.03707329059659255,-0.003987308115135308,-0.04677483378213204,-0.011259924195109657,-0.03955325684409618,0.005303284032229274,-0.07796457150410346,-0.04419582909541388,0.11325716252898654,1.575065838549261,2.392126637804941,1.5180860496706106,-1.1614162295949166,-0.9236391599815941,1.0392371573601007,0.0,0.0,0.0,0.0,0.0,0.0,0.0,0.0,0.0,0.0,0.0,0.0,9.0,9.0,9.0,9.0,9.0,9.0,6.0,6.0,6.0,6.0,6.0,6.0,-0.028132532947713562,40.369276858958806,8.230190104251813,0.18959473760403667,-0.014427914031966305,6.622757585006411e-06,0.02981212258073814
44.966666666666676,-0.15690682259649605,-0.4855127956735629,0.2374990005440945,0.0024523363780102232,-0.00022040102771431544,0.005408598329923329,-0.0017734572026782025,-0.009043790968027834,-0.015209140039116218,0.0,0.0,0.0,-0.1560165409785923,-0.48588198087428824,0.23914096142423524,0.0002818415786676456,0.0001528005087485792,0.0030547193733478344,0.0029156727114170167,-0.006110634904553436,-0.01438600074496188,0.0,0.0,0.0,0.6061418221373792,0.6593741478123442,2.098017298492223,0.5956617370822619,0.6513465683305566,2.0954577783831727,1.3103437917826553e-05,-0.010603196394392408,-0.004761706323028461,1.5641396447405818,2.4060524894257247,1.7165103211623842,-1.2022789415257629,-0.999211589596034,0.8311271140211548,0.004281048326220033,0.019576221855032553,-0.014823308818733777,0.034809184518399136,-0.005357279118770536,-0.0432188845697005,-0.009753410016078183,-0.03884707949492566,0.001675048463608196,-0.06792318234580232,-0.041099130109056865,0.10667847637294622,1.575065838549261,2.392126637804941,1.5180860496706106,-1.1614162295949166,-0.9236391599815941,1.0392371573601007,0.0,0.0,0.0,0.0,0.0,0.0,0.0,0.0,0.0,0.0,0.0,0.0,9.0,9.0,9.0,9.0,9.0,9.0,6.0,6.0,6.0,6.0,6.0,6.0,-0.0248954156287835,40.385267599768625,8.224715046398579,0.18774902974279975,-0.014327566968246774,6.3009861519525145e-06,0.029043350544752128
45.00000000000001,-0.1568278036777299,-0.4855337150251981,0.23765528522161958,0.002397894291927822,-0.0004905785640774954,0.004926874883677007,-0.0014679108952017402,-0.008164114916224348,-0.014535880209625983,0.0,0.0,0.0,-0.1560049212004024,-0.48588205627040354,0.23923082703489149,0.0002589886450543198,1.1687165538961253e-05,0.0026157702307201204,0.0035779230281356433,-0.006278710081376815,-0.013349137774546271,0.0,0.0,0.0,0.6047652375797159,0.6591755172908282,2.097719386070855,0.5941019557309524,0.6515841579392346,2.0958440447451556,-6.889821643833683e-05,-0.010576817190533699,-0.003970938334096589,1.5642778324595297,2.4066555486256376,1.7160086087840045,-1.2011502726440546,-0.9993837942211803,0.8297852551291468,0.004190770487698079,0.01858659128326321,-0.014975350507173866,0.03417643914029884,-0.0052298522091833175,-0.04124347269672626,-0.002708335155658607,-0.029688917153080245,-0.004561250653202624,-0.01898236134300904,0.003822807287616567,0.05926235618922722,1.575065838549261,2.392126637804941,1.5180860496706106,-1.1614162295949166,-0.9236391599815941,1.0392371573601007,0.0,0.0,0.0,0.0,0.0,0.0,0.0,0.0,0.0,0.0,0.0,0.0,9.0,9.0,9.0,9.0,9.0,9.0,6.0,6.0,6.0,6.0,6.0,6.0,-0.00997454331354719,40.41988350584897,8.224356681609434,0.18676529299066724,-0.014146313955688994,3.917392018548682e-06,0.014361611982024194
45.03333333333334,-0.156751218798972,-0.4855608088669189,0.23779799361983958,0.0023311023667725458,-0.000704278720695638,0.004494949058194916,-0.0018583824120303712,-0.006460481867039251,-0.013038816687547014,0.0,0.0,0.0,-0.1559940326004269,-0.4858862774965561,0.23930747299181868,0.00023928730891544103,-0.0001161375241578137,0.0022132164286492524,0.003590830046003912,-0.005580596997855736,-0.011611394404025255,0.0,0.0,0.0,0.6034624555813285,0.6589835671798168,2.097433682681372,0.5926778626193265,0.6518217773547546,2.0961872525449334,-0.00014460299695974324,-0.010507023075506718,-0.003235630171309682,1.5644112911323433,2.4072257591706645,1.715511360785531,-1.200058542148347,-0.9995545877283899,0.8285121162172712,0.004066096952172445,0.017599741328292964,-0.014936743471863113,0.033226756294249954,-0.0051591542139216556,-0.03921060246975426,-0.003740206065769008,-0.029605498649107363,0.0011582110593225704,-0.02849048538146643,0.002120939857849856,0.06098610680916011,1.575065838549261,2.392126637804941,1.5180860496706106,-1.1614162295949166,-0.9236391599815941,1.0392371573601007,0.0,0.0,0.0,0.0,0.0,0.0,0.0,0.0,0.0,0.0,0.0,0.0,9.0,9.0,9.0,9.0,9.0,9.0,6.0,6.0,6.0,6.0,6.0,6.0,-0.012410432380788983,40.437222510003785,8.224681983702451,0.1853793021834108,-0.01407953314505761,3.859479942802668e-06,0.03124862490157356
45.06666666666667,-0.156677265913567,-0.48559372125785466,0.23792768055053964,0.0022562291293132565,-0.000892012148091714,0.004090706061471302,-0.0021189710578648204,-0.00567288666018935,-0.01220437522391267,0.0,0.0,0.0,-0.15598375548024318,-0.48589468798805563,0.23937168652090762,0.00022307091559995877,-0.00024307985038399005,0.0018364058035919306,0.0036222231355069745,-0.005482459861839928,-0.010401299298292699,0.0,0.0,0.0,0.6022363847070857,0.6587964391847316,2.097156523046404,0.5913851034289179,0.6520566513356569,2.096487607186898,-0.00021467055201078314,-0.010399582788488706,-0.0025523887651021683,1.564539130985571,2.407763716280213,1.7150191826055368,-1.1990062414495477,-0.9997272975388495,0.8273084677785599,0.003912162715275636,0.01662572263373536,-0.014822478090506647,0.03212159940740031,-0.0051739142804999964,-0.0371431695974777,-0.00461802710690428,-0.029220560836728155,0.0034279614406939555,-0.03315470660548935,-0.0004428019973502159,0.06202298616829682,1.575065838549261,2.392126637804941,1.5180860496706106,-1.1614162295949166,-0.9236391599815941,1.0392371573601007,0.0,0.0,0.0,0.0,0.0,0.0,0.0,0.0,0.0,0.0,0.0,0.0,9.0,9.0,9.0,9.0,9.0,9.0,6.0,6.0,6.0,6.0,6.0,6.0,-0.014172491703127177,40.45309790206636,8.223699256698051,0.1839487514339646,-0.014012910878796081,3.835987210598635e-06,0.02778179451054973
45.1,-0.1566059525300476,-0.4856342077212775,0.23804326486450864,0.002178516135036183,-0.0011061843715396153,0.0036740476832852406,-0.00222118336414409,-0.006457513563685397,-0.01257301839504841,0.0,0.0,0.0,-0.15597392368946786,-0.4859082889496126,0.23942346351313917,0.00021159098693097574,-0.00039573939452140246,0.001463294449799154,0.0037155203590910624,-0.006652353388037824,-0.010254230763258043,0.0,0.0,0.0,0.601092415875262,0.6586129620180979,2.0968792081392533,0.5902207552945211,0.6522865147361367,2.0967429203999433,-0.0002791075417230295,-0.010261111775975378,-0.001915437497809232,1.5646602373222926,2.4082699371999623,1.7145253059663732,-1.1979878090430518,-0.9999097734401596,0.8261764738952654,0.003726180972861582,0.01566632593956777,-0.014818358813440503,0.031075847932382463,-0.005374156119703107,-0.035020934198383216,-0.005579452272421613,-0.028781900825027663,0.00012357831198433946,-0.03137254425053536,-0.00600725517609332,0.06366706197283467,1.575065838549261,2.392126637804941,1.5180860496706106,-1.1614162295949166,-0.9236391599815941,1.0392371573601007,0.0,0.0,0.0,0.0,0.0,0.0,0.0,0.0,0.0,0.0,0.0,0.0,9.0,9.0,9.0,9.0,9.0,9.0,6.0,6.0,6.0,6.0,6.0,6.0,-0.015526945253893976,40.46589939597161,8.220058083667922,0.18236211476775255,-0.013946704957021439,3.956877029032135e-06,0.02559901162376548
45.13333333333333,-0.1565374438669271,-0.48568070348119746,0.23814635317652058,0.0020965436235173907,-0.0012978552891093128,0.0032853651007585267,-0.002363933314781964,-0.005774977885797233,-0.011729427970051647,0.0,0.0,0.0,-0.15596445662431746,-0.485926898175452,0.2394637155970691,0.0002028230323050315,-0.0005474693594511118,0.0011142787632077323,0.0037140511360380657,-0.006541461650027003,-0.009137771808620077,0.0,0.0,0.0,0.6000269750803947,0.6584324329809842,2.0966032716549847,0.5891787727962687,0.652509496981615,2.0969546279904216,-0.0003380591040638469,-0.010093950932992058,-0.001325203273889251,1.564774538397597,2.4087458954312337,1.7140339600875665,-1.1970069987753984,-1.0000999609231236,0.8251131352017451,0.003528081830377469,0.014741273271951473,-0.014766370513947146,0.029974821330530393,-0.005595135032517571,-0.03294041860320013,-0.005942974274523391,-0.0277515800284889,0.0015596489848006855,-0.0330307980555621,-0.006629367384433916,0.06241546785549258,1.575065838549261,2.392126637804941,1.5180860496706106,-1.1614162295949166,-0.9236391599815941,1.0392371573601007,0.0,0.0,0.0,0.0,0.0,0.0,0.0,0.0,0.0,0.0,0.0,0.0,9.0,9.0,9.0,9.0,9.0,9.0,6.0,6.0,6.0,6.0,6.0,6.0,-0.016154751417286395,40.48196065371132,8.219913379140438,0.18111733949015865,-0.013883803203828649,3.844272258357595e-06,0.02102323216422272
45.166666666666664,-0.15647132397028277,-0.4857358145891819,0.23823519279303973,0.002021476142125543,-0.0015341318476720825,0.002870925110894936,-0.0021703814864187797,-0.007105797559562467,-0.012498696328607058,0.0,0.0,0.0,-0.15595506903361384,-0.4859518431190684,0.23949209625994647,0.00020175770566135945,-0.0007333365716434212,0.000759859423166474,0.003952721730639208,-0.00810187431715903,-0.009437679658768072,0.0,0.0,0.0,0.5990409324408162,0.6582545642923929,2.096323684696652,0.588254540349078,0.6527241380613044,2.097122105547246,-0.00039118522529888464,-0.009902655972141197,-0.0007779127342954742,1.564882237467176,2.4091920838430916,1.713536022594471,-1.1960535040671127,-1.0003026352210265,0.8241178498554896,0.003330008668375103,0.013837525994472808,-0.014880873366562727,0.029061501275887323,-0.005918530968895333,-0.030885846459509037,-0.005942194860070983,-0.027112418324359934,-0.0034350855784674576,-0.027399601639292094,-0.009701878091332841,0.061637164310732726,1.575065838549261,2.392126637804941,1.5180860496706106,-1.1614162295949166,-0.9236391599815941,1.0392371573601007,0.0,0.0,0.0,0.0,0.0,0.0,0.0,0.0,0.0,0.0,0.0,0.0,9.0,9.0,9.0,9.0,9.0,9.0,6.0,6.0,6.0,6.0,6.0,6.0,-0.015526797026755634,40.49372064383953,8.216343885376594,0.17965203353585363,-0.013817522903365242,3.836239780008466e-06,0.019410809346528883
45.199999999999996,-0.1564052562259723,-0.48580129144736994,0.23830851167852055,0.0019954479438361347,-0.00182028729139146,0.002422313591662913,-0.0007102610911532992,-0.008599124423062005,-0.013527152438612348,0.0,0.0,0.0,-0.15594461657587086,-0.48598442806867814,0.23950814599888634,0.00023134149468868035,-0.0009579387077715234,0.00039273868852708756,0.005283042892530787,-0.009863817521758023,-0.010080415544475585,0.0,0.0,0.0,0.5980251847254912,0.6581057305829667,2.0960889203664124,0.5873965723122494,0.6529405057048436,2.0972672644364243,-0.0004159693410455366,-0.009651980250433088,-0.0003058930653199656,1.5649965461144224,2.4096212970144695,1.7130135075765707,-1.1950457892154895,-1.0004588179306482,0.8231221202283922,0.003396175834382834,0.013196772092380097,-0.015410591480193048,0.029841464124427012,-0.005096497848729889,-0.03020987469512102,0.0019850149802319336,-0.01922261706278133,-0.01589154340890962,0.02339888545619061,0.024660993604963335,0.02027915293164046,1.575065838549261,2.392126637804941,1.5180860496706106,-1.1614162295949166,-0.9236391599815941,1.0392371573601007,0.0,0.0,0.0,0.0,0.0,0.0,0.0,0.0,0.0,0.0,0.0,0.0,9.0,9.0,9.0,9.0,9.0,9.0,6.0,6.0,6.0,6.0,6.0,6.0,0.0015647976250563467,40.519941073772515,8.214201301490453,0.17870855928397306,-0.01367329537277362,1.862142797848243e-06,0.00755204590721298
45.23333333333333,-0.15633701486473775,-0.4858779958464668,0.23836615806980044,0.0020303025071590312,-0.0021403044232898233,0.0019591765446318947,0.0011051063388525495,-0.00961477421037127,-0.013971348868274416,0.0,0.0,0.0,-0.15593175552827107,-0.48602566073083747,0.23951174826458546,0.0003001272562251682,-0.0012142813282593169,2.0702516849712164e-05,0.007007133256424325,-0.011273641238977561,-0.010344245490397697,0.0,0.0,0.0,0.5969291233281294,0.6579973814649159,2.0959237595414364,0.5865652971889002,0.6531657700234736,2.0974081887801517,-0.00040783988894377114,-0.009335641019981538,8.284025475480735e-05,1.5651258665253083,2.410039747860142,1.712459232584347,-1.1939484093184365,-1.0005416212064564,0.822093582654752,0.0037184668291782392,0.012767940944244745,-0.016222363671203385,0.031894752649201386,-0.0033548981324091993,-0.03064070970451221,0.009668729843862155,-0.012864934444060587,-0.02435316573031014,0.06159865574323121,0.052247991489620685,-0.01292505028173567,1.575065838549261,2.392126637804941,1.5180860496706106,-1.1614162295949166,-0.9236391599815941,1.0392371573601007,0.0,0.0,0.0,0.0,0.0,0.0,0.0,0.0,0.0,0.0,0.0,0.0,9.0,9.0,9.0,9.0,9.0,9.0,6.0,6.0,6.0,6.0,6.0,6.0,0.017660727407001753,40.54442163712234,8.213527005018932,0.17773884227571446,-0.013551343176116504,2.3425314482627968e-07,0.0076764516797978005
45.26666666666666,-0.15626687765123837,-0.48596194746350896,0.23841143284071817,0.0020798956011945807,-0.002391982305259666,0.001557278191757112,0.0015351679630701304,-0.00756308309950555,-0.012138975571549755,0.0,0.0,0.0,-0.15591608729946915,-0.4860744221090949,0.23950429845642573,0.0003849450789733017,-0.001446346769044349,-0.00031601029544998797,0.0076110704025356135,-0.010003177680526498,-0.008689592368165577,0.0,0.0,0.0,0.5958176418935652,0.6579100084729893,2.0958044983747297,0.5857700866276272,0.653394249258878,2.0975430470770933,-0.0003884465420320453,-0.008988413976751606,0.00041548495757635527,1.5652647439958776,2.4104396474308665,1.7118953491020534,-1.1928244324693007,-1.0005849605572017,0.8210713063154071,0.004017038354446759,0.012253971729231065,-0.016685124202942114,0.0331111211991157,-0.00198508639237434,-0.030659096688399466,0.008957145758055585,-0.015419076450410402,-0.013882815952161901,0.036491056497429473,0.04109435220104578,-0.0005516095166176963,1.575065838549261,2.392126637804941,1.5180860496706106,-1.1614162295949166,-0.9236391599815941,1.0392371573601007,0.0,0.0,0.0,0.0,0.0,0.0,0.0,0.0,0.0,0.0,0.0,0.0,9.0,9.0,9.0,9.0,9.0,9.0,6.0,6.0,6.0,6.0,6.0,6.0,0.015034916340733506,40.55582985629162,8.217708628827985,0.17664307522537098,-0.01353352705699784,6.285747781165085e-07,0.017667594780440103
45.29999999999999,-0.15619298157307285,-0.48605367495979485,0.23844441215162837,0.002171671853754843,-0.0026314175689320643,0.001177330141620172,0.002788822759799353,-0.007192937703969337,-0.011485108622953974,0.0,0.0,0.0,-0.1558965022303065,-0.48613092301096517,0.2394862274056289,0.000500732301123655,-0.0016802007761018225,-0.0006363685560012766,0.008921836159720087,-0.009990472102127335,-0.007956692939211862,0.0,0.0,0.0,0.5947153142260694,0.6578387316163221,2.0957142126194026,0.58501572507466,0.6536232674554577,2.0976679679568573,-0.00036189529187198263,-0.008623858246578632,0.0007054740605458658,1.5654138948312561,2.4108193840870644,1.7113223104196522,-1.1916860838180086,-1.0006106677311661,0.8200690439769176,0.004322029492386148,0.011679390367041268,-0.017022481715673023,0.03380401342554971,-0.001175838943411185,-0.030264945665923002,0.009149734138181684,-0.01723744086569388,-0.010120725381927292,0.0207867667930202,0.02427742346889466,0.01182453067429393,1.575065838549261,2.392126637804941,1.5180860496706106,-1.1614162295949166,-0.9236391599815941,1.0392371573601007,0.0,0.0,0.0,0.0,0.0,0.0,0.0,0.0,0.0,0.0,0.0,0.0,9.0,9.0,9.0,9.0,9.0,9.0,6.0,6.0,6.0,6.0,6.0,6.0,0.014908931672707348,40.56567680789565,8.218876280594765,0.17529979936617962,-0.013522612374685439,1.2890227379380725e-06,0.01488135999397679
45.33333333333332,-0.15611586933147104,-0.48615077949221636,0.2384686297641022,0.0022666453527020475,-0.002818768800567233,0.0008754113260477488,0.002874871205806714,-0.005627956517428422,-0.009146890019549252,0.0,0.0,0.0,-0.15587276495443528,-0.4861943038973597,0.23945929697907295,0.0006271009965618981,-0.001892048308876371,-0.0009087885276654164,0.009250177275914595,-0.008847625615742594,-0.005728690042051898,0.0,0.0,0.0,0.5936365777500038,0.6577816437609899,2.095642009444837,0.5843047101274925,0.6538514551226849,2.097779871722043,-0.00033018606271058217,-0.008250474426531687,0.000960585468469713,1.565570689082896,2.411181937918649,1.710746928093458,-1.1905506730248163,-1.0006291342727534,0.8190959725033484,0.004576561530256778,0.01114420675403615,-0.017181807095776228,0.03397622033903102,-0.0007612771462130868,-0.029549744693358446,0.0076359611361189045,-0.016055508390153572,-0.004779761403096108,0.0051662074044393665,0.012436853915942944,0.021456029176936647,1.575065838549261,2.392126637804941,1.5180860496706106,-1.1614162295949166,-0.9236391599815941,1.0392371573601007,0.0,0.0,0.0,0.0,0.0,0.0,0.0,0.0,0.0,0.0,0.0,0.0,9.0,9.0,9.0,9.0,9.0,9.0,6.0,6.0,6.0,6.0,6.0,6.0,0.011928871813174924,40.582289794965945,8.223154908030237,0.17420480519101655,-0.013504067130069686,1.8782208655032662e-06,0.010963547116384236
45.36666666666665,-0.1560376251283051,-0.4862499355990577,0.2384869804893577,0.0023209749221172844,-0.002922252550996974,0.000657450877407726,0.0016478804744562434,-0.003110529647150447,-0.0066276805081537235,0.0,0.0,0.0,-0.15584550410971318,-0.48626301100692726,0.23942535457847514,0.0007386913118157569,-0.002060421252227051,-0.0011263846595551464,0.00837143129846929,-0.00669875117123464,-0.0031984434438436793,0.0,0.0,0.0,0.5925888159014819,0.6577347448411935,2.0955862668770724,0.5836371748368784,0.654076776276378,2.097879109304038,-0.000296538688807887,-0.00787276138572764,0.0011836549025071139,1.56573083739457,2.4115278140426946,1.7101796617015033,-1.1894363046898635,-1.0006401275526755,0.8181567148539853,0.004728486743565398,0.010632258065591857,-0.017072596871016747,0.03361277347873226,-0.00047362464717844535,-0.02863506788504721,0.004557756399258595,-0.015358460653328763,0.00327630674278442,-0.01090340580896275,0.008629574971039243,0.027440304249337164,1.575065838549261,2.392126637804941,1.5180860496706106,-1.1614162295949166,-0.9236391599815941,1.0392371573601007,0.0,0.0,0.0,0.0,0.0,0.0,0.0,0.0,0.0,0.0,0.0,0.0,9.0,9.0,9.0,9.0,9.0,9.0,6.0,6.0,6.0,6.0,6.0,6.0,0.0055627928428916285,40.598697078317514,8.229302601934197,0.17331037344004535,-0.013466406242817586,2.0757146009797722e-06,0.007649491792964261
45.399999999999984,-0.1559589935681405,-0.4863508694281109,0.23850317678791277,0.0023468520771433247,-0.002992288768822167,0.0005417620962256664,0.0007897783842037635,-0.002106468415642506,-0.003557819341571474,0.0,0.0,0.0,-0.15581507301488,-0.48633649414411034,0.23938674698032184,0.0008388625369039381,-0.0022080878689272835,-0.0012752431742993763,0.007666535260884899,-0.005660453871347393,-3.4595979161000656e-05,0.0,0.0,0.0,0.5915763963166041,0.657701759434183,2.0955383062963824,0.5830121205898582,0.6543003409643802,2.097963525942369,-0.0002589683032874888,-0.0074957000368902574,0.00137988553123837,1.5658920635158524,2.4118650045031194,1.7096180290070138,-1.1883469561368796,-1.00064885995812,0.817255597688236,0.004800684673502343,0.010287895230361152,-0.016923519513462305,0.03299122888592331,-0.00033252299128125887,-0.02756736594333685,0.0021659378981083405,-0.010330885056921129,0.004472320726633209,-0.01864633778426857,0.004233049676915594,0.03203105825131084,1.575065838549261,2.392126637804941,1.5180860496706106,-1.1614162295949166,-0.9236391599815941,1.0392371573601007,0.0,0.0,0.0,0.0,0.0,0.0,0.0,0.0,0.0,0.0,0.0,0.0,9.0,9.0,9.0,9.0,9.0,9.0,6.0,6.0,6.0,6.0,6.0,6.0,0.001983900757025925,40.62102315575108,8.233935962134426,0.17229341610442894,-0.013425423192840125,2.51903916043128e-06,0.006412776265189728
45.433333333333316,-0.15588146268610087,-0.48645391110710845,0.23852051240469396,0.0023334739952771016,-0.003057762785831115,0.0005260639946442331,-0.0003894518006926806,-0.001969659615259878,-0.000555543673990862,0.0,0.0,0.0,-0.15578217221308896,-0.4864146149996267,0.23934586554821702,0.0009191450675598858,-0.0023490825953326414,-0.001352166104511478,0.006570267942848318,-0.005303390742816383,0.003245993709245276,0.0,0.0,0.0,0.5906030749313123,0.6576871105821052,2.095487816339284,0.5824284795196955,0.6545243678448038,2.098029468231924,-0.00021549216755140565,-0.00712371444674633,0.001554736852194836,1.5660506175173896,2.4122020726287823,1.709056520572621,-1.187282841850273,-1.0006602297370535,0.8163968514364275,0.00477130825524164,0.010170660923384811,-0.016871341859010004,0.03227936202744047,-0.00033823657576046785,-0.026364047017283516,-0.0008812925478211056,-0.003517029209290249,0.0015653296335691035,-0.02135600575448521,-0.00017140753437626995,0.03609956778159995,1.575065838549261,2.392126637804941,1.5180860496706106,-1.1614162295949166,-0.9236391599815941,1.0392371573601007,0.0,0.0,0.0,0.0,0.0,0.0,0.0,0.0,0.0,0.0,0.0,0.0,9.0,9.0,9.0,9.0,9.0,9.0,6.0,6.0,6.0,6.0,6.0,6.0,-0.0021043221786651856,40.644976100463786,8.2373690659484,0.17120636847551957,-0.013378583822935441,3.0722729134624593e-06,0.005652302613066388
45.46666666666665,-0.1558061878068158,-0.4865586397119098,0.238540799079577,0.0022838927251934535,-0.0031132923103099736,0.0005799488528751254,-0.00147520512617625,-0.0016718837610513978,0.0015352763602219102,0.0,0.0,0.0,-0.15574749986724382,-0.4864970294346565,0.23930458405671454,0.0009783521510607959,-0.00248017173044359,-0.0013700778947291845,0.005433594868943903,-0.004797499243312409,0.005875480064619243,0.0,0.0,0.0,0.5896717219318526,0.6576917600912865,2.095429155818193,0.5818851663026593,0.6547501140007467,2.0980744763762513,-0.00016661078184027767,-0.006759583310791957,0.001711405213630811,1.5662037603692827,2.4125427617537434,1.7084941833152956,-1.1862464469301646,-1.0006767918313593,0.8155828450489634,0.004653293122941557,0.010204002807021993,-0.016870525766176436,0.03148768574465,-0.0004439874113693995,-0.02506814342170845,-0.0035404539690024636,0.0010002565091154628,2.4482785007006495e-05,-0.023750288483714018,-0.0031725250682679493,0.03887710786725197,1.575065838549261,2.392126637804941,1.5180860496706106,-1.1614162295949166,-0.9236391599815941,1.0392371573601007,0.0,0.0,0.0,0.0,0.0,0.0,0.0,0.0,0.0,0.0,0.0,0.0,9.0,9.0,9.0,9.0,9.0,9.0,6.0,6.0,6.0,6.0,6.0,6.0,-0.0060687947738014,40.66477357833629,8.240492958620031,0.17016307815524725,-0.013330308160916848,3.4203919203612543e-06,0.004697565505141031
45.49999999999998,-0.15573382518794235,-0.4866625708620846,0.23856408411720645,0.002209101128622918,-0.003115837518697919,0.00065799150518623,-0.0022307699471045173,-8.328981910847596e-05,0.0022645702099911027,0.0,0.0,0.0,-0.15571160780876325,-0.4865824652282755,0.23926394861298958,0.0010200992331311067,-0.0025768900462350415,-0.0013523066847942944,0.004485180667414657,-0.003134155201947486,0.007367278250400844,0.0,0.0,0.0,0.5887838458781636,0.6577102865180736,2.09536592781954,0.5813808498912227,0.6549760108347378,2.0980999858562854,-0.0001165483580876918,-0.006403834093018736,0.0018494998930157504,1.5663504681641096,2.412882819210713,1.707940631999186,-1.1852480259755824,-1.0006961246915744,0.8148128906028652,0.004485253604186215,0.010202483408399727,-0.016694534910915233,0.030464314339859837,-0.0005346530080905709,-0.023755136729199836,-0.005041185562660274,-4.558195866794152e-05,0.005279725657836095,-0.030701142143704955,-0.0027199679016351435,0.03939020077525844,1.575065838549261,2.392126637804941,1.5180860496706106,-1.1614162295949166,-0.9236391599815941,1.0392371573601007,0.0,0.0,0.0,0.0,0.0,0.0,0.0,0.0,0.0,0.0,0.0,0.0,9.0,9.0,9.0,9.0,9.0,9.0,6.0,6.0,6.0,6.0,6.0,6.0,-0.009628489219732694,40.67618769689496,8.244615787214766,0.16930644653153482,-0.013283837193219572,3.2592286028920725e-06,0.0036190605660832735
45.53333333333331,-0.15566573661595276,-0.48676516137174936,0.23859140656234706,0.0020986570862482584,-0.0030898639630239973,0.0007648764909413605,-0.0032989887829448184,0.000771301344663412,0.0031351957390877067,0.0,0.0,0.0,-0.15567535958984938,-0.48667020512312836,0.23922520933748104,0.0010368735810120176,-0.0026499614985737016,-0.001297050409441822,0.0031929310751630524,-0.0020014359777116297,0.0089312756705211,0.0,0.0,0.0,0.5879404888990316,0.6577427237194308,2.0952946023504677,0.5809142296135508,0.655202089423743,2.0981052951340833,-6.513699558507378e-05,-0.006058194397050952,0.001971712835253832,1.5664878796435273,2.4132242771959533,1.7073956820746685,-1.1842889562150467,-1.00071869672692,0.8140878143261635,0.004243314123082616,0.010229987507613917,-0.016463843460659003,0.02933616665733492,-0.0006296583762710395,-0.022419904443767492,-0.007258184433107961,0.0008251229764256829,0.0069207435076868405,-0.03384443047574757,-0.0028501610454140557,0.04005696856297032,1.575065838549261,2.392126637804941,1.5180860496706106,-1.1614162295949166,-0.9236391599815941,1.0392371573601007,0.0,0.0,0.0,0.0,0.0,0.0,0.0,0.0,0.0,0.0,0.0,0.0,9.0,9.0,9.0,9.0,9.0,9.0,6.0,6.0,6.0,6.0,6.0,6.0,-0.013824243574511508,40.689804055236706,8.247707261089548,0.16839702846242333,-0.013234097228907782,3.2530000330099895e-06,0.003495209421549326
45.56666666666664,-0.1556020392866701,-0.4868650522484239,0.2386226612725969,0.0019739946570305157,-0.00302726200888566,0.0008791907691131886,-0.003726033843979932,0.001865904016950511,0.0033582887792590038,0.0,0.0,0.0,-0.1556391982439355,-0.48675924450474845,0.23918912817850774,0.0010384393064435094,-0.0026935584707948644,-0.0012166678263782218,0.002382764789493841,-0.0006050260413568154,0.009893053875838387,0.0,0.0,0.0,0.5870410801343395,0.6578118835093789,2.0952585298786404,0.5804404863177742,0.6554383863495038,2.098109391084467,7.881476075263577e-06,-0.005687384244532952,0.002048806531882893,1.5666238122876996,2.413577943551993,1.7068502956364215,-1.1833006886176107,-1.0006877685243878,0.8133442174198605,0.004133090924471586,0.010483322956666706,-0.016395676585159436,0.029544074167831173,0.00040867792522123717,-0.022345239607315583,-0.003306695958330902,0.007600063471583649,0.0020450062649870152,0.006237225314887558,0.0311500890447683,0.0022399450935572454,1.575065838549261,2.392126637804941,1.5180860496706106,-1.1614162295949166,-0.9236391599815941,1.0392371573601007,0.0,0.0,0.0,0.0,0.0,0.0,0.0,0.0,0.0,0.0,0.0,0.0,9.0,9.0,9.0,9.0,9.0,9.0,6.0,6.0,6.0,6.0,6.0,6.0,-0.00515932744699743,40.71536272004377,8.251628999763314,0.16797328503414766,-0.013110412700313656,1.3411788146733272e-06,0.0041162680496527925
45.59999999999997,-0.1555432600362231,-0.4869610493575228,0.23865742910206864,0.001834042248330674,-0.002928563579398145,0.0009876338131314234,-0.004184878467485032,0.002946162874157531,0.003185556628041905,0.0,0.0,0.0,-0.15560367543639667,-0.4868485651446947,0.23915617654201501,0.001023444677384103,-0.0027064732773785355,-0.0011205075581840716,0.00151965745142002,0.0008323798423344186,0.010403291754902178,0.0,0.0,0.0,0.5861458560558372,0.6578987047989853,2.095234839476576,0.5799717255990803,0.6556798976526516,2.0981083779287726,8.24506001889317e-05,-0.005320666128946863,0.0021053270346775206,1.566752656502816,2.4139330310377156,1.7063175643806092,-1.182330959356672,-1.0006351631868402,0.8126179530092613,0.003954581277151011,0.010596190700004032,-0.016119850644631922,0.02924260994138767,0.0011883327260271072,-0.021973701414421034,-0.005355289419617256,0.0033860323001198046,0.008274778215825396,-0.0090439267933051,0.0233896440241761,0.011146145786836483,1.575065838549261,2.392126637804941,1.5180860496706106,-1.1614162295949166,-0.9236391599815941,1.0392371573601007,0.0,0.0,0.0,0.0,0.0,0.0,0.0,0.0,0.0,0.0,0.0,0.0,9.0,9.0,9.0,9.0,9.0,9.0,6.0,6.0,6.0,6.0,6.0,6.0,-0.010335576966016502,40.720076149294925,8.253943499559254,0.1669619801939825,-0.013082755475037677,1.5286738216380158e-06,0.003997812828068999
45.633333333333304,-0.15549014173945835,-0.48705317082472954,0.2386964803983249,0.001674153168123052,-0.0028182492329030906,0.0011094610003121,-0.004783639820320661,0.0032891416385717903,0.0035866593416213413,0.0,0.0,0.0,-0.15556946304036537,-0.48693762396258533,0.2391272055007173,0.0009885886268098908,-0.0027008177029483062,-0.0010001446758361849,0.0005112495632739744,0.0016768285341433042,0.011313235793232401,0.0,0.0,0.0,0.5851630606313872,0.6580269116238971,2.095260758344916,0.5794670725631771,0.6559365990913631,2.0981193057460894,0.00017907464743625385,-0.004926695596828157,0.0021156212110484567,1.5668802455387778,2.414303520805607,1.7057835812105622,-1.1813136902164463,-1.000509139400658,0.811852503175914,0.003869974478285069,0.010941858924489912,-0.016052946949148345,0.03009291945164601,0.0029165866323219323,-0.022633563805087492,-0.002538203965978257,0.010370046734576375,0.0020071108645072664,0.02550928530775032,0.05184761718884476,-0.01979587171999372,1.575065838549261,2.392126637804941,1.5180860496706106,-1.1614162295949166,-0.9236391599815941,1.0392371573601007,0.0,0.0,0.0,0.0,0.0,0.0,0.0,0.0,0.0,0.0,0.0,0.0,9.0,9.0,9.0,9.0,9.0,9.0,6.0,6.0,6.0,6.0,6.0,6.0,-0.0035224589312832233,40.7450125401297,8.25652794012152,0.16633055885301382,-0.012965692791231609,2.215713756914539e-08,0.003714753873143517
45.666666666666636,-0.15544365171718583,-0.4871407081797312,0.2387388446020181,0.001488246312705358,-0.002689854566014913,0.0012163546691379655,-0.005560581334356933,0.003831409424421021,0.0031425646460874843,0.0,0.0,0.0,-0.15553737801436385,-0.4870256776211392,0.23910235817278777,0.0009296384899642384,-0.00267321903476426,-0.0008726308599181749,-0.0006853003686333459,0.002672525024951078,0.011405869395212154,0.0,0.0,0.0,0.5841282784050027,0.6580739983663694,2.09530017072252,0.5789282603426403,0.6561590535721412,2.098132508462733,0.0002492136606020114,-0.004501503661212624,0.0021316172649517694,1.566995739791615,2.4146785647925677,1.7052560316752112,-1.1802991697356222,-1.0003720241989023,0.8110060768405237,0.003599876549507029,0.011148166047380415,-0.015901973023405007,0.0303213827670263,0.0037144995792245043,-0.0244730479761673,-0.008102937863341207,0.006189213686715084,0.004529217772300152,0.0068538994614086345,0.02393738840707716,-0.055184525132394316,1.575065838549261,2.392126637804941,1.5180860496706106,-1.1614162295949166,-0.9236391599815941,1.0392371573601007,0.0,0.0,0.0,0.0,0.0,0.0,0.0,0.0,0.0,0.0,0.0,0.0,9.0,9.0,9.0,9.0,9.0,9.0,6.0,6.0,6.0,6.0,6.0,6.0,-0.014858617418980868,40.74720032346613,8.256344421602948,0.16501079181912978,-0.012977969104246201,-6.221554095908743e-06,0.010811109812006727
45.69999999999997,-0.1554050708821818,-0.48722385377761873,0.23878338556712608,0.001268028756394177,-0.0025592433403355593,0.0012955476623669525,-0.006583000152280192,0.0039010039298334716,0.002318625031692878,0.0,0.0,0.0,-0.155508431596196,-0.4871123310131434,0.23908149901294135,0.0008409528563018043,-0.002632183753151365,-0.0007476983692510572,-0.002135059689892582,0.0032525942163408317,0.01103931611474085,0.0,0.0,0.0,0.5830533303950215,0.657992393225534,2.0953350140648905,0.5783555326319754,0.6563139419153864,2.0981399513892796,0.0002832390469523846,-0.004047934529875876,0.0021680444741059277,1.5670929103479785,2.4150543191164635,1.7047342030998387,-1.1793003073046435,-1.0002492587289036,0.8100604552570472,0.0031433699771039186,0.011231141827041524,-0.015737229181922444,0.030084376208584,0.00369347592638473,-0.027070114328253632,-0.013695197172093306,0.002489273389833278,0.004942315244476849,-0.007110196753269005,-0.0006307095851932325,-0.07791199056258992,1.575065838549261,2.392126637804941,1.5180860496706106,-1.1614162295949166,-0.9236391599815941,1.0392371573601007,0.0,0.0,0.0,0.0,0.0,0.0,0.0,0.0,0.0,0.0,0.0,0.0,9.0,9.0,9.0,9.0,9.0,9.0,6.0,6.0,6.0,6.0,6.0,6.0,-0.02600161708218396,40.749469054872115,8.255225257356395,0.1636449618321129,-0.012976939171208013,-1.0575715359506521e-05,0.007235873628752006
45.7333333333333,-0.1553746611828819,-0.4873019594125341,0.23882879161821946,0.001031160596098014,-0.0024150072002599617,0.001339211358672827,-0.007078209533983622,0.0043093483950735634,0.0012577505123575019,0.0,0.0,0.0,-0.15548327929253716,-0.4871969158137594,0.23906425836074782,0.0007308993156145239,-0.0025719159595986914,-0.0006328382021580094,-0.003168717311278435,0.004102766235504873,0.010325602746946938,0.0,0.0,0.0,0.5818805940222759,0.6578739011386737,2.095406572571732,0.5777208875697731,0.6564275095540677,2.098158020092067,0.00032395703162686003,-0.003570115774649209,0.0021772224757096344,1.567180412539552,2.4154369827838753,1.704212716133767,-1.1782589805078947,-1.0000761334011852,0.8090240807963167,0.0027978338238415622,0.01139698729057907,-0.015675482382072746,0.030854661337834727,0.004693665196497284,-0.0297508606573606,-0.010366084597870698,0.004975363906126404,0.0018524039954909465,0.02310855387752185,0.030005678103376624,-0.08042238987320907,1.575065838549261,2.392126637804941,1.5180860496706106,-1.1614162295949166,-0.9236391599815941,1.0392371573601007,0.0,0.0,0.0,0.0,0.0,0.0,0.0,0.0,0.0,0.0,0.0,0.0,9.0,9.0,9.0,9.0,9.0,9.0,6.0,6.0,6.0,6.0,6.0,6.0,-0.019380503817486572,40.76636221017662,8.25669457577437,0.16291018699293827,-0.012851312119817493,-8.717715185069252e-06,0.004023516008419849
45.76666666666663,-0.1553553126719178,-0.48737428649540737,0.2388749740290743,0.0007309240647086756,-0.002251430306109145,0.0013693196840806198,-0.008976437468637126,0.004890994954205886,0.0008612343165457231,0.0,0.0,0.0,-0.1554636436678456,-0.48727868148290926,0.23905064218836147,0.0005731462217270683,-0.002489435082609924,-0.0005194456542021781,-0.005442725844321927,0.005085980696939885,0.010034571845298768,0.0,0.0,0.0,0.5806905030774794,0.6577203507236871,2.095487637266444,0.5770484609102953,0.6565030262537127,2.098179924411417,0.00035657476301824626,-0.0031080762351356327,0.002180924465636166,1.5672481542352787,2.4158158612705347,1.7037041583508417,-1.177230846217485,-0.9998820146996634,0.8079609348667505,0.0022874451891474637,0.01137656549671342,-0.015396316452530664,0.030847572920803885,0.005446929095935827,-0.03117987214377885,-0.015311659040822956,-0.0006126538159694811,0.008374977886262455,-0.00021265251092526262,0.02259791698315628,-0.04287034459254753,1.575065838549261,2.392126637804941,1.5180860496706106,-1.1614162295949166,-0.9236391599815941,1.0392371573601007,0.0,0.0,0.0,0.0,0.0,0.0,0.0,0.0,0.0,0.0,0.0,0.0,9.0,9.0,9.0,9.0,9.0,9.0,6.0,6.0,6.0,6.0,6.0,6.0,-0.030263825392525145,40.76747777694625,8.25752216330068,0.16164156774281851,-0.012806476862032623,-5.4580093222234005e-06,0.002719574049595888
45.79999999999996,-0.15534897324934788,-0.48744004404457436,0.23892205605632283,0.00037062378667388976,-0.002065647906263464,0.0013973209852129937,-0.010776154646091319,0.005556469622975559,0.0008079718553652121,0.0,0.0,0.0,-0.1554511399316162,-0.4873568200809826,0.23904078395332753,0.00036657456650348734,-0.0023828207745566115,-0.00040294342559656223,-0.007742871088286751,0.006150384387427543,0.009969290219833837,0.0,0.0,0.0,0.5794172793308937,0.657568876968588,2.0956025093004156,0.576312352847513,0.6565566103997241,2.0982159787957357,0.0004041607644592705,-0.0026412982327099176,0.0021568916483632444,1.567298187008013,2.416201111776415,1.7031982560658816,-1.1761607096977091,-0.9996243316978344,0.8068412060403626,0.0017631371843964592,0.011497198616512858,-0.015250151183378299,0.031685254702449796,0.006969303068559419,-0.03278786724234976,-0.015729240142530135,0.0036189935939831305,0.00438495807457094,0.025130453449377307,0.04567121917870778,-0.0482398529571271,1.575065838549261,2.392126637804941,1.5180860496706106,-1.1614162295949166,-0.9236391599815941,1.0392371573601007,0.0,0.0,0.0,0.0,0.0,0.0,0.0,0.0,0.0,0.0,0.0,0.0,9.0,9.0,9.0,9.0,9.0,9.0,6.0,6.0,6.0,6.0,6.0,6.0,-0.030254699101956772,40.786666512061664,8.259213572238911,0.1608219734325592,-0.012692125118352493,-4.344442857573405e-06,0.004389228977373192
45.83333333333329,-0.15535343790906664,-0.48749918024550215,0.23896984595594498,3.440281108084246e-05,-0.0018713763081716246,0.0014208404405124506,-0.010052336013480098,0.005812497175843209,0.0006855337201251855,0.0,0.0,0.0,-0.15544566212804362,-0.4874308207692274,0.23903469143561212,0.00015552208251576484,-0.0022594736193165092,-0.0002858975154499655,-0.00790635762616887,0.006851687492174463,0.009787004151531775,0.0,0.0,0.0,0.5781371556637326,0.6574135854432094,2.0957277132550645,0.5755372193545915,0.6565896102787908,2.098259675738709,0.0004488704847146334,-0.0022041165416180996,0.0021257093492636587,1.5673298447610322,2.4165811581425993,1.7027090392212398,-1.175104491507813,-0.99933965854457,0.8057198095684703,0.0012208674551834713,0.011433326862532506,-0.01486772062062885,0.031686115365405304,0.008016564088141429,-0.03335721851862766,-0.01626809187638964,-0.0019161526194105753,0.011472916882483452,2.5819888665160398e-05,0.03141783058746031,-0.017080538288337253,1.575065838549261,2.392126637804941,1.5180860496706106,-1.1614162295949166,-0.9236391599815941,1.0392371573601007,0.0,0.0,0.0,0.0,0.0,0.0,0.0,0.0,0.0,0.0,0.0,0.0,9.0,9.0,9.0,9.0,9.0,9.0,6.0,6.0,6.0,6.0,6.0,6.0,-0.03276968971079963,40.78876322852402,8.259539819059821,0.15944034162079096,-0.012676446140505782,-1.912402692927362e-06,0.0028231972029362645
45.866666666666625,-0.15537211662815628,-0.487551707552341,0.23901897918282639,-0.0003620044647094121,-0.0016744645464303607,0.001455614831345582,-0.011856518885676022,0.00589370352948525,0.00103730991611168,0.0,0.0,0.0,-0.1554490734224427,-0.4875002745012649,0.23903268053068277,-0.00010432556832308686,-0.0021231271568719324,-0.00016072110459971898,-0.010177582611428537,0.007368921262171035,0.009972117153805637,0.0,0.0,0.0,0.5768855279093076,0.6572590009644629,2.095842843419622,0.5747420682973533,0.6566051691948654,2.0983019008303776,0.0004894797150681861,-0.0018089267234572305,0.002097952072939134,1.5673340562421982,2.416955179907378,1.702236523212646,-1.1740804473835083,-0.999042736261955,0.8046262800039068,0.0004911854417151792,0.011291544249749765,-0.014406227045418076,0.031042920941231684,0.008610633681682555,-0.03298966413081342,-0.021890460404048764,-0.004253478383482251,0.013844807256323227,-0.01929583272520859,0.01782208780623381,0.01102663163442744,1.575065838549261,2.392126637804941,1.5180860496706106,-1.1614162295949166,-0.9236391599815941,1.0392371573601007,0.0,0.0,0.0,0.0,0.0,0.0,0.0,0.0,0.0,0.0,0.0,0.0,9.0,9.0,9.0,9.0,9.0,9.0,6.0,6.0,6.0,6.0,6.0,6.0,-0.0439143533183417,40.79430794386377,8.25936521872456,0.15804435467508812,-0.012643784174195094,3.075313400047186e-07,0.0032410064661364756
45.899999999999956,-0.15540496711058496,-0.48759692321792775,0.23907055647853137,-0.0007775908310702138,-0.0014626876344277276,0.0015161010994473923,-0.01242937107637159,0.0063395241884248365,0.0018219017620751108,0.0,0.0,0.0,-0.15546219386564158,-0.48756451381872623,0.23903533227368362,-0.0003925705021651237,-0.001967658637350246,-1.9433406998961892e-05,-0.011452220694331938,0.00817340927521304,0.010538880345873025,0.0,0.0,0.0,0.5755786305599669,0.6571354927787917,2.0959853441114813,0.5738964574232004,0.6566177640530887,2.09835652652564,0.0005474865077778323,-0.001423508949983178,0.0020438445887789865,1.5673180932775215,2.4173356621015056,1.7017711208718096,-1.17302930877249,-0.9986828980960054,0.8035136799862052,-0.00015553081296491942,0.011373491965803605,-0.014110122498529788,0.0313704125341093,0.010066974546218773,-0.03324855506430286,-0.01940148764040296,0.002458431481615228,0.00888313640664866,0.00982474778632845,0.04369022593608651,-0.00776672800468331,1.575065838549261,2.392126637804941,1.5180860496706106,-1.1614162295949166,-0.9236391599815941,1.0392371573601007,0.0,0.0,0.0,0.0,0.0,0.0,0.0,0.0,0.0,0.0,0.0,0.0,9.0,9.0,9.0,9.0,9.0,9.0,6.0,6.0,6.0,6.0,6.0,6.0,-0.03785399130934386,40.81849499135889,8.26122413018756,0.1572360228377799,-0.012530230812578758,9.140430951015688e-08,0.00720427701447417
45.93333333333329,-0.15545059214228624,-0.4876365306447298,0.23912542487494884,-0.0011716316015599453,-0.0012799374104336167,0.001602148200791189,-0.011780632839192928,0.005470181866467078,0.002601910469607628,0.0,0.0,0.0,-0.15548507563446773,-0.4876238599448227,0.23904320077431998,-0.0006863285729904064,-0.0018177186077980487,0.00013845297050645583,-0.011624334132413594,0.007797490198421464,0.011126150877053487,0.0,0.0,0.0,0.5742894993276657,0.657034103270304,2.096123639974243,0.5730247046766217,0.6566283486087373,2.0984136247693974,0.0006061895547632102,-0.0010791062058333961,0.001989105290944769,1.5672789362010338,2.417717290139611,1.701317147125874,-1.1719984968776251,-0.9983017311052949,0.8024316445852332,-0.0008349851340740211,0.011423724750710821,-0.013782849084887437,0.03107304207532997,0.010978997996283827,-0.03272355970753932,-0.02038362963327305,0.0015069835472164728,0.009818202409270504,-0.008921113763379843,0.027360703501951633,0.01574986070290623,1.575065838549261,2.392126637804941,1.5180860496706106,-1.1614162295949166,-0.9236391599815941,1.0392371573601007,0.0,0.0,0.0,0.0,0.0,0.0,0.0,0.0,0.0,0.0,0.0,0.0,9.0,9.0,9.0,9.0,9.0,9.0,6.0,6.0,6.0,6.0,6.0,6.0,-0.039731569673542966,40.826898113093925,8.26005510951201,0.15571341246090994,-0.01251360881849739,1.8454478006302288e-06,0.002886801184448607
45.96666666666662,-0.15550446653960112,-0.48767179987815373,0.23918213102890973,-0.0014679811577444995,-0.0011322303891621796,0.0016676579562818828,-0.008848747547501703,0.004419792521074641,0.0019948570976407115,0.0,0.0,0.0,-0.15551616565426568,-0.4876787209758996,0.23905587039494308,-0.0009407097153145784,-0.0016792085205319471,0.00028794282117949405,-0.009660161264593015,0.0071475079795471075,0.010521163846828774,0.0,0.0,0.0,0.5730376532035869,0.6569531252873757,2.0962550035557803,0.5721403248567765,0.6566383144423253,2.0984703436269867,0.0006613689965391787,-0.0007788191091940057,0.0019351146416936517,1.5672239106548314,2.418094490075611,1.700877810672677,-1.171000082293526,-0.9979130378562947,0.8013930923947391,-0.0013788393020721713,0.011351906970229874,-0.013381012092233779,0.03032597237375911,0.011433530978763887,-0.03167889704572757,-0.016315625039944506,-0.0021545334144284236,0.012055109779609753,-0.0224120910471258,0.01363598947440181,0.031339879854352354,1.575065838549261,2.392126637804941,1.5180860496706106,-1.1614162295949166,-0.9236391599815941,1.0392371573601007,0.0,0.0,0.0,0.0,0.0,0.0,0.0,0.0,0.0,0.0,0.0,0.0,9.0,9.0,9.0,9.0,9.0,9.0,6.0,6.0,6.0,6.0,6.0,6.0,-0.032713580708294554,40.83108705124078,8.257908218166296,0.1542163219253805,-0.012502758346857767,2.9325194349505423e-06,0.0025038844783841336
45.99999999999995,-0.15556411579906296,-0.4877047514023695,0.23924192026090785,-0.0016822785096793722,-0.0010365758614698305,0.0017512388486854546,-0.00638638164638529,0.002858333545583641,0.0025421757269890647,0.0,0.0,0.0,-0.15555424497711312,-0.48772994467595393,0.23907381925074392,-0.0011577000451144747,-0.001564363387227691,0.00044843326686134285,-0.007815671809232594,0.00592520377864858,0.010850531111474826,0.0,0.0,0.0,0.5718355887916013,0.656897112692952,2.0963716036761397,0.5712539995378567,0.6566513570114676,2.0985222586261516,0.0007141325730815001,-0.0005243073884156055,0.0018847995832663776,1.5671564826563487,2.418471019856569,1.7004480377516429,-1.17003743842748,-0.997528251045527,0.8004084255536057,-0.0018081730703463118,0.01131456460923613,-0.013055795784760847,0.02936153477883473,0.011506913208275312,-0.030252969171243857,-0.012880013048224214,-0.0011202708298123183,0.009756489224187951,-0.028933127847731364,0.00220146688534278,0.04277783623451145,1.575065838549261,2.392126637804941,1.5180860496706106,-1.1614162295949166,-0.9236391599815941,1.0392371573601007,0.0,0.0,0.0,0.0,0.0,0.0,0.0,0.0,0.0,0.0,0.0,0.0,9.0,9.0,9.0,9.0,9.0,9.0,6.0,6.0,6.0,6.0,6.0,6.0,-0.025591563105206383,40.8430133353191,8.255752669147112,0.1527430588209922,-0.012483259698884863,3.963362922687619e-06,0.00254222679876837
46.03333333333328,-0.15562536268891772,-0.48773761316294395,0.23930519355015972,-0.001785680622794389,-0.0010028140842791692,0.0018488628428303645,-0.0030591871744193094,0.0010005466237157003,0.002964041279192735,0.0,0.0,0.0,-0.15559725348041484,-0.4877786579764725,0.23909733884196982,-0.0013158651452127917,-0.001482206185534735,0.0006179805769499485,-0.004974480005274451,0.004290021913083919,0.011087425853206323,0.0,0.0,0.0,0.5706897279342704,0.6568697566460707,2.096470424071999,0.5703736670361914,0.656671324841353,2.0985665002007976,0.0007650319940425657,-0.00031441956562735325,0.0018383332494287525,1.5670838282675705,2.4188491111457826,1.7000233582449593,-1.1691101393539076,-0.9971572465594322,0.7994827250476061,-0.002055812132343903,0.011333347320680653,-0.012845522061926596,0.028333159731057413,0.01125572745798957,-0.02859833317707307,-0.0074291718599277376,0.0005634813433357148,0.006308211685027556,-0.030851251433319557,-0.007535572508572262,0.04963907982512355,1.575065838549261,2.392126637804941,1.5180860496706106,-1.1614162295949166,-0.9236391599815941,1.0392371573601007,0.0,0.0,0.0,0.0,0.0,0.0,0.0,0.0,0.0,0.0,0.0,0.0,9.0,9.0,9.0,9.0,9.0,9.0,6.0,6.0,6.0,6.0,6.0,6.0,-0.014428417927169868,40.85618448199899,8.253194533761286,0.15130366991172825,-0.012464530449618039,4.722927569755786e-06,0.0023929243311675476
46.06666666666661,-0.15568593535935724,-0.48777060354722607,0.23937032276232795,-0.0018066960335469287,-0.0009940244831959048,0.0019185759269805343,-0.0005853400417878384,0.0002506593782733293,0.0021274907781646123,0.0,0.0,0.0,-0.15564360878605174,-0.48782529228848126,0.23912583201850277,-0.0014243911744823692,-0.001416086762128758,0.0007733270695954285,-0.002605023151660113,0.0034681771078384216,0.010218733912882971,0.0,0.0,0.0,0.5695723980793583,0.6567666132778952,2.0965429680121286,0.5694921357456314,0.6566556847200162,2.0985979652277313,0.0007845858151864576,-0.00011021946971297858,0.0018199516616022712,1.5670061523704835,2.4192252694120495,1.6996019359827963,-1.1682205253204394,-0.9968314804591362,0.7985352454978125,-0.002238788652525512,0.011300947765561755,-0.012710285930567286,0.02723666724638355,0.01026723115858454,-0.028482368721561766,-0.005489295605448271,-0.000971986653566939,0.004057083940779257,-0.03289477454021583,-0.029654888982150907,0.003478933665339145,1.575065838549261,2.392126637804941,1.5180860496706106,-1.1614162295949166,-0.9236391599815941,1.0392371573601007,0.0,0.0,0.0,0.0,0.0,0.0,0.0,0.0,0.0,0.0,0.0,0.0,9.0,9.0,9.0,9.0,9.0,9.0,6.0,6.0,6.0,6.0,6.0,6.0,-0.010683115839549506,40.86231909580119,8.25011148156489,0.149928746352301,-0.01247676779219753,-1.7540097744794814e-06,0.00959034587995444
46.099999999999945,-0.15574340015986432,-0.4878045990832392,0.23943815858568887,-0.0017515626813532203,-0.0010111144443072737,0.001996007633210487,0.001700644369647674,-0.0005269234490560673,0.002357074032583532,0.0,0.0,0.0,-0.1556916322407952,-0.4878704496354217,0.23915951443750627,-0.0014821696774090026,-0.0013679367960473955,0.0009320372106687996,-0.00021113002731354413,0.0025653707127304415,0.010200071147192347,0.0,0.0,0.0,0.5685013388866131,0.6566505033724176,2.0965991844395346,0.5686175751835068,0.6566206406505936,2.0986188672355337,0.0007953245026585605,6.320995913055639e-05,0.0018064796385415854,1.5669306879731704,2.419600715663653,1.6991857498729706,-1.1673695859746218,-0.9965351360506228,0.7976148801944715,-0.0022555508304378338,0.01127590762060035,-0.012560484173368613,0.02609767599847953,0.009349298556461104,-0.02790142897400866,-0.00050286533736965,-0.0007512043488421531,0.004494052715960211,-0.034169737437120706,-0.027537978063703065,0.017428192426593197,1.575065838549261,2.392126637804941,1.5180860496706106,-1.1614162295949166,-0.9236391599815941,1.0392371573601007,0.0,0.0,0.0,0.0,0.0,0.0,0.0,0.0,0.0,0.0,0.0,0.0,9.0,9.0,9.0,9.0,9.0,9.0,6.0,6.0,6.0,6.0,6.0,6.0,-0.0011489979100851588,40.87420608555497,8.24930149344359,0.14878669166293915,-0.012433312192804413,1.4532836251079928e-07,0.0014363573044468758
46.133333333333276,-0.15579786081218275,-0.48783864824196504,0.2395085988087751,-0.0016731163634377075,-0.0010178097392761036,0.0020739683301274317,0.0024006221719575505,-0.0002161640394172794,0.002369816982384977,0.0,0.0,0.0,-0.15574063899139787,-0.48791399562829657,0.2391983432314936,-0.0015147397534527947,-0.0013190016792617486,0.0010900386519321812,0.0009394732719951726,0.002566688535126538,0.009991471314549027,0.0,0.0,0.0,0.5674875752721881,0.6565308772710586,2.0966356388699943,0.5677584174715441,0.6565720151928295,2.0986274435912495,0.0007991443144034092,0.0002025826770353233,0.0017983135299975781,1.5668569343120733,2.419973096232308,1.6987789872485144,-1.1665636505373582,-0.996270213968988,0.7967353355310778,-0.002226923498752987,0.011206247246627199,-0.012322080546908882,0.024817934078101775,0.008414874484850959,-0.026891369592543627,0.0008588199505454038,-0.0020898112191945436,0.00715210879379195,-0.038392257611332616,-0.028032722148304316,0.030301781443951015,1.575065838549261,2.392126637804941,1.5180860496706106,-1.1614162295949166,-0.9236391599815941,1.0392371573601007,0.0,0.0,0.0,0.0,0.0,0.0,0.0,0.0,0.0,0.0,0.0,0.0,9.0,9.0,9.0,9.0,9.0,9.0,6.0,6.0,6.0,6.0,6.0,6.0,0.0009609333237765583,40.883046246071174,8.249313681362251,0.1477828917242371,-0.01239463659749962,1.6614850685825466e-06,0.0012661284214247378
46.16666666666661,-0.15584897619187815,-0.48787223357227716,0.2395809677540374,-0.0015800694546675136,-0.0010107110945576986,0.002138588639083684,0.0028382046070504277,0.00019690161097312453,0.001965999992006806,0.0,0.0,0.0,-0.15578996408652207,-0.48795580018269674,0.23924198439385824,-0.0015264148333498239,-0.0012666077989249333,0.0012392048916294275,0.0018721418899882991,0.00269594348683988,0.009402199080644547,0.0,0.0,0.0,0.5665332106149443,0.6564143726146419,2.0966574743452506,0.5669200450104535,0.6565143761259434,2.0986249622268907,0.0007971803467181082,0.00030945842884029236,0.001791073692426798,1.5667862532006938,2.420339469637474,1.6983855212696304,-1.1658055208243165,-0.9960320049260473,0.795902716216861,-0.0021559300605101424,0.011062883852198906,-0.011976679759983325,0.023435238953535907,0.007569139020432582,-0.025616176148515236,0.0021298031472853315,-0.004300901832848801,0.010362023607766698,-0.04148085373697609,-0.02537206393255132,0.03825580332085177,1.575065838549261,2.392126637804941,1.5180860496706106,-1.1614162295949166,-0.9236391599815941,1.0392371573601007,0.0,0.0,0.0,0.0,0.0,0.0,0.0,0.0,0.0,0.0,0.0,0.0,9.0,9.0,9.0,9.0,9.0,9.0,6.0,6.0,6.0,6.0,6.0,6.0,0.0026503706225553536,40.89016595970192,8.249265500456392,0.1468546773664432,-0.012348896051697311,2.5837997736921636e-06,0.0011682745965775378
46.19999999999994,-0.155896271869759,-0.4879048708342657,0.23965350075866704,-0.0014726612957313915,-0.0009893548531223226,0.0021634575166095274,0.003267172855747966,0.0006244955432692432,0.000769607441306915,0.0,0.0,0.0,-0.15583892427314017,-0.4879957019766656,0.23928953835980374,-0.0015173678932602003,-0.0012095512523078158,0.0013637168782053696,0.002786744051151757,0.00288166531454781,0.008070610565232617,0.0,0.0,0.0,0.565641396006398,0.6563034379814139,2.09666859406728,0.5661077466737118,0.6564504723089011,2.0986129147511474,0.0007891934141925895,0.00038549697374369173,0.0017826104907536127,1.5667199395791929,2.4206945107829587,1.6980096442923225,-1.1650976979200318,-0.9958181947189472,0.7951215037955136,-0.0020449157835222133,0.010788450860425278,-0.011509766132818663,0.02196820440354208,0.006799250482145187,-0.024162973809788085,0.0033304283096378742,-0.008232989753208849,0.014007408814939861,-0.044011036499814804,-0.02309665614862184,0.04359607016181451,1.575065838549261,2.392126637804941,1.5180860496706106,-1.1614162295949166,-0.9236391599815941,1.0392371573601007,0.0,0.0,0.0,0.0,0.0,0.0,0.0,0.0,0.0,0.0,0.0,0.0,9.0,9.0,9.0,9.0,9.0,9.0,6.0,6.0,6.0,6.0,6.0,6.0,0.0038292680888549757,40.89355196687904,8.248602256603279,0.1459613668487415,-0.01230517371552664,3.1071683712080578e-06,0.0010256360260958697
46.23333333333327,-0.15593926491734256,-0.4879365633266773,0.23972583259428445,-0.0013508033918256572,-0.0009633271110117092,0.0021677630988762193,0.0036980291346544944,0.0007649375308401878,0.00014877540265258098,0.0,0.0,0.0,-0.15588683687927465,-0.4880337175285374,0.23934051113458485,-0.0014876450244197623,-0.0011522509381224602,0.0014717200032624157,0.003689731516324013,0.0028556416451115396,0.0071456512174972175,0.0,0.0,0.0,0.5648113152966285,0.6562024068435701,2.096671436380917,0.5653250089747205,0.6563835664342634,2.098592478272792,0.0007770313047615311,0.0004333675941608332,0.0017711938427593993,1.5666593040086012,2.4210373910980425,1.6976520432019309,-1.1644389722294342,-0.995626503695158,0.7943936051176361,-0.0018943500063422815,0.010453756588485635,-0.010988610518774082,0.020497248613134546,0.006100237303164238,-0.02261229816081117,0.0045169733153979565,-0.010040828158189276,0.01563466842133745,-0.04412867371222606,-0.020970395369428466,0.04652026946930748,1.575065838549261,2.392126637804941,1.5180860496706106,-1.1614162295949166,-0.9236391599815941,1.0392371573601007,0.0,0.0,0.0,0.0,0.0,0.0,0.0,0.0,0.0,0.0,0.0,0.0,9.0,9.0,9.0,9.0,9.0,9.0,6.0,6.0,6.0,6.0,6.0,6.0,0.0055817113437119925,40.90023784720753,8.247903421153143,0.14510606782110363,-0.012262995042514824,3.492024082452083e-06,0.0009521294168873625
46.2666666666666,-0.15597773073450283,-0.4879680920953571,0.23979687350075893,-0.0012196365666682727,-0.0009513727188871113,0.0021434096994024654,0.0039739198457419776,0.0003433354039896122,-0.0007149806215520349,0.0,0.0,0.0,-0.15593313346695473,-0.4880702292328225,0.23939414012176316,-0.0014402109807496956,-0.001104819438209261,0.0015574887191926287,0.0044425502637528425,0.0023494879615784114,0.005962061820543152,0.0,0.0,0.0,0.5640434498848378,0.656113786547871,2.0966656844732023,0.5645753423496259,0.6563163297526655,2.098563730250585,0.000761890831098375,0.0004553035498336961,0.001757097401031454,1.5666048006304116,2.4213670506933402,1.6973104750363086,-1.1638254511038253,-0.9954570138686628,0.7937206583148229,-0.0017215175659063384,0.010077777435456193,-0.01049423348537273,0.019102838716553328,0.005423208964292517,-0.02099636877653444,0.005184973213078293,-0.011279374590883236,0.01483131100204057,-0.04183229689743656,-0.02031085016615163,0.048477881528301944,1.575065838549261,2.392126637804941,1.5180860496706106,-1.1614162295949166,-0.9236391599815941,1.0392371573601007,0.0,0.0,0.0,0.0,0.0,0.0,0.0,0.0,0.0,0.0,0.0,0.0,9.0,9.0,9.0,9.0,9.0,9.0,6.0,6.0,6.0,6.0,6.0,6.0,0.006699481489475634,40.90650538717625,8.246161597455332,0.14421926544743513,-0.012221676011843874,3.778429384371229e-06,0.0008295664936026489
46.29999999999993,-0.1560122885766198,-0.48799886000497433,0.2398656403742724,-0.0010977507860298378,-0.0009321786525131976,0.0020898326598692823,0.003691631942329502,0.0005614272203166269,-0.001595089554448284,0.0,0.0,0.0,-0.15597764502875294,-0.4881051321563917,0.23944962269330067,-0.0013858344482818644,-0.0010561578947130797,0.0016191477344083501,0.004675823317273231,0.002378223230834031,0.004705848298248494,0.0,0.0,0.0,0.563337164929327,0.6560368423729335,2.0966536554810387,0.563861599983284,0.6562499969987688,2.098527667974712,0.0007433960427803975,0.00045458146878639253,0.0017396598191003068,1.5665555611826323,2.4216805931508154,1.6969874550411828,-1.1632577054051942,-0.9953068609374998,0.7931024457306718,-0.0015586281442200663,0.009630108294657873,-0.009958477730976347,0.017722526878142165,0.004810794944692442,-0.01936304127520062,0.0048866826505881596,-0.013430074223949593,0.0160726726318915,-0.041409355152334855,-0.018372420588002255,0.04899982504001456,1.575065838549261,2.392126637804941,1.5180860496706106,-1.1614162295949166,-0.9236391599815941,1.0392371573601007,0.0,0.0,0.0,0.0,0.0,0.0,0.0,0.0,0.0,0.0,0.0,0.0,9.0,9.0,9.0,9.0,9.0,9.0,6.0,6.0,6.0,6.0,6.0,6.0,0.005584012326177223,40.91124352301904,8.24524590518553,0.14346857599437823,-0.012180349248100075,3.8023000417664043e-06,0.00067133723584429
46.333333333333265,-0.15604303009186582,-0.48802843742254187,0.2399313829025083,-0.0009807900569540427,-0.0009019895828760315,0.0020114999624209406,0.0035398194473617818,0.0008924439792385414,-0.002340612690880099,0.0,0.0,0.0,-0.15602010433835445,-0.48813828417898475,0.23950620733277997,-0.001323575947039675,-0.00100365711789666,0.0016577495603679452,0.004952996046302172,0.0025313776599711346,0.003516855031922006,0.0,0.0,0.0,0.5626900665038549,0.6559707946670356,2.0966381359055335,0.5631855740860657,0.6561854152387092,2.0984857417894665,0.0007216402317628449,0.00043484423280547324,0.0017180351947645987,1.5665117578510919,2.4219759221987736,1.6966848968462742,-1.1627351519981708,-0.9951734670815,0.7925371214120914,-0.0013956093455459442,0.009116617057380868,-0.009370656475162734,0.016358577099848566,0.004271475434892413,-0.017760833463340984,0.00489056396022366,-0.015404737118310164,0.017634637674408406,-0.040918493348807934,-0.016179585294000865,0.04806623435578909,1.575065838549261,2.392126637804941,1.5180860496706106,-1.1614162295949166,-0.9236391599815941,1.0392371573601007,0.0,0.0,0.0,0.0,0.0,0.0,0.0,0.0,0.0,0.0,0.0,0.0,9.0,9.0,9.0,9.0,9.0,9.0,6.0,6.0,6.0,6.0,6.0,6.0,0.005041794207916617,40.916149384368964,8.244618246761013,0.14279589028653328,-0.01214252425432516,3.681170281932822e-06,0.0005404476430447581
46.366666666666596,-0.15607016431176254,-0.48805687124453456,0.23999347321038594,-0.0008696515174909533,-0.0008690792831669844,0.0019123515195504444,0.0033610725913724676,0.0009754163290389077,-0.0029674668120820524,0.0,0.0,0.0,-0.15606031342627263,-0.48816970896389067,0.23956318070583568,-0.0012550868866115718,-0.0009512155795160565,0.0016744465371602733,0.005150276989988711,0.002497803806929433,0.002398686192576438,0.0,0.0,0.0,0.5620997397077934,0.6559150756362911,2.096620235632442,0.5625485847954522,0.6561233218465854,2.0984389103105308,0.0006971732778635734,0.0003992816948845206,0.0016923527929328976,1.5664731779754972,2.4222521381249766,1.6964024876799022,-1.1622553433750118,-0.995055306253646,0.7920226813796701,-0.0012368006270732914,0.008563190876519381,-0.00877173548582814,0.015049031496460929,0.003787041702045058,-0.016209078469538087,0.004764261554179583,-0.016602785425844587,0.017967629680037782,-0.039286368101629124,-0.014533011985420655,0.04655264981408691,1.575065838549261,2.392126637804941,1.5180860496706106,-1.1614162295949166,-0.9236391599815941,1.0392371573601007,0.0,0.0,0.0,0.0,0.0,0.0,0.0,0.0,0.0,0.0,0.0,0.0,9.0,9.0,9.0,9.0,9.0,9.0,6.0,6.0,6.0,6.0,6.0,6.0,0.004521842463125925,40.92162142972794,8.243734733087779,0.1421467152471163,-0.01210677761016421,3.5307508932658216e-06,0.0004475610711225429
46.39999999999993,-0.15609427660756267,-0.4880838691446135,0.24005139062022784,-0.0007721615818640155,-0.0008294192347272249,0.0017958459627194024,0.0029476689616546262,0.0011793280087938954,-0.003490003347010987,0.0,0.0,0.0,-0.15609827745005594,-0.48819931364198954,0.23961986984464148,-0.001185863046229476,-0.0008963993778196192,0.0016704616236558412,0.005085709913254632,0.002581068058379543,0.0013535364093466562,0.0,0.0,0.0,0.5615636429448967,0.6558682375937163,2.0966010807628197,0.5619515395400049,0.6560639636955846,2.0983881053692373,0.0006701773500262377,0.0003510321744464235,0.0016628531880692602,1.566438904076734,2.4225081625394127,1.6961407997308169,-1.1618168119297894,-0.994950369905532,0.7915566960876339,-0.0010977448509589312,0.007974885247562678,-0.008157670810314032,0.013786972736601826,0.0033610741962937455,-0.01472273199723921,0.004171673283430802,-0.01764916886870111,0.018421940265423254,-0.03786176279577309,-0.012779025172539373,0.04459039416896628,1.575065838549261,2.392126637804941,1.5180860496706106,-1.1614162295949166,-0.9236391599815941,1.0392371573601007,0.0,0.0,0.0,0.0,0.0,0.0,0.0,0.0,0.0,0.0,0.0,0.0,9.0,9.0,9.0,9.0,9.0,9.0,6.0,6.0,6.0,6.0,6.0,6.0,0.003123869939146262,40.92688340482814,8.243088374860045,0.14156676747754174,-0.012072635631806605,3.316685378174089e-06,0.0003653049159208567
46.43333333333326,-0.15611513443421382,-0.4881097264903671,0.2401045564374464,-0.0006745702544136028,-0.0007934190448377778,0.0016619761850175789,0.0029469813876870274,0.0010709783583794268,-0.004012497000303503,0.0,0.0,0.0,-0.15613373312940237,-0.4882272272350875,0.2396755784749125,-0.0011097802303683165,-0.0008445827891579836,0.0016453817822242706,0.005315343570730935,0.0024082132943892276,0.00030238949648930813,0.0,0.0,0.0,0.5610784222691075,0.65582932466848,2.0965817334554915,0.5613946697135946,0.6560075932037103,2.0983342532200155,0.0006412085269735977,0.0002931414453206435,0.0016296437395597492,1.5664095213003286,2.4227435754326376,1.6958987194121349,-1.161416013482426,-0.9948578966263436,0.791135978096195,-0.0009535704784252578,0.007366552947020811,-0.007560829977078768,0.012611626526130543,0.0029698236491988305,-0.013321937161191138,0.0043252311760102035,-0.018249969016256008,0.017905224997057895,-0.03526038631413853,-0.011737516412847456,0.04202384508144219,1.575065838549261,2.392126637804941,1.5180860496706106,-1.1614162295949166,-0.9236391599815941,1.0392371573601007,0.0,0.0,0.0,0.0,0.0,0.0,0.0,0.0,0.0,0.0,0.0,0.0,9.0,9.0,9.0,9.0,9.0,9.0,6.0,6.0,6.0,6.0,6.0,6.0,0.0033360401341910872,40.93225220343757,8.242096559249587,0.1410012422031201,-0.012043021054036096,3.0852995724361953e-06,0.00029630473931287866
46.46666666666659,-0.1561331869180656,-0.4881343763200553,0.24015289686817257,-0.0005859343380512201,-0.0007572870475774936,0.0015208316177459746,0.0026775161704229284,0.001077271237793156,-0.004230568381555861,0.0,0.0,0.0,-0.15616667205621976,-0.48825347455770324,0.239729816465838,-0.0010325175379486326,-0.0007938686609399438,0.001604481760749379,0.005273971913384745,0.002328298074663948,-0.00048430985639447144,0.0,0.0,0.0,0.5606058909825368,0.6556972910635487,2.096552967867736,0.5608627882718213,0.6559112807790564,2.0982738698151673,0.0005848357030941331,0.00026492719379126833,0.0016173022721107091,1.566380611908051,2.422960533387597,1.6956701076663236,-1.161047133986874,-0.9948026567770797,0.7906738547056235,-0.0008960446716932617,0.006794676748188376,-0.007092511575253394,0.011581465419751014,0.002094738201678272,-0.013683113531827471,0.0017257742019598846,-0.017156285964973043,0.014049552054761232,-0.030904833191385837,-0.02625256342561676,-0.010835291119090002,1.575065838549261,2.392126637804941,1.5180860496706106,-1.1614162295949166,-0.9236391599815941,1.0392371573601007,0.0,0.0,0.0,0.0,0.0,0.0,0.0,0.0,0.0,0.0,0.0,0.0,9.0,9.0,9.0,9.0,9.0,9.0,6.0,6.0,6.0,6.0,6.0,6.0,-0.0010293130875460577,40.938606586722756,8.240414200970996,0.14040399643334905,-0.012051736850377637,-3.838325310312474e-06,0.0055101469945728785
46.49999999999992,-0.1561490057894192,-0.48815791701927297,0.24019679869399624,-0.0005117156467095758,-0.0007230816851279977,0.0013850025406110876,0.002243671743468389,0.001021204146502328,-0.004071111205466105,0.0,0.0,0.0,-0.15619721275385814,-0.48827813310154095,0.23978234614823857,-0.0009581976344238879,-0.0007453360582130356,0.0015550760366051417,0.0050388932031051326,0.002198542210771315,-0.0009129175394027023,0.0,0.0,0.0,0.5601632862219592,0.6555325884271546,2.0965202941019223,0.5603599531854045,0.6557891371462664,2.098208593713702,0.0005235202452731527,0.00023874181736319297,0.001606555085437131,1.5663534418162557,2.4231597423269995,1.6954564104020582,-1.1607089841163416,-0.9947674089722132,0.7902178676197453,-0.0008420833931385352,0.006249071037442996,-0.006638115810394397,0.010623485883897216,0.0014032021645554009,-0.013680779561505697,0.001618838356641796,-0.01636817132236141,0.013631872945769879,-0.028739386075613937,-0.02074608111368613,7.001910965324237e-05,1.575065838549261,2.392126637804941,1.5180860496706106,-1.1614162295949166,-0.9236391599815941,1.0392371573601007,0.0,0.0,0.0,0.0,0.0,0.0,0.0,0.0,0.0,0.0,0.0,0.0,9.0,9.0,9.0,9.0,9.0,9.0,6.0,6.0,6.0,6.0,6.0,6.0,-0.001076265531206877,40.94603422080372,8.240369606447294,0.1399789957746735,-0.01201402819180264,-2.219177003881523e-06,0.0004108923189214907
46.53333333333325,-0.1561627422245671,-0.48817994020470346,0.24023645641685965,-0.00044532460755843296,-0.000681352424165077,0.0012548370221107065,0.002007179450179822,0.0012482586285400361,-0.0039013995908877236,0.0,0.0,0.0,-0.1562253619953656,-0.4883010742285163,0.2398329347101373,-0.0008845413954555249,-0.0006938159844826317,0.0014983793189101416,0.004916985137121355,0.0023168180903594404,-0.0012781466646583084,0.0,0.0,0.0,0.5597505573484671,0.6553468710757474,2.0964870119441232,0.5598866947774276,0.6556465758835486,2.09814018123672,0.00046081172575752465,0.00021255522035498219,0.0015937444872402568,1.5663285048270088,2.4233412761798396,1.695259102718753,-1.160400705200334,-0.9947464366763605,0.7897747802905495,-0.0007794342493163752,0.005713700735951356,-0.006158858936236919,0.00970674028145045,0.000887179971902965,-0.013422006437752309,0.001879474314664798,-0.016061109044749215,0.014377706224724354,-0.02750236807340301,-0.015480665779573076,0.007763193712601665,1.575065838549261,2.392126637804941,1.5180860496706106,-1.1614162295949166,-0.9236391599815941,1.0392371573601007,0.0,0.0,0.0,0.0,0.0,0.0,0.0,0.0,0.0,0.0,0.0,0.0,9.0,9.0,9.0,9.0,9.0,9.0,6.0,6.0,6.0,6.0,6.0,6.0,-0.0006287214025122445,40.95262687153762,8.240785612117074,0.1396335274028849,-0.01198174093594817,-1.034090692186851e-06,0.00021179494902557605
46.566666666666585,-0.15617400896890482,-0.4882005133792424,0.24027194684591482,-0.0003737963164607363,-0.0006384654908800426,0.0011280963309350954,0.0021594565119758373,0.0012840504329671037,-0.003799101592937167,0.0,0.0,0.0,-0.15625089599627995,-0.4883223180451283,0.23988133305027368,-0.0008052491410208752,-0.0006423862678683331,0.0014341536056541536,0.005098123089493978,0.0022877155321214815,-0.0016499899134783114,0.0,0.0,0.0,0.5593668012105275,0.6551496024794973,2.0964557119671876,0.5594429634780861,0.6554884471969074,2.0980703651255497,0.0003995993858036005,0.0001851693469968743,0.0015764004878750697,1.5663071315324695,2.4235056152541237,1.6950781495395852,-1.1601199170559424,-0.9947359261656312,0.7893491467120214,-0.000687277307225786,0.005191348397670097,-0.005672016562098916,0.008851342981650221,0.0005059368718884728,-0.012986673716479585,0.0027647082627176773,-0.015670570148437774,0.014605271224140091,-0.025661918994006886,-0.011437293000434766,0.013059981638181697,1.575065838549261,2.392126637804941,1.5180860496706106,-1.1614162295949166,-0.9236391599815941,1.0392371573601007,0.0,0.0,0.0,0.0,0.0,0.0,0.0,0.0,0.0,0.0,0.0,0.0,9.0,9.0,9.0,9.0,9.0,9.0,6.0,6.0,6.0,6.0,6.0,6.0,0.0010873938827615781,40.95881640457217,8.240942276173332,0.13929908481950226,-0.011955120747302761,-1.4044229196263913e-07,0.00015259401407357416
46.599999999999916,-0.15618242603014526,-0.48821989806142535,0.2403040238887532,-0.00029295499871026575,-0.0006004198604839375,0.0010175772131335915,0.002437101525772713,0.0011396356084496613,-0.0033131212744011915,0.0,0.0,0.0,-0.15627354140834857,-0.488341993248155,0.23992760113077552,-0.0007181046700224256,-0.0005943102131800236,0.001370354883990327,0.005384329068645943,0.002104178864999362,-0.0016385576496116272,0.0,0.0,0.0,0.5590096291079579,0.6549497609890224,2.0964277085162615,0.5590278733140883,0.655319716721273,2.0980004416656683,0.0003429486284503841,0.00015608548384802524,0.0015529917052936608,1.5662905178477944,2.423655288872575,1.6949119135715907,-1.1598630302840407,-0.9947329235302509,0.7889438024870391,-0.0005613661292438309,0.0047239218349130925,-0.005215391547258129,0.008088183098582169,0.00022869833156819223,-0.01243577573847165,0.003777335339458652,-0.014022796882710138,0.01369875044522361,-0.022894796492041587,-0.008317156209608417,0.016526939340238037,1.575065838549261,2.392126637804941,1.5180860496706106,-1.1614162295949166,-0.9236391599815941,1.0392371573601007,0.0,0.0,0.0,0.0,0.0,0.0,0.0,0.0,0.0,0.0,0.0,0.0,9.0,9.0,9.0,9.0,9.0,9.0,6.0,6.0,6.0,6.0,6.0,6.0,0.0034020854570373515,40.96676555177765,8.241132822193698,0.13898340268447923,-0.011932358203998294,5.898062083731226e-07,0.00014753171149427054
46.63333333333325,-0.15618856388033528,-0.4882380523710858,0.24033299686634468,-0.00022041945787445785,-0.0005631473676705699,0.0009186532315285619,0.0021862853721511654,0.0011170470138306614,-0.0029658954633178434,0.0,0.0,0.0,-0.1562934110903339,-0.4883601325580247,0.2399717130697032,-0.00063276251588498,-0.0005475900062961587,0.0013059455044855553,0.0052094998937564085,0.002018373675920948,-0.001676457164331513,0.0,0.0,0.0,0.5586782859080011,0.6547527116594541,2.096403397104446,0.558640942547161,0.6551442017456326,2.0979312662049234,0.000292097349090108,0.0001248907270676021,0.0015233695145134966,1.566277885796684,2.423791403519674,1.6947596791033923,-1.1596283064053154,-0.9947346665446881,0.7885612474085549,-0.0004397630652910447,0.004296933553619707,-0.0047831532130522166,0.007390538607367745,4.137248844439178e-05,-0.011796360149173948,0.003648091918583587,-0.012809648438801568,0.012967150026177371,-0.02092933473643272,-0.005619775293714014,0.01918246767893104,1.575065838549261,2.392126637804941,1.5180860496706106,-1.1614162295949166,-0.9236391599815941,1.0392371573601007,0.0,0.0,0.0,0.0,0.0,0.0,0.0,0.0,0.0,0.0,0.0,0.0,9.0,9.0,9.0,9.0,9.0,9.0,6.0,6.0,6.0,6.0,6.0,6.0,0.0034347019964926506,40.97323059369307,8.241320098084543,0.13869849678173582,-0.011909375688947454,1.1136001921707717e-06,0.00014863691993775085
46.66666666666658,-0.15619268544291995,-0.4882546069025646,0.24035952049335196,-0.00015591139783793705,-0.000518741918778445,0.0008366900537480661,0.0019440081827302826,0.0013314709800584038,-0.0024576265716421265,0.0,0.0,0.0,-0.15631059007413697,-0.4883766104232792,0.24001381052549242,-0.0005499345854242289,-0.0004978372098824858,0.00124510233460621,0.005004677572422178,0.002142840978764049,-0.001514973151135468,0.0,0.0,0.0,0.5583703365446502,0.6545626936811074,2.096384371996365,0.5582809718707555,0.6549652408745503,2.097864104636073,0.0002479602876224519,9.21182678305439e-05,0.0014868473784369488,1.566269139499839,2.4239152816860927,1.6946219121396426,-1.1594148633444552,-0.9947379966098713,0.7882020675393127,-0.0003215136253273593,0.00390987451291594,-0.0043497236793452725,0.0067323740863261625,-5.2810474181911744e-05,-0.011115717434569258,0.003547483198910562,-0.011611771221113015,0.013002886011208333,-0.019744935631247486,-0.002825488878789106,0.02041928143814071,1.575065838549261,2.392126637804941,1.5180860496706106,-1.1614162295949166,-0.9236391599815941,1.0392371573601007,0.0,0.0,0.0,0.0,0.0,0.0,0.0,0.0,0.0,0.0,0.0,0.0,9.0,9.0,9.0,9.0,9.0,9.0,6.0,6.0,6.0,6.0,6.0,6.0,0.0034408312232232507,40.97967888911235,8.241954848217965,0.1384757618706763,-0.011889263425606034,1.448619275146168e-06,0.0001268698461379299
46.69999999999991,-0.15619473657508479,-0.4882696092791715,0.24038352780229516,-9.299673238107228e-05,-0.000472909820099652,0.0007590411805399824,0.0018948607710855575,0.0013745926807419903,-0.002328728919776099,0.0,0.0,0.0,-0.15632505134025146,-0.488391431980434,0.2400537944928383,-0.0004668279012630801,-0.00044777890420270763,0.001182223854407998,0.0049369178695855,0.0021364644515271536,-0.0016217870847290428,0.0,0.0,0.0,0.5580843335089067,0.6543820146647967,2.09637160983616,0.5579469480971678,0.6547853713841879,2.0978000603264415,0.00021060839606605987,5.8170088383171625e-05,0.0014435989153437647,1.5662645980157466,2.4240270973195126,1.6944982931421062,-1.1592210049318137,-0.994741437240116,0.7878664208721656,-0.00019800089029189304,0.0035396041727008545,-0.003922287843845621,0.0061212929482694885,-8.641609628895156e-05,-0.01041817248779607,0.003705382051063987,-0.011108110206452556,0.012823075064989548,-0.018332434141700223,-0.0010081686632111946,0.0209263484031956,1.575065838549261,2.392126637804941,1.5180860496706106,-1.1614162295949166,-0.9236391599815941,1.0392371573601007,0.0,0.0,0.0,0.0,0.0,0.0,0.0,0.0,0.0,0.0,0.0,0.0,9.0,9.0,9.0,9.0,9.0,9.0,6.0,6.0,6.0,6.0,6.0,6.0,0.003837657570845421,40.98420343215033,8.242075701298821,0.1382424015119934,-0.011872251858956906,1.6434969711820457e-06,0.00011927785468926739
46.73333333333324,-0.1561954031315032,-0.4882835596656102,0.24040522862033536,-4.4331534563031806e-05,-0.00043660234549435255,0.0006870275971500105,0.0014661868068971994,0.0010890574560802615,-0.002160060212287065,0.0,0.0,0.0,-0.1563370702853087,-0.48840481878963427,0.24009165065267216,-0.0003908432136319883,-0.00040341378346162656,0.0011186682171838763,0.004519444654127902,0.001845142920565479,-0.0016625027206771392,0.0,0.0,0.0,0.5578198864696581,0.6542132167550034,2.0963627920937724,0.5576382683084278,0.6546071174949504,2.097738807476619,0.0001806928365104772,2.288408808671981e-05,0.0013954358403360557,1.5662628751913152,2.4241287101786844,1.6943856917902724,-1.159043370493672,-0.9947449016445913,0.7875551916667388,-0.00010045678539052729,0.0032121252410034053,-0.003559456317959867,0.005593119745592423,-9.809345493490667e-05,-0.009697308271134313,0.0029263231470409725,-0.009824367950923483,0.01088494577657262,-0.01584519608031194,-0.00035032075937865316,0.021625926499852757,1.575065838549261,2.392126637804941,1.5180860496706106,-1.1614162295949166,-0.9236391599815941,1.0392371573601007,0.0,0.0,0.0,0.0,0.0,0.0,0.0,0.0,0.0,0.0,0.0,0.0,9.0,9.0,9.0,9.0,9.0,9.0,6.0,6.0,6.0,6.0,6.0,6.0,0.0027686992825530776,40.989025745624,8.241671173165384,0.13797788264716632,-0.011854673578222563,1.8519985129916705e-06,0.0001307692989036254
46.76666666666657,-0.15619564879057518,-0.4882971760197869,0.240424521902591,-1.9691059046268558e-05,-0.0004178261497534125,0.0006148719669620199,0.0007443862088086919,0.0005632126423619986,-0.0021645096731971554,0.0,0.0,0.0,-0.15634713088904567,-0.48841715096301497,0.24012725833533727,-0.00032846698446764393,-0.0003697284817770373,0.001051888502764423,0.0037998702739949763,0.001320410901841207,-0.0018237561802258995,0.0,0.0,0.0,0.5575777200755986,0.6540575990727835,2.09635446117494,0.5573548780901656,0.6544324975144824,2.0976791252440274,0.00015827715219943607,-1.4018215659994718e-05,0.0013446857099571991,1.5662618933570063,2.424221626239385,1.6942801929407005,-1.1588783487508507,-0.9947491930957693,0.7872694502710718,-5.312228131007553e-05,0.0029290296276804147,-0.003296462430760137,0.005164808104953721,-0.00011852684187004696,-0.008947264003720498,0.0014200351224135526,-0.008492868399689718,0.007889816615991896,-0.012849349219161085,-0.0006130016080542092,0.02250132802241447,1.575065838549261,2.392126637804941,1.5180860496706106,-1.1614162295949166,-0.9236391599815941,1.0392371573601007,0.0,0.0,0.0,0.0,0.0,0.0,0.0,0.0,0.0,0.0,0.0,0.0,9.0,9.0,9.0,9.0,9.0,9.0,6.0,6.0,6.0,6.0,6.0,6.0,0.00042668930166667174,40.99300017748659,8.2407531607511,0.13768764450314316,-0.011836681519257652,2.0331866748546368e-06,0.00013554120629295172
46.799999999999905,-0.15619522391906013,-0.4883137118465718,0.24043949383527477,1.933318235165396e-06,-0.00046996061231173664,0.0005043899802564753,0.0006528244160143053,-0.0015640547948204578,-0.0033145098632411524,0.0,0.0,0.0,-0.15635528697322298,-0.4884299655272734,0.24015970142116383,-0.00026953784408568745,-0.0003773633997167061,0.0009609470552846855,0.003573830100471742,-0.0006557567375438111,-0.0029792413875115997,0.0,0.0,0.0,0.5573621688860835,0.6539169000517269,2.096337767717441,0.5570984326368842,0.654263615974847,2.097617088289943,0.0001438900074511361,-5.432097904346897e-05,0.0012960935827957469,1.566261110774934,2.424307088506731,1.6941699808307245,-1.1587143170453156,-0.9947619800763696,0.7870121149625767,-3.335906854646088e-05,0.0026855885561513286,-0.0033030630097717222,0.00500223681235614,-0.0002952485592973677,-0.00812912750447526,0.0005928963829084394,-0.00730323214587258,-0.000198017370347545,-0.004877138777927421,-0.005301651522819623,0.02454409497735712,1.575065838549261,2.392126637804941,1.5180860496706106,-1.1614162295949166,-0.9236391599815941,1.0392371573601007,0.0,0.0,0.0,0.0,0.0,0.0,0.0,0.0,0.0,0.0,0.0,0.0,9.0,9.0,9.0,9.0,9.0,9.0,6.0,6.0,6.0,6.0,6.0,6.0,-0.00011083883659468441,40.99407888520314,8.236828032611808,0.13716621391077127,-0.011822045595233588,2.3637264677800474e-06,0.0002204624354040321
46.833333333333236,-0.15619376926836542,-0.488337607660305,0.2404478387715577,2.974175703738046e-05,-0.0006345433423082375,0.00033499572695424424,0.0008372107901959561,-0.0049378369622561135,-0.0050830301002135585,0.0,0.0,0.0,-0.15636146124439773,-0.48844566911925424,0.24018766834755437,-0.00020915584157294418,-0.0004533317071296076,0.0008325218504720072,0.0035848943242533515,-0.0038936443658919018,-0.004754799180898939,0.0,0.0,0.0,0.5570756249724494,0.6538192595924569,2.096344313662168,0.5568272289066806,0.6541139768041283,2.097565225226728,0.0001609586496030672,-6.365072427124151e-05,0.0012239492885506122,1.5662679311799976,2.42440125599546,1.6940242121092042,-1.1584602440911422,-0.9947362993859634,0.7867217989452319,0.00012528841175708127,0.002778545959965727,-0.00401639543366446,0.006748871354251413,0.000415197621691453,-0.008516029515054894,0.0047594244091062644,0.002788722114431952,-0.02139997271678213,0.0523990362568582,0.02131338542966462,-0.011607060317389012,1.575065838549261,2.392126637804941,1.5180860496706106,-1.1614162295949166,-0.9236391599815941,1.0392371573601007,0.0,0.0,0.0,0.0,0.0,0.0,0.0,0.0,0.0,0.0,0.0,0.0,9.0,9.0,9.0,9.0,9.0,9.0,6.0,6.0,6.0,6.0,6.0,6.0,0.011321413113576151,41.01013317488737,8.231927008278934,0.13690682606690602,-0.011727199829084878,9.932606538365363e-07,0.003269653146268204
