     0.08324000      0.02198400      0.41968600     -0.46833800      0.28344100     -0.83687900     -0.48160200     -0.87595100     -0.02722100     -0.74020400      0.38993600      0.54779000     -0.01280400     -0.00672400      0.01175700     -0.03583700      0.03182000     -0.04581400      0.47878200     -0.09610700     -0.04281400      0.38174500      0.87836400      0.24623300      0.40968000     -0.13531600      0.95017700     -0.28069000     -0.45947900      0.19077700      0.86737900      0.01403800      0.00196600      0.01800900     -0.01602700     -0.16384400      0.40536200      0.18754700      0.03145400      0.02241000     -0.01815500     -0.89581800     -0.20511200      0.39425600      0.10048200     -0.95763200     -0.26989500      0.43291200     -0.20216100      0.87847400      0.00624100      0.00583100      0.00409900      0.01844800     -0.15983500      0.43005100      0.07433600      0.08756100      0.04124600     -0.05222400     -0.51789500      0.25868300     -0.81539300     -0.42094100     -0.90685900     -0.02034100     -0.74470900      0.33269900      0.57854800     -0.00000600     -0.00000800     -0.00000200      0.00000400     -0.00001300     -0.00003900      0.46078700
     0.08302000      0.02190500      0.41984200     -0.47060800      0.28029900     -0.83666300     -0.47646300     -0.87878000     -0.02647100     -0.74208400      0.38582800      0.54815600     -0.01248100      0.00142500      0.00110100     -0.00242900      0.02568400     -0.05616400      0.48378400     -0.09579000     -0.04257200      0.38239700      0.88281700      0.23574700      0.40626200     -0.12680600      0.95247000     -0.27686600     -0.45332400      0.19258400      0.87021400     -0.00099500      0.00254600      0.02041200     -0.00359400     -0.18500300      0.14914700      0.19066500      0.03161800      0.02253100     -0.01783000     -0.89980400     -0.19432700      0.39062700      0.09167700     -0.95955300     -0.26617800      0.42655300     -0.20369700      0.88122500     -0.00059300      0.00169400      0.01056700      0.00200100     -0.21593600      0.16797500      0.07466300      0.08745200      0.04120700     -0.05214000     -0.51994000      0.25538700     -0.81513100     -0.41560200     -0.90933000     -0.01980400     -0.74628100      0.32847300      0.57893700     -0.00039500     -0.00478300      0.00497700     -0.03499900      0.01712100     -0.01620600      0.46486900
     0.08296000      0.02184700      0.41992500     -0.47076700      0.28024900     -0.83659100     -0.47659900     -0.87871300     -0.02623100     -0.74189500      0.38601600      0.54827900     -0.00000700     -0.00002200     -0.00001100      0.00000000      0.00000000      0.00000000      0.48694100     -0.09582000     -0.04253500      0.38284000      0.88361400      0.23318800      0.40600700     -0.12492900      0.95317700     -0.27528100     -0.45229100      0.19220200      0.87083600     -0.00104800      0.00280400      0.02061200     -0.02591100     -0.07970200      0.18972900      0.19169400      0.03160200      0.02255300     -0.01760600     -0.90050900     -0.19174800      0.39027500      0.08975300     -0.96015900     -0.26464600      0.42547200     -0.20328800      0.88184200      0.00010700     -0.00280000      0.01575400     -0.07225300      0.00603400     -0.01358000      0.07531600      0.08741700      0.04117500     -0.05210000     -0.52012300      0.25529400     -0.81504300     -0.41571600     -0.90928400     -0.01952300     -0.74609100      0.32867200      0.57907000     -0.00000200      0.00000300      0.00000400     -0.00010800      0.00000100      0.00006000      0.46797200
     0.08296900      0.02174800      0.42000800     -0.47092900      0.28019600     -0.83651700     -0.47677400     -0.87862600     -0.02595700     -0.74168000      0.38625200      0.54840400     -0.00000000     -0.00000100     -0.00000100      0.00000000      0.00000000      0.00000000      0.48998900     -0.09614200     -0.04268600      0.38386900      0.88583000      0.23095400      0.40243800     -0.12551500      0.95429900     -0.27109400     -0.44776200      0.18931500      0.87380300     -0.01384500     -0.00933800      0.03015100      0.02113200     -0.45245500     -0.01112800      0.19311400      0.03144600      0.02248400     -0.01709300     -0.90182400     -0.18909100      0.38853100      0.08967600     -0.96149000     -0.25979400      0.42269400     -0.19944700      0.88405300     -0.00772900      0.00025100      0.01024600      0.11416800     -0.69361700     -0.26341900      0.07727500      0.08742100      0.04112600     -0.05205900     -0.52027700      0.25523200     -0.81496400     -0.41589000     -0.90921100     -0.01924200     -0.74588600      0.32892400      0.57919000      0.00000100      0.00001000      0.00000800     -0.00007500     -0.00001300      0.00003200      0.47368700
     0.08301400      0.02172300      0.42002700     -0.47097300      0.28017000     -0.83650100     -0.47681400     -0.87860700     -0.02587600     -0.74162600      0.38631500      0.54843200      0.00000400      0.00001400      0.00000700      0.00000000      0.00000000      0.00000000      0.49365000     -0.09662700     -0.04298600      0.38499600      0.88934200      0.22357800      0.39884400     -0.12069500      0.95618800     -0.26659100     -0.44208400      0.18864500      0.87683400     -0.01374900     -0.00969600      0.02979400     -0.05921600     -0.08137700      0.13075500      0.20133600      0.03120300      0.02233500     -0.01652800     -0.90577900     -0.18194400      0.38269900      0.08521900     -0.96289000     -0.25608300      0.41509100     -0.19934200      0.88767200     -0.00694900     -0.00457700      0.01513800     -0.07224700      0.02063600     -0.04412900      0.08282700      0.08744400      0.04111400     -0.05204900     -0.52031900      0.25520300     -0.81494700     -0.41592900     -0.90919400     -0.01915900     -0.74583500      0.32899100      0.57921800     -0.00000200      0.00000300      0.00000100     -0.00004900     -0.00000400      0.00004500      0.47744300
     0.08305500      0.02170400      0.42000500     -0.47238700      0.28222700     -0.83501100     -0.47699300     -0.87847100     -0.02713300     -0.74061000      0.38512200      0.55064000     -0.00011900     -0.00036900     -0.00018600      0.04220900      0.24060700      0.09666300      0.49594700     -0.09709200     -0.04333600      0.38615800      0.89714200      0.20664900      0.39041600     -0.10473900      0.95817800     -0.26619300     -0.43021600      0.19763600      0.88074800     -0.01354900     -0.01057600      0.02899700     -0.03868700     -0.17384100      0.09603900      0.21169200      0.03096500      0.02215900     -0.01593500     -0.91275200     -0.16466600      0.37385400      0.06910900     -0.96421100     -0.25596600      0.40262400     -0.20779700      0.89146700     -0.00678200     -0.00535100      0.01445200     -0.04773700     -0.13325700      0.11087000      0.09197100      0.08746400      0.04110400     -0.05206000     -0.52140500      0.25662900     -0.81380400     -0.41608200     -0.90910400     -0.02009800     -0.74499100      0.32813000      0.58079100     -0.00007500     -0.00023200     -0.00011700      0.07224600      0.38388900      0.15071900      0.48119800
     0.08306500      0.02167000      0.41999800     -0.47241100      0.28220900     -0.83500300     -0.47700100     -0.87846900     -0.02709400     -0.74058900      0.38514200      0.55065400     -0.00057100     -0.00176600     -0.00089000     -0.00083200      0.01447000     -0.02520400      0.49636400     -0.09734800     -0.04352600      0.38668200      0.90082200      0.20094500      0.38488000     -0.09983500      0.95861000     -0.26652300     -0.42363100      0.20138700      0.88308700     -0.01334700     -0.01153000      0.02816600     -0.01466400     -0.28109000      0.05600500      0.22366100      0.03084200      0.02206800     -0.01568300     -0.91588000     -0.15889800      0.36866500      0.06415300     -0.96446100     -0.25631700      0.39629100     -0.21110500      0.89352500     -0.00741400     -0.00115300      0.00899100      0.02622100     -0.27462800     -0.13119200      0.10209500      0.08747000      0.04109000     -0.05206200     -0.52193100      0.25726500     -0.81326600     -0.41619000     -0.90904700     -0.02046500     -0.74456200      0.32779200      0.58153100     -0.00004600     -0.00014100     -0.00007100     -0.00388800     -0.01578600     -0.00551200      0.48217800
     0.08306400      0.02163100      0.41998900     -0.47257800      0.28206100     -0.83495900     -0.47693100     -0.87851300     -0.02690000     -0.74052800      0.38514900      0.55073100     -0.00024200     -0.00074900     -0.00037800      0.00000000      0.00000100      0.00000000      0.49782300     -0.09782800     -0.04380600      0.38755100      0.90827600      0.18793900      0.37377100     -0.08848900      0.95955200     -0.26714100     -0.40999400      0.20930100      0.88767200     -0.01446200     -0.00384100      0.01662900      0.03212900     -0.32296000      0.06818800      0.22797100      0.03060200      0.02192600     -0.01525000     -0.92237100     -0.14580800      0.35773000      0.05283700     -0.96494600     -0.25706900      0.38267400     -0.21821200      0.89774300     -0.00718500     -0.00221900      0.00806800      0.07891600     -0.44144200     -0.14826100      0.11940400      0.08746800      0.04106700     -0.05206800     -0.52199100      0.25697000     -0.81332100     -0.41609800     -0.90909500     -0.02017900     -0.74457200      0.32788800      0.58146500     -0.00014900     -0.00045900     -0.00023100     -0.00008200     -0.00041300     -0.00015500      0.48381100
     0.08305200      0.02162500      0.41998600     -0.47261200      0.28203200     -0.83494900     -0.47691200     -0.87852400     -0.02686400     -0.74051800      0.38514600      0.55074700     -0.00000100     -0.00000200     -0.00000100      0.00000000      0.00000000      0.00000000      0.49864800     -0.09814900     -0.04389600      0.38817800      0.91373200      0.18336300      0.36258000     -0.08619400      0.95959100     -0.26775000     -0.39816600      0.21314300      0.89213100     -0.01460100     -0.00307300      0.01725500      0.10458700     -0.63039300     -0.04967500      0.22721000      0.03044300      0.02187600     -0.01494100     -0.92682400     -0.14089100      0.34805900      0.05013400     -0.96506900     -0.25715100      0.37213100     -0.22088500      0.90151300     -0.00016900     -0.00024500      0.00880600     -0.03255400     -0.05018000      0.20045800      0.12316000      0.08746200      0.04106400     -0.05207000     -0.52202000      0.25693600     -0.81331300     -0.41607700     -0.90910600     -0.02014100     -0.74456300      0.32788600      0.58147700     -0.00599200      0.00149100      0.00094300     -0.00096700      0.01472000     -0.02955400      0.48528100
     0.08305300      0.02163200      0.41997900     -0.47259700      0.28203800     -0.83495600     -0.47689800     -0.87853100     -0.02688900     -0.74053700      0.38512600      0.55073600     -0.00000000     -0.00000000     -0.00000000      0.00000000      0.00000000      0.00000000      0.49859300     -0.09823400     -0.04383300      0.38848300      0.91554900      0.18006700      0.35963400     -0.08375500      0.95998300     -0.26711900     -0.39448700      0.21418700      0.89351400     -0.00074000      0.00164300      0.01938700     -0.00303300     -0.17459600      0.15456900      0.22806000      0.03039600      0.02190200     -0.01479300     -0.92932900     -0.13795300      0.34251300      0.04837600     -0.96508100     -0.25744400      0.36606800     -0.22268100      0.90355200     -0.00817700      0.00382900      0.00415900      0.03021700     -0.16087400      0.14781100      0.12397600      0.08746300      0.04106800     -0.05207300     -0.52200600      0.25694300     -0.81332000     -0.41606300     -0.90911100     -0.02016700     -0.74458000      0.32786500      0.58146600      0.00000200      0.00001600      0.00000900     -0.00000000     -0.00003200     -0.00002100      0.48593400
     0.08305200      0.02162500      0.41998600     -0.47250500      0.28213100     -0.83497700     -0.47697200     -0.87848800     -0.02698300     -0.74054900      0.38515500      0.55070000     -0.00000000     -0.00000000     -0.00000000      0.00000000      0.00000000      0.00000000      0.49970800     -0.09845300     -0.04354600      0.38900100      0.91991500      0.17446700      0.35115300     -0.07989900      0.96022300     -0.26743700     -0.38499500      0.21771700      0.89679500     -0.00223800      0.01120500      0.00942600      0.06924700     -0.32321300      0.12279200      0.23451200      0.03028700      0.02204100     -0.01452400     -0.93289900     -0.13212700      0.33502300      0.04427500     -0.96528800     -0.25740400      0.35740400     -0.22529900      0.90636700     -0.00122300      0.00607800      0.00511800      0.11026700     -0.46053700     -0.10999400      0.13067100      0.08746300      0.04106400     -0.05206900     -0.52192100      0.25704300     -0.81334300     -0.41614300     -0.90907300     -0.02025800     -0.74459600      0.32789300      0.58143100     -0.00000400      0.00000700      0.00000700     -0.00000400     -0.00003000     -0.00002100      0.48675000
     0.08305300      0.02163200      0.41997900     -0.47397800      0.28413800     -0.83346000     -0.47712100     -0.87836900     -0.02817900     -0.73950900      0.38394700      0.55293500     -0.00000000     -0.00000000     -0.00000000      0.02594400      0.14776100      0.05935700      0.50229900     -0.09850100     -0.04308500      0.38938200      0.92209700      0.16893400      0.34812400     -0.07524700      0.96082600     -0.26661900     -0.38068200      0.21941500      0.89822100     -0.00227300      0.01137500      0.00952800      0.00187900     -0.01279600      0.02596400      0.22534300      0.03025700      0.02227200     -0.01433300     -0.93510800     -0.12654000      0.33099700      0.03971400     -0.96560700     -0.25695200      0.35212800     -0.22713300      0.90797300     -0.00123900      0.00616500      0.00516600     -0.00269300      0.00021600      0.06138800      0.12969200      0.08746300      0.04106800     -0.05207300     -0.52339800      0.25881000     -0.81183200     -0.41630000     -0.90897500     -0.02138500     -0.74347000      0.32677300      0.58349800     -0.00000500      0.00000500      0.00000600      0.03694000      0.20333400      0.08081100      0.48871000
     0.08305300      0.02163200      0.41997900     -0.47408500      0.28403800     -0.83343300     -0.47706200     -0.87840600     -0.02806000     -0.73947900      0.38393800      0.55298200     -0.00000000     -0.00000000     -0.00000000      0.00038000      0.00216000      0.00086800      0.50359200     -0.09832900     -0.04284700      0.38959400      0.92267700      0.16621000      0.34789800     -0.07283200      0.96125200     -0.26575200     -0.37974300      0.21963000      0.89856600      0.01328000      0.00528200      0.02052200     -0.03111500     -0.03313800      0.06070200      0.22238500      0.03034700      0.02239900     -0.01422000     -0.93553600     -0.12356000      0.33091200      0.03702700     -0.96596500     -0.25600400      0.35128200     -0.22724900      0.90827100      0.00664100      0.00260300      0.01022800     -0.03195000     -0.02973600      0.06182400      0.12316000      0.08746300      0.04106800     -0.05207300     -0.52365400      0.25891800     -0.81163200     -0.41628600     -0.90898100     -0.02139200     -0.74329800      0.32666900      0.58377600     -0.00000200      0.00000200      0.00000200     -0.00315600     -0.01328800     -0.00473500      0.49050600
     0.08304300      0.02162700      0.41998800     -0.47411900      0.28401700     -0.83342000     -0.47706500     -0.87840500     -0.02801600     -0.73945500      0.38395500      0.55300300     -0.00000000     -0.00000000     -0.00000000      0.00000000      0.00000000      0.00000000      0.50412500     -0.09783500     -0.04248400      0.39014700      0.92341600      0.16300900      0.34745000     -0.07022600      0.96184900     -0.26428700     -0.37843200      0.21941600      0.89917100      0.01339700      0.00455300      0.01987300     -0.03113000     -0.03310600      0.06070800      0.24304200      0.03059400      0.02258200     -0.01394200     -0.93611900     -0.12033400      0.33045300      0.03436500     -0.96644100     -0.25457800      0.34999800     -0.22695900      0.90883900      0.00670600      0.00220400      0.00987100     -0.03113200     -0.03301700      0.06063700      0.13230400      0.08745800      0.04106600     -0.05206800     -0.52360200      0.25880100     -0.81170300     -0.41628400     -0.90898500     -0.02128800     -0.74333500      0.32675300      0.58368200     -0.00000300      0.00000000      0.00000100     -0.00003600     -0.00032900     -0.00015900      0.49295500
     0.08301600      0.02163400      0.41999200     -0.47417600      0.28397200     -0.83340400     -0.47703500     -0.87842300     -0.02796000     -0.73943800      0.38394700      0.55303100     -0.00000000     -0.00000000     -0.00000000      0.00000000      0.00000000      0.00000000      0.50565300     -0.09737000     -0.04221800      0.39075900      0.92472100      0.15626400      0.34707800     -0.06376600      0.96260600     -0.26316700     -0.37638000      0.22100200      0.89964300      0.01327800      0.00500500      0.02021200     -0.03113400     -0.03311500      0.06069900      0.26771100      0.03082200      0.02271100     -0.01364500     -0.93711900     -0.11358400      0.33000800      0.02788100     -0.96690100     -0.25362000      0.34789300     -0.22847100      0.90926900     -0.00107700      0.00525300      0.00434900      0.00101100     -0.00960900      0.02694600      0.15434800      0.08744500      0.04106900     -0.05206600     -0.52365300      0.25874900     -0.81168600     -0.41625000     -0.90900100     -0.02123100     -0.74331800      0.32674700      0.58370600     -0.00000200      0.00000100      0.00000300      0.00003300     -0.00002100     -0.00003900      0.49409800
     0.08299100      0.02164100      0.42000700     -0.47423200      0.28393500     -0.83338500     -0.47702800     -0.87842900     -0.02789600     -0.73940700      0.38396100      0.55306300      0.00000100      0.00000200      0.00000100      0.00000000      0.00000000      0.00000000      0.50716800     -0.09718200     -0.04214900      0.39153800      0.92497200      0.15556000      0.34672700     -0.06373800      0.96301100     -0.26168900     -0.37576800      0.21973400      0.90021000      0.00076100     -0.00798900      0.02905800     -0.06854200     -0.01638600      0.00868700      0.32527300      0.03092000      0.02275300     -0.01325700     -0.93733700     -0.11283700      0.32964500      0.02776600     -0.96728800     -0.25215200      0.34731400     -0.22719900      0.90980900     -0.00019200     -0.00017300      0.00876700     -0.03429600     -0.00815700      0.00420400      0.21215300      0.08743200      0.04107300     -0.05205800     -0.52370600      0.25870800     -0.81166600     -0.41623900     -0.90900800     -0.02116700     -0.74328700      0.32676100      0.58373700     -0.00000300     -0.00000600     -0.00000100      0.00002900     -0.00000100     -0.00002700      0.49605800
     0.08299200      0.02163400      0.42002600     -0.47581300      0.28122400     -0.83340300     -0.47191400     -0.88118500     -0.02798300     -0.74166600      0.37962500      0.55303100     -0.00077300     -0.00953100      0.00996600     -0.03485600      0.01709700     -0.01626200      0.50829500     -0.09721500     -0.04220100      0.39190100      0.92500600      0.15562500      0.34660700     -0.06411500      0.96316800     -0.26101800     -0.37562000      0.21899900      0.90045100     -0.00015000     -0.00139000      0.01667200     -0.03427200     -0.00818700      0.00434600      0.35042300      0.03090300      0.02272900     -0.01307400     -0.93737100     -0.11290300      0.32952500      0.02812400     -0.96745500     -0.25147200      0.34719300     -0.22645500      0.91004000     -0.00000500     -0.00109400      0.00800500     -0.03431900     -0.00815900      0.00423900      0.24758700      0.08743300      0.04107300     -0.05205300     -0.52508700      0.25589000     -0.81166600     -0.41092300     -0.91141600     -0.02150100     -0.74526800      0.32224200      0.58372400      0.00000700      0.00002000      0.00001200      0.00974900     -0.07550900      0.18360100      0.49752700
     0.08300100      0.02160400      0.42006600     -0.47596200      0.28112400     -0.83335100     -0.47194000     -0.88117700     -0.02777700     -0.74155300      0.37971700      0.55312000      0.00000400      0.00001200      0.00000600      0.00000000      0.00000000      0.00000000      0.50960700     -0.09731100     -0.04242700      0.39255700      0.92503700      0.15593000      0.34638500     -0.06504700      0.96346800     -0.25967700     -0.37538100      0.21745800      0.90092400      0.00188900     -0.01351900      0.02447800     -0.07069700      0.00290200     -0.04557800      0.38493800      0.03085400      0.02262200     -0.01274800     -0.93741500     -0.11317300      0.32930800      0.02897300     -0.96778000     -0.25012200      0.34700500     -0.22492700      0.91049100      0.00022700     -0.00223200      0.00706300     -0.03429700     -0.00815300      0.00426900      0.30343300      0.08743700      0.04105400     -0.05202900     -0.52524100      0.25577500     -0.81160300     -0.41096100     -0.91140400     -0.02126700     -0.74513900      0.32236700      0.58382100     -0.00000300     -0.00000500     -0.00000200     -0.00009200     -0.00001300      0.00004200      0.49981300
     0.08299400      0.02153900      0.42012200     -0.47599300      0.28116300     -0.83332100     -0.47210000     -0.88109400     -0.02768200     -0.74143100      0.37988000      0.55317000     -0.00000700     -0.00002200     -0.00001100      0.00000000      0.00000000      0.00000000      0.51153500     -0.09732700     -0.04272000      0.39312400      0.92499300      0.15665000      0.34617700     -0.06633300      0.96369400     -0.25850900     -0.37526300      0.21593400      0.90134000      0.00091600     -0.00661700      0.01235500     -0.03534300      0.00142100     -0.02279900      0.44027200      0.03084700      0.02247300     -0.01246000     -0.93740000     -0.11389200      0.32910200      0.03023300     -0.96805600     -0.24890200      0.34693800     -0.22337100      0.91090000      0.00108800     -0.00752700      0.01160600     -0.06963500     -0.00671100     -0.01851300      0.36842200      0.08743300      0.04102500     -0.05200500     -0.52525800      0.25581900     -0.81157800     -0.41111300     -0.91133800     -0.02119000     -0.74504300      0.32252000      0.58385800     -0.00000400     -0.00001200     -0.00000600     -0.00005600      0.00000000      0.00004100      0.50177300
     0.08298900      0.02148100      0.42018100     -0.47611500      0.28111500     -0.83326700     -0.47220900     -0.88104200     -0.02748400     -0.74128400      0.38003600      0.55326100     -0.00000000     -0.00000000     -0.00000000      0.00000000      0.00000000      0.00000000      0.51251400     -0.09743500     -0.04292500      0.39366500      0.92497700      0.15710700      0.34601300     -0.06729400      0.96391400     -0.25744100     -0.37513000      0.21461900      0.90170900      0.00034500     -0.00380500      0.01466100     -0.03534000      0.00140000     -0.02280500      0.44909500      0.03079400      0.02236100     -0.01219000     -0.93739900     -0.11436900      0.32893900      0.03118800     -0.96831000     -0.24779300      0.34685500     -0.22202300      0.91126100     -0.00774800      0.00191400      0.00246000     -0.00099400      0.00567300     -0.00212800      0.40761200      0.08743100      0.04099200     -0.05197200     -0.52538900      0.25575600     -0.81151300     -0.41123000     -0.91129000     -0.02096400     -0.74488600      0.32270500      0.58395600     -0.00039400     -0.00478600      0.00497400     -0.03490400      0.01707300     -0.01621500      0.50356900
     0.08298900      0.02146000      0.42021500     -0.47616000      0.28110600     -0.83324400     -0.47227200     -0.88101100     -0.02740300     -0.74121400      0.38011500      0.55330000     -0.00077700     -0.00954400      0.00996300     -0.03486000      0.01708300     -0.01626800      0.51280200     -0.09760200     -0.04295000      0.39393200      0.92494500      0.15735100      0.34598800     -0.06772000      0.96399000     -0.25704100     -0.37513300      0.21409500      0.90183200     -0.01413800     -0.00484500      0.01557000     -0.03738600      0.01660500     -0.05204800      0.44979200      0.03071600      0.02234800     -0.01205800     -0.93738200     -0.11459000      0.32891200      0.03158100     -0.96840300     -0.24737900      0.34686700     -0.22150100      0.91138300     -0.00014800     -0.00036800      0.00858900     -0.03430500     -0.00812700      0.00433000      0.41251100      0.08743100      0.04098600     -0.05195800     -0.52541800      0.25575100     -0.81149600     -0.41128000     -0.91126900     -0.02090500     -0.74483800      0.32276800      0.58398200      0.00000300      0.00001200      0.00000600     -0.00003900      0.00001300      0.00004800      0.50438600
     0.08295200      0.02143300      0.42026900     -0.47796700      0.27819900     -0.83318500     -0.46709700     -0.88377200     -0.02719700     -0.74332400      0.37582800      0.55339800      0.00000000      0.00000100      0.00000100      0.00000000      0.00000000     -0.00000000      0.51365200     -0.09796700     -0.04281600      0.39436200      0.92491500      0.15749700      0.34600300     -0.06806100      0.96409000     -0.25657600     -0.37514600      0.21353800      0.90195900     -0.00180400      0.00895700      0.00731600      0.00105900     -0.00951300      0.02718100      0.45586800      0.03052900      0.02241300     -0.01183700     -0.93735200     -0.11477900      0.32893100      0.03195700     -0.96851500     -0.24689300      0.34691300     -0.22091500      0.91150800     -0.00092700      0.00456600      0.00373500      0.00105900     -0.00950100      0.02714600      0.42018600      0.08741200      0.04096900     -0.05192700     -0.52703600      0.25270800     -0.81140000     -0.40592300     -0.91366700     -0.02089600     -0.74663100      0.31835300      0.58411600     -0.00000400     -0.00000900     -0.00000400     -0.00016800      0.00000800      0.00011100      0.50552900
     0.08290800      0.02141600      0.42032900     -0.47812000      0.27811500     -0.83312600     -0.46714600     -0.88375200     -0.02698900     -0.74319400      0.37593600      0.55349900      0.00009600      0.00029800      0.00015000      0.00000000      0.00000000      0.00000000      0.51460400     -0.09808400     -0.04252300      0.39472700      0.92506300      0.15676900      0.34593900     -0.06749500      0.96424400     -0.25614700     -0.37488300      0.21338000      0.90210500     -0.00185700      0.00923400      0.00751600      0.00105800     -0.00950600      0.02718400      0.46495000      0.03047000      0.02255800     -0.01165600     -0.93746400     -0.11406700      0.32885800      0.03139600     -0.96863800     -0.24648000      0.34666000     -0.22074200      0.91164500     -0.00094600      0.00467100      0.00380700      0.00106000     -0.00950800      0.02715900      0.42802300      0.08739000      0.04096000     -0.05189800     -0.52718000      0.25261700     -0.81133500     -0.40597200     -0.91365100     -0.02068600     -0.74650300      0.31847400      0.58421400      0.00005800      0.00018300      0.00009500     -0.00011100      0.00002200      0.00008200      0.50716100
     0.08288800      0.02139900      0.42035400     -0.47820300      0.27806600     -0.83309400     -0.46716700     -0.88374500     -0.02687800     -0.74312800      0.37599000      0.55355100      0.00000100      0.00000400      0.00000200      0.00000000      0.00000000      0.00000000      0.51501700     -0.09816000     -0.04236200      0.39486300      0.92552600      0.15554400      0.34525000     -0.06753700      0.96497600     -0.25336400     -0.37372600      0.21095700      0.90315500     -0.00170600      0.00848900      0.00689800      0.00105800     -0.00950600      0.02718400      0.47401900      0.03043100      0.02264400     -0.01158400     -0.93787000     -0.11279400      0.32814000      0.03133300     -0.96935600     -0.24364900      0.34556800     -0.21823000      0.91266500     -0.00085300      0.00421700      0.00343000      0.00491000     -0.00816600      0.02611900      0.43765800      0.08738100      0.04095200     -0.05188500     -0.52725700      0.25256300     -0.81130100     -0.40599100     -0.91364400     -0.02057400     -0.74643800      0.31853400      0.58426400     -0.00000400     -0.00001100     -0.00000400     -0.00008900      0.00000800      0.00006500      0.50732500
     0.08290100      0.02135100      0.42038400     -0.47825800      0.27805200     -0.83306800     -0.46724600     -0.88370600     -0.02677500     -0.74304300      0.37609100      0.55359700     -0.00000000     -0.00000100     -0.00000100      0.00000000      0.00000000      0.00000000      0.51532600     -0.09829600     -0.04204300      0.39489200      0.92659300      0.14897400      0.34528700     -0.06064500      0.96541100     -0.25344900     -0.37226200      0.21369100      0.90311700     -0.00075200      0.00374600      0.00303800      0.00000000     -0.00000000      0.00000000      0.48286600      0.03036200      0.02280700     -0.01156600     -0.93865300     -0.10618700      0.32810700      0.02441700     -0.96949000     -0.24390700      0.34399700     -0.22093300      0.91260800     -0.00111200      0.00656000     -0.00352600      0.03638300     -0.01079100      0.04983800      0.45578300      0.08738700      0.04092800     -0.05187000     -0.52730900      0.25254700     -0.81127300     -0.40607200     -0.91361100     -0.02046800     -0.74635800      0.31864300      0.58430800      0.00000000      0.00000100      0.00000100     -0.00005400      0.00000800      0.00005500      0.50814100
     0.08293700      0.02134300      0.42037900     -0.47818400      0.27811400     -0.83309000     -0.46728600     -0.88368200     -0.02685000     -0.74306500      0.37610100      0.55356000     -0.00000000     -0.00000000     -0.00000000      0.00000000      0.00000000      0.00000000      0.51531900     -0.09843500     -0.04176700      0.39494000      0.92800700      0.14492400      0.34320600     -0.06025000      0.96753700     -0.24530900     -0.36877800      0.20676300      0.90615400     -0.00266900      0.01536100     -0.00524800     -0.71696600     -0.28504200      0.26194400      0.47724900      0.03029500      0.02293300     -0.01154500     -0.93974600     -0.10240900      0.32617400      0.02375300     -0.97133200     -0.23653400      0.34104700     -0.21453400      0.91523800     -0.00058200      0.00287700      0.00227100     -2.50731300     -0.92083800      0.73436100      0.45904900      0.08740500      0.04092300     -0.05187300     -0.52724000      0.25261500     -0.81129700     -0.40611700     -0.91358900     -0.02054100     -0.74638200      0.31865100      0.58427200     -0.00000000      0.00000100      0.00000100     -0.00004700     -0.00000400      0.00005800      0.50863100
     0.08293700      0.02134300      0.42037900     -0.47818400      0.27811400     -0.83309000     -0.46728600     -0.88368200     -0.02685000     -0.74306500      0.37610100      0.55356000     -0.00000000     -0.00000000     -0.00000000      0.00000000      0.00000000      0.00000000      0.51512700     -0.09845700     -0.04165900      0.39505400      0.92812700      0.14428300      0.34315300     -0.05969100      0.96763100     -0.24507300     -0.36856700      0.20677000      0.90623800     -0.00125000      0.00623700      0.00504200     -0.00000000     -0.00000000      0.00000000      0.47327100      0.03028300      0.02299100     -0.01149100     -0.93994500     -0.10144800      0.32590000      0.02320500     -0.97159200     -0.23551800      0.34053500     -0.21381100      0.91559800     -0.00075500      0.00375300      0.00303700      0.00277900     -0.00888700      0.02659000      0.45529300      0.08740500      0.04092300     -0.05187300     -0.52724000      0.25261500     -0.81129700     -0.40611700     -0.91358900     -0.02054100     -0.74638200      0.31865100      0.58427200     -0.00000000      0.00000100     -0.00000000     -0.00004600     -0.00000600      0.00005700      0.50895800
     0.08292500      0.02133000      0.42038400     -0.47823300      0.27807800     -0.83307300     -0.46728100     -0.88368700     -0.02679000     -0.74303700      0.37611600      0.55358700     -0.00000700     -0.00002200     -0.00001100      0.00000000      0.00000000      0.00000000      0.51571100     -0.09832900     -0.04138400      0.39536100      0.93093900      0.12554300      0.34290500     -0.04056300      0.96883100     -0.24424500     -0.36404600      0.21328500      0.90655600      0.01406700      0.00069100      0.01648900     -0.03192300     -0.01476700      0.01010800      0.46479600      0.03034700      0.02313200     -0.01133600     -0.94195100     -0.08258200      0.32543300      0.00399300     -0.97196500     -0.23509000      0.33572400     -0.22014400      0.91587300      0.00701400      0.00044000      0.00832100     -0.03237900     -0.01413100      0.00990500      0.44876100      0.08739900      0.04091700     -0.05187000     -0.52728500      0.25257600     -0.81127900     -0.40611000     -0.91359400     -0.02048100     -0.74635300      0.31867000      0.58429800     -0.00000000     -0.00000400     -0.00000200     -0.00003900      0.00001500      0.00005000      0.50895800
     0.08290000      0.02133700      0.42039900     -0.47828800      0.27804000     -0.83305400     -0.46727300     -0.88369300     -0.02672600     -0.74300600      0.37613000      0.55362000     -0.00062900     -0.00908500      0.01019700     -0.03486200      0.01707700     -0.01626900      0.51514000     -0.09808400     -0.04109300      0.39567700      0.93292500      0.10180700      0.34536700     -0.01588100      0.96994100     -0.24268700     -0.36086200      0.22077100      0.90603700      0.01260400      0.00994100      0.00627700      0.00644700     -0.02313300      0.07035200      0.43819800      0.03047000      0.02327700     -0.01117700     -0.94290400     -0.05870600      0.32784700     -0.02082800     -0.97202300     -0.23395700      0.33240900     -0.22742800      0.91530300      0.00630600      0.00494900      0.00311500      0.01151700     -0.04323900      0.06250000      0.42541100      0.08738600      0.04092300     -0.05186700     -0.52732300      0.25254100     -0.81126600     -0.40608700     -0.91360500     -0.02044300     -0.74633900      0.31866500      0.58431800      0.00010200      0.00032400      0.00016400     -0.00004300     -0.00000300      0.00003600      0.50912100
     0.08290000      0.02132300      0.42042600     -0.47995600      0.27520000     -0.83303800     -0.46208200     -0.88642000     -0.02666900     -0.74517000      0.37178400      0.55364700      0.00000100      0.00000200      0.00000100      0.00000000      0.00000000     -0.00000000      0.51527700     -0.09792200     -0.04094400      0.39599800      0.93292800      0.07913500      0.35124800      0.00924100      0.97000900     -0.24275700     -0.36109500      0.22959600      0.90374800      0.01311100      0.00737200      0.00420300     -0.01421200      0.05968800      0.06954100      0.42459900      0.03054400      0.02335300     -0.01101500     -0.94199800     -0.03600700      0.33367800     -0.04595200     -0.97102700     -0.23450800      0.33245400     -0.23623900      0.91305200      0.00016000     -0.00183300      0.00733600     -0.03721100      0.04441000      0.06763300      0.40042700      0.08738700      0.04091400     -0.05184900     -0.52880900      0.24957500     -0.81121600     -0.40071900     -0.91596900     -0.02058500     -0.74818700      0.31418400      0.58438200     -0.00000400     -0.00000800     -0.00000200     -0.00031800      0.00003700     -0.00003800      0.50928400
     0.08289600      0.02129400      0.42044400     -0.48001700      0.27516700     -0.83301400     -0.46211400     -0.88640600     -0.02657800     -0.74511100      0.37184200      0.55368800     -0.00005000     -0.00015500     -0.00007800      0.00000000      0.00000000     -0.00000000      0.51530900     -0.09783600     -0.04090000      0.39616700      0.93229100      0.06836600      0.35517800      0.02297800      0.96884200     -0.24647400     -0.36213200      0.23783500      0.90119800      0.01302900      0.00775100      0.00450200      0.57726200     -0.37653100      1.57091000      0.42037900      0.03058800      0.02337200     -0.01093300     -0.94088900     -0.02693300      0.33763900     -0.05784300     -0.96941300     -0.23852000      0.33373600     -0.24395200      0.91055300      0.00013000     -0.00230500      0.00698800      1.92709400     -1.40916800      5.15416900      0.39291600      0.08738400      0.04089900     -0.05184000     -0.52886600      0.24953900     -0.81119000     -0.40075200     -0.91595600     -0.02049100     -0.74812800      0.31425000      0.58442200     -0.00003200     -0.00010100     -0.00005100     -0.00016600      0.00000900      0.00010000      0.50928400
     0.08290800      0.02123900      0.42048200     -0.48008700      0.27514700     -0.83298000     -0.46220700     -0.88636100     -0.02645100     -0.74500800      0.37196300      0.55374400     -0.00000100     -0.00000200     -0.00000100      0.00000000      0.00000000      0.00000000      0.51581500     -0.09749200     -0.04097700      0.39650100      0.92931500      0.04162900      0.36692400      0.05855600      0.96449000     -0.25741600     -0.36577700      0.26062800      0.89338900      0.01546500     -0.00635500      0.01080500      0.03571600      0.01390900      0.24223900      0.41191500      0.03075800      0.02334500     -0.01076400     -0.93704400      0.00126900      0.34920700     -0.09459700     -0.96352600     -0.25033600      0.33615300     -0.26761000      0.90298700      0.00706100      0.00116800      0.00007600      0.27267200      0.09154800      0.11251900      0.38017900      0.08739000      0.04087100     -0.05182100     -0.52893100      0.24951700     -0.81115400     -0.40085000     -0.91591700     -0.02036000     -0.74803000      0.31438200      0.58447600      0.00600300     -0.00146100     -0.00092800      0.00087400     -0.01473200      0.02960900      0.50912100
