     0.08281200      0.03681700      0.47867600     -0.69613100      0.48558800     -0.52881900     -0.56111500     -0.82744800     -0.02125900     -0.44703300      0.28132000      0.84914500      0.02773100     -0.00084200     -0.04351800      0.01179300     -0.54535100      0.74115900      0.43426900     -0.10822500     -0.02684700      0.40271400      0.55959100      0.67373800      0.48262500     -0.65536500      0.71621800     -0.23971400     -0.50784900     -0.18301400      0.84170000     -0.00316300      0.02362900     -0.05024100      0.12136300      0.07982500      0.09280400      0.05196300      0.02559200      0.03042900     -0.00734700     -0.62357600     -0.61990700      0.47630600      0.59933400     -0.77028000     -0.21786800      0.50194800      0.14960900      0.85185900     -0.00085400      0.00718300     -0.02002600      0.08826700      0.12989300     -0.12827900     -0.07507500      0.08741200      0.04892900     -0.02302000     -0.72761800      0.47547500     -0.49446500     -0.54678700     -0.83727100     -0.00050400     -0.41424100      0.27000000      0.86919700      0.00850200      0.00095200     -0.02087700     -0.13954000     -0.42810900      0.46664600      0.44168200
     0.08344400      0.03691700      0.47691600     -0.69243100      0.49390700     -0.52596600     -0.57864400     -0.81555200     -0.00416100     -0.43015200      0.30084600      0.85116800      0.00635300      0.01209900     -0.05124700     -0.04180500     -0.01888800      0.11009000      0.46184500     -0.10815000     -0.02627300      0.40125900      0.55739900      0.67151900      0.48822100     -0.65321500      0.71770000     -0.24114600     -0.51300800     -0.18535600      0.83805100      0.01148800      0.01837200     -0.03860600      0.06819800      0.16263600      0.13481100      0.08914200      0.02562700      0.03073200     -0.00808800     -0.62142400     -0.61801300      0.48155000      0.59706700     -0.77152700     -0.21967000      0.50728900      0.15101000      0.84844100      0.00574500      0.00932700     -0.01920400      0.06409300      0.18136100      0.14148300     -0.03898800      0.08773200      0.04896200     -0.02390000     -0.72363900      0.48452800     -0.49150700     -0.56410900     -0.82553000      0.01672200     -0.39765200      0.28936400      0.87071200      0.00303000      0.00197000     -0.02008300     -0.56201200      0.20334700      0.00405500      0.46813500
     0.08358400      0.03711400      0.47601500     -0.68053800      0.51427900     -0.52194700     -0.60648900     -0.79504000      0.00730600     -0.41037100      0.32088300      0.85361400      0.00702600      0.01410400     -0.05064600     -2.89913700      0.05469100      4.68664300      0.49636100     -0.10799300     -0.02602400      0.40067500      0.55425500      0.67404600      0.48832000     -0.65601900      0.71487200     -0.24193100     -0.51283200     -0.18711600      0.83776700      0.01102600      0.02098300     -0.03675300      0.03404700      0.02670700     -0.05458800      0.13211700      0.02570200      0.03084700     -0.00836700     -0.61848400     -0.62064800      0.48194600      0.60005600     -0.76902600     -0.22029500      0.50735500      0.15294600      0.84805400      0.00618500      0.00612100     -0.01310500     -0.16252800      0.02819700     -0.19330800     -0.01302400      0.08780000      0.04905400     -0.02435300     -0.71483200      0.50118900     -0.48767000     -0.58713800     -0.80895700      0.02925000     -0.37984500      0.30723900      0.87253600      0.00337800      0.00654100     -0.02547200     -0.33774900      0.09322800      0.16061900      0.49246500
     0.08350100      0.03769300      0.47381500     -0.68016200      0.52694300     -0.50966200     -0.62938200     -0.77618000      0.03733100     -0.37507800      0.34550300      0.86021500     -0.00648500      0.01558300     -0.06261500      0.09942900      0.11832600     -0.58197600      0.52379200     -0.10740800     -0.02548200      0.39973700      0.49148300      0.72113700      0.48825900     -0.71736400      0.65314500     -0.24233000     -0.49425100     -0.23207600      0.83768700      0.01192100      0.01450400     -0.02460000     -2.69775600      1.30028100     -4.53255500      0.28655600      0.02599400      0.03112300     -0.00883900     -0.56364900     -0.66972700      0.48349200      0.66228400     -0.71622000     -0.22001800      0.49363900      0.19619600      0.84724600      0.01268700      0.00877900     -0.01190800     -0.19361100      0.09672600     -0.35439800      0.12789500      0.08777000      0.04935100     -0.02542100     -0.71044100      0.51868800     -0.47564000     -0.61458400     -0.78654700      0.06024100     -0.34286800      0.33511900      0.87757400     -0.00326500      0.00759700     -0.03136200     -0.08055600      0.21129300     -0.69416800      0.52169400
     0.08329700      0.03812800      0.47109000     -0.69339400      0.51656300     -0.50240800     -0.62002200     -0.78293200      0.05062200     -0.36634500      0.34595700      0.86378900     -0.01050000      0.00330300     -0.06623700      0.10116800      0.16923900     -0.76030200      0.52392300     -0.10675400     -0.02511300      0.39893600      0.37747200      0.78686700      0.48820800     -0.80709700      0.53805700     -0.24294500     -0.45429800     -0.30332200      0.83753900      0.01350000      0.00431000     -0.01511300     -2.98473400      1.49598700     -5.15814400      0.38028700      0.02631500      0.03131300     -0.00923500     -0.45745900     -0.74427600      0.48660500      0.76057900     -0.61100500     -0.21952600      0.46070600      0.26967700      0.84559000      0.01375800      0.00282100     -0.00785100     -3.55160800      1.76629500     -6.12297800      0.28890000      0.08767000      0.04958500     -0.02680400     -0.72329800      0.50786500     -0.46788000     -0.60430800     -0.79339900      0.07299800     -0.33414300      0.33554300      0.88077100     -0.00001900      0.00309600     -0.03988000      0.15417100      0.09017100     -0.55190900      0.52283700
     0.08324700      0.03810200      0.46795400     -0.69775700      0.52078700     -0.49189700     -0.62299000     -0.78008000      0.05771000     -0.35280200      0.34606100      0.86936700      0.00830000     -0.00423200     -0.08400200      0.18311400      0.08802800     -0.33332500      0.52386000     -0.10596800     -0.02494600      0.39853200      0.26866600      0.83161800      0.48602700     -0.87082100      0.42539400     -0.24626300     -0.41186100     -0.35812900      0.83784100      0.02790000      0.00062200     -0.00237700     -0.23970600      0.09301900     -0.36200500      0.50905000      0.02670900      0.03139600     -0.00945000     -0.34675400     -0.80133000      0.48747300      0.83817600     -0.49799200     -0.22240400      0.42097700      0.33146900      0.84433700      0.01398100      0.00011800     -0.00133000     -0.82365100      0.39935200     -1.37361800      0.44125000      0.08763700      0.04957300     -0.02833500     -0.72740000      0.51206300     -0.45681400     -0.60701000     -0.79062400      0.08031700     -0.32004100      0.33571400      0.88592800     -0.00113500     -0.00042400     -0.04100400      0.10426400      0.10291600     -0.22143500      0.52316400
     0.08323500      0.03804000      0.46645900     -0.70366700      0.51945900     -0.48483000     -0.62133500     -0.78081800      0.06508800     -0.34388400      0.34639200      0.87280200     -0.00260900     -0.00872600     -0.07107900      0.15073300      0.09649600     -0.36686000      0.52389200     -0.10546300     -0.02488100      0.39845000      0.24580100      0.83774700      0.48760100     -0.87805800      0.40555500     -0.25391600     -0.41074800     -0.36678500      0.83463700      0.02776800      0.00138300     -0.00183800      2.35340300      0.95506400     -1.04843900      0.52610500      0.02697200      0.03143000     -0.00949100     -0.32458200     -0.80935300      0.48948300      0.84760300     -0.47856000     -0.22923600      0.41978000      0.34048200      0.84134200      0.01384200      0.00088200     -0.00079300      2.34749200      0.94995600     -1.03829000      0.50493300      0.08763100      0.04953400     -0.02912100     -0.73315100      0.51047800     -0.44933400     -0.60481300     -0.79153500      0.08759200     -0.31095000      0.33598100      0.88905900     -0.00127000     -0.00089200     -0.04119900      0.17572400      0.05021000     -0.37865600      0.52316400
     0.08300800      0.03787100      0.46364800     -0.71564300      0.51948600     -0.46694200     -0.62135200     -0.77880900      0.08573400     -0.31823700      0.35083900      0.88071800     -0.01214500     -0.00178800     -0.06820100     -0.05156300      0.24630600     -0.46269900      0.52302900     -0.10463800     -0.02489900      0.39826500      0.20500700      0.84550400      0.49303900     -0.88199200      0.37801900     -0.28129100     -0.42444100     -0.37825500      0.82257900      0.01522500     -0.00632700     -0.00598200     -0.22528500      0.14266000     -0.41564600      0.50123000      0.02738200      0.03143200     -0.00957500     -0.28440900     -0.82033800      0.49614000      0.85401100     -0.45194300     -0.25770500      0.43563300      0.35041600      0.82911400      0.00765400     -0.00338400     -0.00316000     -0.24809200      0.13465400     -0.40517200      0.51799600      0.08751800      0.04943500     -0.03053100     -0.74419900      0.51023700     -0.43107500     -0.60396800     -0.78965500      0.10801300     -0.28528800      0.34073900      0.89582700     -0.00608600     -0.00108900     -0.03415400     -0.61977900      0.52992300     -0.66783200      0.52316400
     0.08244800      0.03756000      0.46127800     -0.72109700      0.51521400     -0.46327000     -0.61396200     -0.78499100      0.08253200     -0.32025000      0.34329800      0.88295700     -0.01268400     -0.01032200     -0.05763900      0.12037800      0.08598200     -0.40994500      0.52290300     -0.10447500     -0.02513700      0.39752600      0.10867100      0.85866700      0.50087100     -0.91031700      0.28843800     -0.29674800     -0.39938700     -0.42478200      0.81235000     -0.01216400     -0.00816100     -0.02133500     -0.23360500      0.27512700     -0.61167200      0.48119000      0.02746700      0.03131900     -0.00992800     -0.19145300     -0.84067500      0.50656700      0.88936800     -0.36690600     -0.27277100      0.41517500      0.39830200      0.81791400     -0.00590300     -0.00472200     -0.01111800     -2.75113900      1.75202800     -4.74687600      0.49970800      0.08724400      0.04928900     -0.03169800     -0.74927000      0.50593200     -0.42734700     -0.59681200     -0.79553800      0.10456600     -0.28706700      0.33339500      0.89801900     -0.01192100     -0.00415500     -0.02804100      0.29090000     -0.02928800     -0.36357600      0.52300100
     0.08217700      0.03742700      0.46010700     -0.72095400      0.51099100     -0.46814400     -0.60934900     -0.78914400      0.07692800     -0.32923200      0.34008400      0.88089500     -0.01146800      0.00045600     -0.06778000      0.12403700      0.00241500     -0.41262900      0.51904800     -0.10464300     -0.02519800      0.39700800      0.07431300      0.86073300      0.50359500     -0.92007800      0.25399500     -0.29812200     -0.38457900     -0.44227200      0.81015800     -0.00006600      0.00386500     -0.03095200     -0.80044000      0.64918300     -1.27154100      0.47229600      0.02738500      0.03127700     -0.01018400     -0.16089700     -0.84530300      0.50948300      0.90068300     -0.33683900     -0.27442200      0.40358400      0.41473000      0.81554800     -0.00675400      0.00033200     -0.01591700     -0.01638400      0.34389300     -0.13457200      0.48664500      0.08710600      0.04921400     -0.03228100     -0.74917100      0.50158100     -0.43261600     -0.59242100     -0.79953100      0.09892200     -0.29627300      0.33040100      0.89613400     -0.00600000     -0.00421900     -0.02855300      0.27814000     -0.16987300     -0.14281400      0.52316400
     0.08183000      0.03743700      0.45778200     -0.72732400      0.49190400     -0.47861800     -0.58346400     -0.81034400      0.05370300     -0.36052900      0.31769900      0.87699100     -0.00883400      0.00845900     -0.06522000      0.21694500      0.03009700     -0.38308000      0.50301500     -0.10501300     -0.02479100      0.39569200      0.01146800      0.86403900      0.50328500     -0.94295100      0.17687500     -0.28194500     -0.33261700     -0.47242200      0.81611600     -0.00269900      0.01953800     -0.03645300     -2.31838700     -0.90791900      1.03868500      0.46760500      0.02719800      0.03146300     -0.01086000     -0.09203500     -0.85422500      0.51169100      0.93067700     -0.25651700     -0.26084000      0.35407400      0.45221300      0.81861700     -0.00140300      0.01011500     -0.01797300     -0.14637500      0.12479100     -0.37241300      0.47129500      0.08692500      0.04920600     -0.03346800     -0.75589400      0.48226600     -0.44276600     -0.56694600     -0.82039600      0.07430900     -0.32740800      0.30719400      0.89355100     -0.00466400     -0.00014700     -0.02727100      0.37864300     -0.09747700     -0.25348800      0.52316400
     0.08176500      0.03765700      0.45548800     -0.72024600      0.49130700     -0.48980400     -0.57700900     -0.81618000      0.02968700     -0.38429200      0.30338800      0.87195300     -0.00751800      0.00538800     -0.05268900      0.13907900     -0.04198800     -0.01343200      0.49159200     -0.10524200     -0.02375900      0.39399400      0.00756400      0.86364500      0.50403400     -0.94758500      0.16724200     -0.27211400     -0.31928800     -0.47663900      0.81898300     -0.00502400      0.03536200     -0.05868100      0.16634300      0.07942900     -0.09688900      0.41791700      0.02708100      0.03198600     -0.01169100     -0.08965200     -0.85427300      0.51203400      0.93660500     -0.24715500     -0.24836100      0.33872000      0.45730800      0.82227500     -0.00851100      0.01146500     -0.02470300      0.13791700      0.08162800     -0.18468900      0.44680200      0.08689000      0.04932100     -0.03463900     -0.74951400      0.48158900     -0.45420000     -0.56115900     -0.82619500      0.05000000     -0.35117900      0.29235500      0.88949400     -0.00361500      0.00300500     -0.02623500      0.12271200     -0.03114100     -0.02216600      0.50732500
     0.08197800      0.03796600      0.45317600     -0.73736900      0.45010800     -0.50372200     -0.52146500     -0.85325600      0.00079900     -0.42853200      0.26269800      0.86451000      0.00514900      0.01427400     -0.06408700      1.28823100     -0.25961000     -1.24930000      0.47840200     -0.10610100     -0.02273700      0.39129300     -0.00341700      0.85775800      0.51403400     -0.94434400      0.16636800     -0.28367000     -0.32880800     -0.48746800      0.80877900     -0.03272800      0.03655100     -0.08875400      0.17755100      0.38198600     -0.06167200      0.16084400      0.02667100      0.03250000     -0.01299100     -0.07871400     -0.84964900      0.52144000      0.93366200     -0.24615700     -0.26015400      0.34939500      0.46637200      0.81266100     -0.01561200      0.01358300     -0.03934400      0.11445400      0.57892800     -0.00703600      0.25852800      0.08699500      0.04947300     -0.03577000     -0.76601400      0.44130100     -0.46741200     -0.50773700     -0.86130400      0.01891100     -0.39423800      0.25180800      0.88383600      0.00271700      0.00769400     -0.03190800      3.92205600     -0.60450100     -4.61574700      0.48822000
     0.08216900      0.03829500      0.45188700     -0.75964400      0.40026200     -0.51261700     -0.45657400     -0.88948700     -0.01803800     -0.46224600      0.21984100      0.85908400      0.01740800      0.01490800     -0.06464200      5.38996800     -1.48882800     -3.54437800      0.48161400     -0.10669300     -0.02223700      0.38973600     -0.00821700      0.85395400      0.52027500     -0.94260500      0.16711800     -0.28896700     -0.33367400     -0.49385700      0.80288900     -0.03063700      0.02348300     -0.08149000      0.13073400      0.43398400     -0.06147300      0.03043600      0.02636200      0.03276400     -0.01380300     -0.07366700     -0.84607700      0.52794400      0.93193600     -0.24687700     -0.26560400      0.35505900      0.47244500      0.80667700     -0.01590600      0.01595900     -0.04608100      0.13480300      0.56570500     -0.00691300      0.10307500      0.08708500      0.04963400     -0.03641500     -0.78743300      0.39352400     -0.47443200     -0.44686900     -0.89459800     -0.00035100     -0.42456500      0.21173300      0.88029100      0.00321500      0.00889800     -0.03140900      1.12238400     -0.11698000     -1.32442000      0.48201500
     0.08262100      0.03905000      0.44944800     -0.76113200      0.36885100     -0.53354600     -0.40175200     -0.91384700     -0.05874100     -0.50830400      0.16917900      0.84441300      0.00790600      0.02244400     -0.06108500      3.37243600     -0.07335500     -3.97720000      0.49613000     -0.10785200     -0.02122800      0.38617500      0.04022500      0.84531900      0.53273700     -0.93253600      0.22327500     -0.28365300     -0.35874700     -0.48644500      0.79657700     -0.02968500      0.01785500     -0.08584900     -2.15111000     -0.28764800      1.56326500     -0.11876400      0.02578900      0.03325500     -0.01554800     -0.11956000     -0.83445400      0.53795000      0.91656700     -0.30102200     -0.26323000      0.38158900      0.46159600      0.80082300     -0.01476900      0.00880900     -0.04297800      1.08963500     -0.28561600      1.43118100     -0.18741900      0.08731500      0.05001000     -0.03763600     -0.78864200      0.36229300     -0.49677500     -0.39304400     -0.91837700     -0.04579600     -0.47281900      0.15913800      0.86666900      0.00932700      0.00561100     -0.02610700      0.92547500     -0.62501500      0.71772300      0.48789300
     0.08322200      0.03967300      0.44756300     -0.77122600      0.33254700     -0.54283300     -0.34512200     -0.93490900     -0.08250800     -0.53398300      0.12329100      0.83647400      0.02068200      0.01765900     -0.04984000      0.45166000     -0.24681600      0.23801300      0.51832400     -0.10847900     -0.02059500      0.38274500      0.15218500      0.83022500      0.53624400     -0.91245100      0.32656200     -0.24642400     -0.37986800     -0.45283700      0.80653700     -0.01511300      0.01475800     -0.08997300      0.68866900     -2.14903500      6.03843500     -0.13333300      0.02546500      0.03358100     -0.01729900     -0.22566400     -0.81021100      0.54095600      0.88950300     -0.39782100     -0.22477000      0.39731500      0.43045900      0.81045900      0.00019600      0.00297400     -0.04051600     -0.42331200     -0.04903500      0.97800200     -0.27967800      0.08761800      0.05032800     -0.03860200     -0.80038000      0.32178900     -0.50580700     -0.33204800     -0.94044200     -0.07287100     -0.49913200      0.10962800      0.85956200      0.01047900      0.00911400     -0.02481700      0.44886300     -0.24566100      0.23705800      0.51532600
     0.08357800      0.04000400      0.44676500     -0.77665300      0.31236900     -0.54706600     -0.31856700     -0.94390300     -0.08679700     -0.54252800      0.10647000      0.83327900      0.02229100      0.02258800     -0.04803000      0.41042100     -0.34863200      0.20472600      0.52338200     -0.10852900     -0.02050900      0.38117200      0.21422200      0.81475100      0.53877700     -0.89127900      0.38875500     -0.23329000     -0.39976800     -0.43124900      0.80874700      0.00168000     -0.00326400     -0.07116800      3.14022400     -1.19604200      5.34131800     -0.12314700      0.02543500      0.03362600     -0.01812300     -0.29132100     -0.78898000      0.54096300      0.86202800     -0.46169500     -0.20915000      0.41477600      0.40539600      0.81462500      0.00102300     -0.00198700     -0.03584200      3.13595100     -1.12799200      5.36277100     -0.29110800      0.08778700      0.05048200     -0.03898400     -0.80579500      0.30130800     -0.50981100     -0.30556600     -0.94897900     -0.07789400     -0.50727000      0.09301500      0.85675200      0.01105300      0.00741700     -0.01859300      1.00749700     -0.18400800     -0.98560000      0.52381700
     0.08428300      0.04084800      0.44542700     -0.77069300      0.29526000     -0.56471300     -0.29795300     -0.95028400     -0.09031900     -0.56235000      0.09827600      0.82105600      0.02484000      0.02353600     -0.03397000     -0.06958800     -0.64290900      0.15713200      0.52463500     -0.10829200     -0.02069300      0.37844300      0.32513300      0.77608800      0.54033900     -0.83687600      0.50222900     -0.21757300     -0.44061300     -0.38243700      0.81207500      0.00275200     -0.01062600     -0.06009200      0.39657500     -0.26127800      0.94426900     -0.02985400      0.02554700      0.03353600     -0.01945300     -0.39815300     -0.74116400      0.54050800      0.79838500     -0.57014400     -0.19368900      0.45172300      0.35441600      0.81873900      0.00161700     -0.00599600     -0.03059000      3.19392200     -1.32281900      4.90525200     -0.24261100      0.08813700      0.05090100     -0.03965900     -0.80044000      0.28441800     -0.52763600     -0.28481000     -0.95500700     -0.08272300     -0.52742500      0.08406100      0.84543200      0.00680300      0.01286100     -0.01621300     -0.13782400     -0.77498200      0.05138000      0.52316400
     0.08484100      0.04148800      0.44447800     -0.74782600      0.28758400     -0.59841200     -0.30171800     -0.95005300     -0.07961100     -0.59049200      0.12065200      0.79799100      0.01224700      0.01477700     -0.02268100     -0.37915500     -1.32735700     -0.16681700      0.52431100     -0.10789700     -0.02133400      0.37661200      0.33904400      0.77086200      0.53926900     -0.82963500      0.51528200     -0.21476100     -0.44382700     -0.37555600      0.81353400      0.00475100     -0.02461700     -0.03679600      0.05998800     -0.19359200      0.46346200      0.03983800      0.02575400      0.03319900     -0.02041400     -0.41346100     -0.73417400      0.53855100      0.78876300     -0.58428200     -0.19096200      0.45486500      0.34583500      0.82066700      0.00235500     -0.01203000     -0.01818300      0.05860400     -0.19485400      0.45982700     -0.16504800      0.08842600      0.05123800     -0.04013300     -0.77967000      0.27825000     -0.56097200     -0.28838800     -0.95474500     -0.07274900     -0.55582900      0.10505800      0.82463100      0.00613800      0.00736800     -0.01135800     -0.20852900     -0.97663400      0.16656800      0.52283700
     0.08519200      0.04187400      0.44383800     -0.70362500      0.29384500     -0.64700300     -0.32776600     -0.94203700     -0.07147000     -0.62963100      0.16140600      0.75996100      0.00061700      0.00890500     -0.01039900     -0.44201800     -1.54759700     -0.09457300      0.52429400     -0.10715000     -0.02197300      0.37546000      0.34676600      0.76900200      0.53701000     -0.82917000      0.51897700     -0.20754100     -0.43870600     -0.37427600      0.81689500      0.03191100     -0.01838900     -0.01790100      0.02124600     -0.16517700      0.37029500      0.15908900      0.02611800      0.03287800     -0.02099000     -0.42057700     -0.73189600      0.53613600      0.78804000     -0.58752500     -0.18386300      0.44956300      0.34516900      0.82386300      0.00904600     -0.01030200     -0.00903100      0.01678200     -0.13831000      0.31282000     -0.04813200      0.08860600      0.05143400     -0.04045700     -0.73747700      0.28535100     -0.61212800     -0.31421800     -0.94725600     -0.06301300     -0.59782400      0.14587100      0.78824300      0.00585600      0.00302700     -0.00610800     -0.51301300     -1.84621400      0.04581100      0.52300100
     0.08528000      0.04200100      0.44362300     -0.68047200      0.29378500     -0.67133700     -0.33553500     -0.93933100     -0.07104000     -0.65063600      0.17654500      0.73860200      0.00046700      0.00843900     -0.01056300     -0.41277200     -1.84564400      0.42937200      0.52431100     -0.10675200     -0.02226800      0.37513300      0.35140300      0.76704000      0.53680200     -0.82624000      0.52373400     -0.20727800     -0.44054800     -0.37165700      0.81709900      0.01716800     -0.01561300     -0.01412600      0.06942100     -0.04084200      0.12678900      0.23690300      0.02632900      0.03272300     -0.02116100     -0.42524400     -0.72946600      0.53576700      0.78461100     -0.59219600     -0.18354300      0.45116800      0.34231800      0.82417500      0.00850200     -0.00726500     -0.00664200      0.06842000     -0.04061900      0.12549300      0.04037200      0.08865100      0.05149800     -0.04056400     -0.71590400      0.28573000     -0.63705500     -0.32177600     -0.94477300     -0.06214400     -0.61962900      0.16050000      0.76830800      0.00022400      0.00415500     -0.00531700     -0.53141500     -2.06164600      0.14162400      0.52283700
     0.08534900      0.04223700      0.44327600     -0.63283700      0.28448300     -0.72016000     -0.33955000     -0.93780100     -0.07215300     -0.69511200      0.19851000      0.69097100     -0.00002800     -0.00008800     -0.00003200      3.58475300     -1.50649100     -3.44862100      0.52405200     -0.10617800     -0.02277200      0.37481700      0.35189900      0.76588000      0.53813200     -0.82260100      0.52738000     -0.21244300     -0.44692200     -0.36887700      0.81489400      0.01736000     -0.01806900      0.00133600     -0.02971700      0.00227100     -0.02202700      0.23181800      0.02660900      0.03248100     -0.02131600     -0.42560400     -0.72827800      0.53709400      0.78080100     -0.59555900     -0.18883200      0.45739400      0.33899600      0.82211400      0.00788400     -0.00386400     -0.00394200      0.00867800      0.00087200     -0.00257100      0.14455100      0.08868500      0.05161800     -0.04074200     -0.66884000      0.28140000     -0.68808800     -0.33149400     -0.94136700     -0.06276000     -0.66540400      0.18612100      0.72290600      0.00037000      0.00462200     -0.00513400     -0.21762900     -1.61843500      0.68131900      0.52283700
     0.08556300      0.04222700      0.44310300     -0.59185700      0.26714700     -0.76051400     -0.32266900     -0.94309000     -0.08023900     -0.73793800      0.19756600      0.64532400      0.01018700     -0.00558000     -0.00277500     -0.18464500     -1.44981900      0.77638800      0.52344100     -0.10608400     -0.02350800      0.37480600      0.33455600      0.77071300      0.54227800     -0.81848700      0.52286800     -0.23795300     -0.46732700     -0.36521300      0.80503900      0.00354400     -0.02074700      0.00079700      0.02232300      0.05432200     -0.10753600      0.16360100      0.02666000      0.03212500     -0.02131300     -0.40882800     -0.73457000      0.54154000      0.77764100     -0.59096700     -0.21454700      0.47763300      0.33341200      0.81283600      0.00162400     -0.00956800      0.00104500      0.15265500      0.20967400     -0.33263800      0.07972500      0.08879000      0.05162000     -0.04082600     -0.63011800      0.25994200     -0.73169600     -0.30908600     -0.94839800     -0.07075100     -0.71233100      0.18157500      0.67794800      0.00497200     -0.00318700     -0.00153200     -0.26738300     -1.62220300      0.49669500      0.52300100
     0.08566700      0.04209200      0.44306500     -0.56993500      0.26812100     -0.77674300     -0.33230400     -0.93970600     -0.08061400     -0.75082100      0.21183000      0.62563800      0.00960900     -0.00740200     -0.00343300     -0.68476100     -1.00758800     -0.17616000      0.52346400     -0.10610500     -0.02389000      0.37486200      0.31699700      0.77652100      0.54453600     -0.82405300      0.50976300     -0.24700600     -0.46976100     -0.37140700      0.80077700      0.00300900     -0.01788600      0.00309900     -0.04903300      0.09909900     -0.24464800      0.14930100      0.02665000      0.03193000     -0.02128800     -0.39193300     -0.74165900      0.54436100      0.78442900     -0.57855800     -0.22347300      0.48068500      0.33942600      0.80853500      0.00144600     -0.00863700      0.00179700     -0.05758000      0.03054100     -0.08697300      0.05245500      0.08884300      0.05155400     -0.04084400     -0.60884200      0.26264000     -0.74855200     -0.31902900     -0.94499900     -0.07208100     -0.72631300      0.19492400      0.65914500     -0.00085700     -0.00277900     -0.00103000     -1.84988500     -0.34844900     -1.40905700      0.52283700
     0.08561500      0.04186700      0.44294200     -0.54075500      0.26566200     -0.79815600     -0.34059600     -0.93669200     -0.08108400     -0.76850000      0.22766600      0.59800000     -0.00248400     -0.00777000     -0.00281100     -0.54843600     -0.41894600     -0.26007200      0.52320300     -0.10600600     -0.02435300      0.37493300      0.20266500      0.81360200      0.54494900     -0.88729200      0.38803800     -0.24914400     -0.41439300     -0.43405900      0.79983400      0.01470100     -0.00184100     -0.00315700     -0.92825100      0.41011500     -1.33617100      0.14744800      0.02669500      0.03169300     -0.02125000     -0.28573400     -0.78642500      0.54762300      0.85492800     -0.46736600     -0.22509300      0.43295900      0.40386100      0.80587900      0.00806200     -0.00567100      0.00336500     -0.33621700      0.12347600     -0.43051700      0.03122700      0.08882200      0.05144400     -0.04090500     -0.57976600      0.26035200     -0.77206700     -0.32747000     -0.94212900     -0.07179400     -0.74607900      0.21120500      0.63147200     -0.00116600     -0.00374500     -0.00137500     -1.68015900      0.22855700     -1.68259000      0.52283700
     0.08522700      0.04155600      0.44278600     -0.52607100      0.26311700     -0.80874200     -0.34819500     -0.93419800     -0.07750400     -0.77526900      0.24049400      0.58407900     -0.01518700     -0.00991900     -0.00285000     -0.52275000     -0.23633500     -0.44981100      0.52394200     -0.10543700     -0.02446000      0.37484700      0.14480500      0.82436300      0.54721900     -0.91268800      0.32490500     -0.24773000     -0.38216900     -0.46460300      0.79872000      0.02853500      0.00109600     -0.00245800     -0.90601900      0.38378400     -1.26787800      0.14561800      0.02697400      0.03164000     -0.02129100     -0.22541900     -0.80308900      0.55157300      0.88757700     -0.40273100     -0.22363700      0.40173600      0.43915200      0.80358700      0.00740900     -0.00096200     -0.00160900     -3.02069900      1.35181800     -4.43180100      0.01685800      0.08863300      0.05129200     -0.04098300     -0.56614700      0.25893200     -0.78257900     -0.33514400     -0.93967600     -0.06845500     -0.75309700      0.22352100      0.61877400     -0.00767900     -0.00534900     -0.00158100     -1.64748200      0.31037600     -1.96010500      0.52283800
     0.08465100      0.04110100      0.44266800     -0.52145700      0.27204200     -0.80877700     -0.36305500     -0.92845800     -0.07828500     -0.77156900      0.25246400      0.58392600     -0.01557800     -0.01099500     -0.00327400      0.00944900     -0.04480200      0.12943500      0.52316200     -0.10472600     -0.02438900      0.37471500      0.06922800      0.83434200      0.54687500     -0.93901300      0.23962700     -0.24650900     -0.33677800     -0.49750300      0.79933400      0.01443700     -0.00030500     -0.00193000     -3.10099600      1.32036900     -4.36252100      0.18126800      0.02733400      0.03167800     -0.02135600     -0.15434700     -0.81885400      0.55286000      0.91959500     -0.32367100     -0.22266600      0.36127600      0.47404000      0.80297200      0.00632600      0.00542300     -0.00524900     -0.26221700      0.11469400     -0.38311300      0.04233100      0.08835000      0.05106400     -0.04104200     -0.56172500      0.26716600     -0.78299800     -0.35016500     -0.93424700     -0.06756400     -0.74956500      0.23622600      0.61834300     -0.00772800     -0.00531800     -0.00156000      0.01281400     -0.03914700      0.13575200      0.52300100
     0.08437000      0.04092000      0.44257500     -0.51631200      0.28158700     -0.80881100     -0.37957800     -0.92179300     -0.07868000     -0.76707500      0.26602700      0.58382600     -0.01531000     -0.01010200     -0.00296100     -4.47593500     -0.41035300      3.17238400      0.52324100     -0.10434100     -0.02430100      0.37459300      0.00433200      0.83685200      0.54740500     -0.95384200      0.16787000     -0.24887600     -0.30014400     -0.52210500      0.79823700      0.01470600     -0.00168700     -0.00306100     -1.20611500      0.54482600     -1.75696900      0.19723700      0.02751600      0.03172100     -0.02140900     -0.09141400     -0.82688800      0.55488600      0.94028400     -0.25514600     -0.22531200      0.32788500      0.50115400      0.80083400      0.00737200     -0.00081900     -0.00146400     -3.32449700      1.50249600     -4.84853600      0.06355900      0.08820800      0.05096600     -0.04108600     -0.55820800      0.27399400     -0.78315400     -0.36148600     -0.92991700     -0.06768400     -0.74681400      0.24531700      0.61813200     -0.00780200     -0.00552300     -0.00164300     -0.04040800      0.03265700     -0.05594900      0.52300100
     0.08387300      0.04055500      0.44247500     -0.49682600      0.31573600     -0.80840600     -0.44299900     -0.89322100     -0.07667200     -0.74568200      0.31963200      0.58465400     -0.01508600     -0.01627900      0.00841300     -0.16157900      0.03002400      0.01687300      0.52216900     -0.10363400     -0.02431000      0.37434400     -0.13928700      0.82485900      0.54790400     -0.96786400      0.00363900     -0.25131700     -0.20909500     -0.56632800      0.79712900      0.01528200     -0.00458200     -0.00543600     -0.99763900      0.45404600     -1.44953200      0.21006700      0.02787900      0.03172400     -0.02153500      0.05763400     -0.82735900      0.55870800      0.96956400     -0.08700300     -0.22885500      0.23795500      0.55489300      0.79716300      0.00766100     -0.00244600     -0.00277200     -3.32282100      1.50672300     -4.81402700      0.08854200      0.08795200      0.05078000     -0.04114800     -0.53764800      0.31163000     -0.78346600     -0.43077600     -0.90029300     -0.06248200     -0.72482000      0.30390500      0.61828400     -0.00709500     -0.00331200     -0.00083000     -0.41858900     -0.01321400      0.24351300      0.52365400
     0.08357400      0.04026000      0.44246100     -0.47965400      0.34127500     -0.80839900     -0.48871200     -0.86902800     -0.07696400     -0.72819600      0.35772900      0.58462600     -0.00203400     -0.00623600     -0.00231200     -1.34205000     -0.11755300      0.94238800      0.50532500     -0.10325700     -0.02461900      0.37389500     -0.19755500      0.81452000      0.54545500     -0.96539000     -0.06494000     -0.25246400     -0.16994300     -0.57746400      0.79844700      0.00265700     -0.01369300     -0.01121800      0.00704800     -0.05591300      0.12951000      0.27291900      0.02807200      0.03157300     -0.02175800      0.11808800     -0.82173900      0.55749400      0.97289700     -0.01666000     -0.23063500      0.19880900      0.56962000      0.79750000      0.00137300     -0.00705700     -0.00580300      0.00869400     -0.05300200      0.13771300      0.14406100      0.08779700      0.05062800     -0.04115100     -0.52143000      0.33675200     -0.78403300     -0.47550700     -0.87761400     -0.06070500     -0.70852100      0.34116000      0.61774200     -0.00650900     -0.00116900     -0.00013500     -4.46573600     -0.41581300      3.20108500      0.51516300
     0.08355900      0.04013400      0.44246500     -0.47197400      0.35208100     -0.80828500     -0.50897000     -0.85737700     -0.07633200     -0.71929900      0.37492300      0.58486600     -0.00150900     -0.00462800     -0.00171800     -0.12268600     -0.00135100      0.06054000      0.49546200     -0.10309300     -0.02483300      0.37354600     -0.20588100      0.81450400      0.54239100     -0.96491400     -0.07660500     -0.25101300     -0.16261800     -0.57605100      0.80098900      0.00339700     -0.01747200     -0.01435900      0.00959500     -0.09168500      0.10169800      0.30873700      0.02815200      0.03147500     -0.02192600      0.12650500     -0.82258900      0.55438400      0.97331800     -0.00492300     -0.22940600      0.19143600      0.56861300      0.80001800      0.00796800     -0.00288100     -0.01208800      0.02172800     -0.00013800     -0.04166900      0.18488400      0.08779000      0.05056500     -0.04114900     -0.51340600      0.34847200     -0.78420600     -0.49736800     -0.86553100     -0.05899200     -0.69931300      0.35975200      0.61768800      0.00468200     -0.00768300      0.00363600     -0.45184100      0.03445800      0.11854900      0.50177300
     0.08366000      0.04001700      0.44243300     -0.44224200      0.38911600     -0.80811900     -0.57775500     -0.81271900     -0.07522100     -0.68550000      0.43314000      0.58524000     -0.00024800     -0.00076100     -0.00028300     -4.50324300     -0.41917100      3.26124900      0.48021100     -0.10269300     -0.02540200      0.37275000     -0.23528900      0.81455700      0.53021400     -0.96781800     -0.14619800     -0.20466300     -0.08887600     -0.56231700      0.82204800      0.00410600     -0.02101200     -0.01740000     -0.88831800     -0.49989600      0.59567400      0.31984300      0.02835200      0.03118900     -0.02232500      0.15624100     -0.82483400      0.54335700      0.98078700      0.06450600     -0.18410300      0.11680400      0.56168300      0.81906500      0.00214500     -0.01097300     -0.00912800     -3.02763000     -1.46400700      1.49744000      0.23926000      0.08783900      0.05050400     -0.04116500     -0.48647500      0.38346600     -0.78504400     -0.56209600     -0.82525400     -0.05478900     -0.66887100      0.41461700      0.61701000      0.00548600     -0.00173800     -0.00100400     -0.11990000     -0.02389900      0.11781800      0.47923900
