     0.08025300      0.04678800      0.45882700     -0.62752200      0.58674300     -0.51185400     -0.69193200     -0.72163900      0.02097000     -0.35629500      0.36659300      0.85947100      0.00000000      0.00000000      0.00000000     -0.00000000      0.00000000     -0.00000000      0.48444900     -0.10284600     -0.03967700      0.38203900      0.53754200      0.79926500      0.26872700     -0.79658200      0.58589100     -0.14874100     -0.27698600     -0.13512700      0.95125300     -0.00144200      0.00587500      0.02299500     -0.03304900     -0.01827700      0.03136600      0.29236200      0.02792900      0.02490800     -0.01834300     -0.52083400     -0.81663400      0.24867600      0.82395400     -0.55708400     -0.10371400      0.22323100      0.15088000      0.96301700     -0.00069200      0.00270600      0.01130100     -0.03424100     -0.01629400      0.03243300      0.23044200      0.08587400      0.05411700     -0.03296200     -0.69099600      0.53024200     -0.49129000     -0.61942200     -0.78468100      0.02431800     -0.37261200      0.32111900      0.87065600      0.00000100     -0.00000100     -0.00000000      0.00124000     -0.00075900      0.00072500      0.46486900
     0.08026100      0.04678600      0.45882500     -0.62750300      0.58675500     -0.51186400     -0.69194600     -0.72162600      0.02095800     -0.35630200      0.36659900      0.85946600      0.00001500      0.00004300      0.00001300      0.00000000      0.00000000      0.00000000      0.48387900     -0.10270800     -0.03936000      0.38286100      0.53780800      0.79918500      0.26843500     -0.79676700      0.58591600     -0.14764300     -0.27593200     -0.13549500      0.95150700      0.01287000      0.00789700      0.02283800     -0.03102500     -0.03343800      0.06062700      0.28247700      0.02799200      0.02506700     -0.01793100     -0.52108100     -0.81656100      0.24839800      0.82408600     -0.55709400     -0.10259900      0.22215900      0.15123900      0.96320800     -0.00137100      0.00718800      0.00606300      0.00130700     -0.01028500      0.02724100      0.21476600      0.08587800      0.05411600     -0.03296300     -0.69097200      0.53025900     -0.49130600     -0.61943700     -0.78466900      0.02429300     -0.37263200      0.32112000      0.87064700      0.00000700      0.00002100      0.00000600      0.00002100     -0.00000400      0.00001600      0.46437900
     0.08026100      0.04678600      0.45882500     -0.62750300      0.58675500     -0.51186400     -0.69194600     -0.72162600      0.02095800     -0.35630200      0.36659900      0.85946600      0.00000000      0.00000100      0.00000000      0.00000000      0.00000000      0.00000000      0.48209300     -0.10258600     -0.03915200      0.38320500      0.53793300      0.79914400      0.26830700     -0.79680700      0.58595300     -0.14728200     -0.27557200     -0.13557900      0.95159900      0.01295700      0.00735300      0.02234700     -0.03102700     -0.03343800      0.06062600      0.27354700      0.02805300      0.02517300     -0.01775800     -0.52120700     -0.81652100      0.24826300      0.82410600     -0.55713300     -0.10223600      0.22179300      0.15130900      0.96328100     -0.00130400      0.00682600      0.00573900      0.00131000     -0.01029600      0.02717500      0.20578500      0.08587800      0.05411600     -0.03296300     -0.69097200      0.53025900     -0.49130600     -0.61943700     -0.78466900      0.02429300     -0.37263200      0.32111900      0.87064700     -0.00000100     -0.00000200     -0.00000100      0.00000000      0.00000400      0.00000500      0.46356300
     0.08026000      0.04677900      0.45883300     -0.62740200      0.58683500     -0.51189600     -0.69203200     -0.72154500      0.02090500     -0.35631400      0.36663000      0.85944800      0.00000000      0.00000000      0.00000000      0.00000000      0.00000000      0.00000000      0.47718000     -0.10236300     -0.03871700      0.38366600      0.53797600      0.79915700      0.26818000     -0.79687000      0.58592600     -0.14704800     -0.27530600     -0.13561400      0.95167200     -0.00179400      0.00942800      0.00789800      0.00123400     -0.01026800      0.02689700      0.25296100      0.02816800      0.02539600     -0.01751700     -0.52127600     -0.81652100      0.24812000      0.82414200     -0.55712700     -0.10196900      0.22149500      0.15133200      0.96334700      0.00622700      0.00579100      0.00395600      0.00333500     -0.02549700      0.05632400      0.18276100      0.08587700      0.05411300     -0.03295900     -0.69087900      0.53034900     -0.49133900     -0.61953200     -0.78459600      0.02424300     -0.37264600      0.32114900      0.87063000     -0.00000100     -0.00000100     -0.00000100     -0.00000500     -0.00000900      0.00000400      0.45948100
     0.08024700      0.04679900      0.45883100     -0.62752500      0.58674300     -0.51185000     -0.69193100     -0.72164000      0.02097000     -0.35629300      0.36659000      0.85947300      0.00020500      0.00060400      0.00018500      0.00000000      0.00000000      0.00000000      0.47611800     -0.10228700     -0.03848300      0.38386000      0.53728200      0.79958000      0.26831200     -0.79730500      0.58529400     -0.14720400     -0.27540000     -0.13585500      0.95161000     -0.00058300      0.00305800      0.00255600      0.00123300     -0.01026800      0.02689800      0.21119800      0.02820500      0.02551800     -0.01741500     -0.52058000     -0.81691300      0.24829100      0.82455700     -0.55648600     -0.10210900      0.22158500      0.15157400      0.96328800     -0.00012800      0.00064600      0.00053600     -0.00848300      0.07083900     -0.18550600      0.14308100      0.08587100      0.05412100     -0.03296100     -0.69099200      0.53024500     -0.49129200     -0.61942100     -0.78468200      0.02430500     -0.37262100      0.32111100      0.87065400      0.00013500      0.00040000      0.00012400     -0.00000500     -0.00000700      0.00000400      0.45703100
     0.08024500      0.04682400      0.45882900     -0.62749800      0.58676000     -0.51186400     -0.69194000     -0.72163200      0.02093000     -0.35632200      0.36657800      0.85946600      0.00007900      0.00023300      0.00007100      0.00000000      0.00000000      0.00000000      0.47318500     -0.10236100     -0.03862300      0.38385000      0.53642200      0.80009000      0.26851300     -0.79788100      0.58450000     -0.14724200     -0.27540800     -0.13627700      0.95154700      0.00214500     -0.01308600      0.00695700     -0.03553700      0.00228500     -0.02242500      0.14050900      0.02816700      0.02545500     -0.01742200     -0.51974900     -0.81736800      0.24853400      0.82507800     -0.55570900     -0.10214200      0.22160000      0.15197200      0.96322200      0.00047300     -0.00249000     -0.00208100     -0.00122300      0.01026100     -0.02681500      0.06339600      0.08587000      0.05413500     -0.03296100     -0.69096700      0.53026500     -0.49130600     -0.61943100     -0.78467500      0.02426400     -0.37265000      0.32109700      0.87064800      0.00004400      0.00013400      0.00004200     -0.00000500     -0.00000200      0.00000300      0.45507200
     0.08025600      0.04682300      0.45883800     -0.62890800      0.58629200     -0.51066900     -0.69190500     -0.72158400      0.02356300     -0.35390000      0.36742000      0.86010700      0.00003600      0.00010400      0.00003200     -0.00000100      0.00000100     -0.00000100      0.47228900     -0.10252000     -0.03877500      0.38375900      0.53599900      0.80032500      0.26865600     -0.79814000      0.58412900     -0.14731100     -0.27548200     -0.13648600      0.95149600     -0.01311600     -0.00819900     -0.00508900     -0.00204500      0.01520500     -0.02924500      0.09559200      0.02809300      0.02537800     -0.01746200     -0.51935100     -0.81757500      0.24868500      0.82531700     -0.55534700     -0.10217100      0.22163900      0.15218200      0.96318000     -0.00644200     -0.00470600     -0.00304900     -0.00328100      0.02546600     -0.05607800      0.01718400      0.08587500      0.05413500     -0.03295700     -0.69232200      0.52964100     -0.49007100     -0.61934700     -0.78465400      0.02694000     -0.37026800      0.32217500      0.87126500      0.00001800      0.00005600      0.00001800      0.00398300     -0.00241100      0.00232600      0.45343900
     0.08027000      0.04684300      0.45883400     -0.62895700      0.58624800     -0.51065900     -0.69185700     -0.72163000      0.02358000     -0.35390700      0.36740000      0.86011300      0.00066900      0.00889200     -0.01058600      0.03499500     -0.01692100      0.01614600      0.47132500     -0.10287200     -0.03906300      0.38356700      0.53488700      0.80256700      0.26414900     -0.79887900      0.58221600     -0.15083100     -0.27549800     -0.13136800      0.95221100     -0.01353100     -0.00608500     -0.00332700      0.10949100     -0.16409000     -0.10290300     -0.01558100      0.02791900      0.02521900     -0.01757000     -0.51800300     -0.81964800      0.24463800      0.82611600     -0.55355200     -0.10541100      0.22182000      0.14749700      0.96386700      0.00039200     -0.00206700     -0.00173000      0.16711600     -0.25857000     -0.13059300     -0.11851000      0.08588200      0.05414200     -0.03295500     -0.69235800      0.52959600     -0.49006900     -0.61929700     -0.78469400      0.02694200     -0.37028600      0.32215200      0.87126600     -0.00000300     -0.00000600     -0.00000100      0.00006800     -0.00003700      0.00004800      0.45050000
     0.08028600      0.04684500      0.45882300     -0.63033500      0.58578800     -0.50948500     -0.69181300     -0.72158300      0.02615600     -0.35153700      0.36822200      0.86073300      0.00000000      0.00000000      0.00000000     -0.00000000      0.00000000     -0.00000000      0.47120900     -0.10312600     -0.03918600      0.38360500      0.53483400      0.80417600      0.25931500     -0.79904300      0.58118800     -0.15389600     -0.27512500     -0.12592000      0.95305500     -0.01443000     -0.00132300      0.00066600      0.03880400     -0.10747900      0.13510000     -0.09778600      0.02779400      0.02515200     -0.01755600     -0.51742800     -0.82165700      0.23905400      0.82652900     -0.55222700     -0.10906100      0.22162300      0.14115400      0.96486100      0.00055100     -0.00381200      0.00577200     -0.02496300     -0.01630300     -0.03585600     -0.22171000      0.08589000      0.05414600     -0.03296400     -0.69365800      0.52899500     -0.48887800     -0.61920300     -0.78467500      0.02950800     -0.36800100      0.32318300      0.87185200     -0.00000000     -0.00000900     -0.00000400      0.00197000     -0.00120300      0.00115400      0.44952000
     0.08028600      0.04684500      0.45882300     -0.63033500      0.58578800     -0.50948500     -0.69181300     -0.72158300      0.02615600     -0.35153700      0.36822200      0.86073300      0.00000000      0.00000000      0.00000000     -0.00000000      0.00000000     -0.00000000      0.47124100     -0.10321500     -0.03926100      0.38372900      0.53443100      0.80598400      0.25448900     -0.79946300      0.57979900     -0.15692600     -0.27468600     -0.12061500      0.95386700     -0.01316200     -0.00982600      0.01146000      0.00990000     -0.05881700     -0.08296000     -0.13825900      0.02774900      0.02511900     -0.01749700     -0.51685800     -0.82342700      0.23414500      0.82696200     -0.55096200     -0.11213200      0.22133800      0.13567300      0.96571300     -0.00024400      0.00129100      0.00108600      0.02512400     -0.05048100      0.00357100     -0.26383900      0.08589000      0.05414600     -0.03296400     -0.69364900      0.52899900     -0.48888600     -0.61920400     -0.78467600      0.02949000     -0.36801700      0.32317600      0.87184800      0.00000000     -0.00000500     -0.00000400      0.00024600     -0.00015400      0.00015500      0.44903000
     0.08029900      0.04683300      0.45881700     -0.63019900      0.58588400     -0.50954400     -0.69191300     -0.72149100      0.02606200     -0.35158400      0.36825100      0.86070100     -0.00002900     -0.00008600     -0.00002600      0.00000000      0.00000000      0.00000000      0.46985200     -0.10334500     -0.03944000      0.38408200      0.53416100      0.80920900      0.24463000     -0.80005500      0.57741500     -0.16259600     -0.27348100     -0.10989700      0.95550700      0.00092600     -0.00668900      0.01231600      0.14250000     -0.28384600     -0.13944500     -0.19902500      0.02767800      0.02502800     -0.01731400     -0.51601600     -0.82649900      0.22500200      0.82773000     -0.54872300     -0.11731800      0.22042700      0.12570400      0.96726800      0.00044000     -0.00324800      0.00624300      0.16619900     -0.32108500     -0.15063700     -0.33585000      0.08589700      0.05413900     -0.03296700     -0.69352200      0.52910900     -0.48894700     -0.61931400     -0.78459200      0.02939700     -0.36807000      0.32319900      0.87181700     -0.00001600     -0.00004800     -0.00001600      0.00000100     -0.00000100      0.00000900      0.44756000
     0.08031600      0.04683500      0.45880700     -0.63014700      0.58591200     -0.50957500     -0.69193900     -0.72146800      0.02600900     -0.35162500      0.36825100      0.86068400     -0.00000000     -0.00000000     -0.00000000      0.00000000      0.00000000      0.00000000      0.46765400     -0.10346400     -0.03968100      0.38446300      0.53450500      0.81123800      0.23704100     -0.80028100      0.57603200     -0.16634300     -0.27214100     -0.10182300      0.95678300     -0.01322400     -0.00949500      0.01173300      0.02576400     -0.08415700     -0.09309800     -0.27796800      0.02762300      0.02491300     -0.01712700     -0.51584400     -0.82878300      0.21684400      0.82812900     -0.54721700     -0.12146700      0.21933100      0.11691700      0.96861900     -0.00025800      0.00134600      0.00113000      0.05128500     -0.09168300     -0.01140400     -0.39757400      0.08590500      0.05414000     -0.03297300     -0.69347400      0.52914200     -0.48897900     -0.61934300     -0.78457100      0.02934500     -0.36811100      0.32319600      0.87180100      0.00000000      0.00000400      0.00000100     -0.00000400     -0.00000800      0.00000600      0.44543800
     0.08031900      0.04684300      0.45880900     -0.63013100      0.58592400     -0.50958100     -0.69195100     -0.72145700      0.02599800     -0.35163100      0.36825400      0.86068100      0.00012600      0.00037100      0.00011300      0.00000000      0.00000000      0.00000000      0.46683800     -0.10353400     -0.03981900      0.38473500      0.53452400      0.81196900      0.23448000     -0.80052200      0.57543200     -0.16726400     -0.27139400     -0.09933500      0.95725700      0.00059200     -0.00489700      0.01381300     -0.02364200     -0.02500500     -0.00244000     -0.33327200      0.02758400      0.02483900     -0.01699400     -0.51562300     -0.82958300      0.21429600      0.82844500     -0.54653200     -0.12239100      0.21865400      0.11442500      0.96906900      0.00033900     -0.00272300      0.00668200     -0.05312500      0.02927700     -0.01712200     -0.44443800      0.08590600      0.05414400     -0.03297100     -0.69345900      0.52915600     -0.48898500     -0.61935700     -0.78456100      0.02933400     -0.36811700      0.32319800      0.87179800      0.00006900      0.00020500      0.00006200     -0.00000900      0.00000200      0.00000600      0.44462100
     0.08031000      0.04683800      0.45881800     -0.63016300      0.58590800     -0.50956000     -0.69193900     -0.72146700      0.02603800     -0.35159700      0.36826000      0.86069200      0.00000000      0.00000000      0.00000000      0.00000000      0.00000000      0.00000000      0.46549100     -0.10363900     -0.03984300      0.38527700      0.53397100      0.81335800      0.23090000     -0.80032600      0.57434700     -0.17186500     -0.27305800     -0.09406100      0.95731700     -0.00037100      0.00028600      0.01812900     -0.02269500     -0.02650400     -0.00302500     -0.40301200      0.02753300      0.02482000     -0.01672800     -0.51484500     -0.83094100      0.21088100      0.82843300     -0.54550900     -0.12695400      0.22052900      0.10933900      0.96923200     -0.00026100      0.00049200      0.00935700     -0.04560900      0.00405800      0.00622000     -0.53800400      0.08590200      0.05414200     -0.03296700     -0.69348900      0.52913700     -0.48896400     -0.61934300     -0.78457000      0.02937400     -0.36808400      0.32320700      0.87180800     -0.00000100     -0.00000400     -0.00000200      0.00000600      0.00000800      0.00001400      0.44298800
     0.08031600      0.04683500      0.45880700     -0.63014700      0.58591200     -0.50957500     -0.69193900     -0.72146800      0.02600900     -0.35162500      0.36825100      0.86068400     -0.00000100     -0.00000200     -0.00000100      0.00000000      0.00000000      0.00000000      0.46253600     -0.10369200     -0.03950800      0.38562200      0.53174700      0.81238500      0.23930500     -0.79791300      0.57532800     -0.17962700     -0.28425500     -0.09646500      0.95381200     -0.00167100      0.00898300      0.00746800      0.67801700      0.46239800     -0.05401700     -0.59273800      0.02750500      0.02499200     -0.01654600     -0.51324600     -0.82968500      0.21954600      0.82657300     -0.54670900     -0.13373400      0.23098400      0.11283200      0.96639200     -0.00156300      0.00921900     -0.00126500      2.31493900      1.50661700     -0.23568300     -0.65279700      0.08590500      0.05414000     -0.03297300     -0.69347400      0.52914200     -0.48897900     -0.61934300     -0.78457100      0.02934500     -0.36811100      0.32319600      0.87180100      0.00000100      0.00000500      0.00000000     -0.00000800     -0.00000400      0.00000200      0.44037600
     0.08034300      0.04684200      0.45879700     -0.63006000      0.58596400     -0.50962300     -0.69199100     -0.72142100      0.02593300     -0.35167900      0.36826000      0.86065800      0.01068300     -0.00305200     -0.00187600      0.00098400     -0.01471500      0.02955300      0.46122700     -0.10395300     -0.03902100      0.38579200      0.52667400      0.81162100      0.25274100     -0.79178500      0.57662400     -0.20128400     -0.30974600     -0.09514000      0.94597500     -0.00335600      0.01979200     -0.00144100      0.72986300      0.38092800      0.15013800     -0.82980800      0.02737500      0.02523000     -0.01645800     -0.50873000     -0.82878300      0.23304600      0.82168100     -0.54820900     -0.15590500      0.25696900      0.11217600      0.95988600     -0.00810500      0.00424600      0.00439000      2.26524900      1.53742500     -0.28389800     -0.81576100      0.08591900      0.05414400     -0.03297700     -0.69339400      0.52920300     -0.48902800     -0.61940100     -0.78452800      0.02927000     -0.36816700      0.32320100      0.87177600      0.00533900     -0.00153000     -0.00093900      0.00098400     -0.01471400      0.02956200      0.43776300
     0.08034900      0.04683200      0.45879300     -0.63005800      0.58596400     -0.50962600     -0.69199200     -0.72142000      0.02593300     -0.35168100      0.36826300      0.86065600     -0.00006600     -0.00019400     -0.00005900      0.00000000      0.00000000      0.00000000      0.46048500     -0.10406900     -0.03874000      0.38587200      0.51944300      0.81439800      0.25870000     -0.79227500      0.57248200     -0.21094500     -0.32052800     -0.09642600      0.94224600     -0.01597200      0.00730900      0.00777300      0.68168200      0.46823300     -0.08810800     -0.94463200      0.02732300      0.02537100     -0.01641900     -0.50232100     -0.83120500      0.23826500      0.82279700     -0.54420500     -0.16384200      0.26585100      0.11374300      0.95728000     -0.00093700      0.00503600      0.00416800     -0.01557300     -0.01694400      0.01643900     -0.79698300      0.08592200      0.05413900     -0.03297900     -0.69339100      0.52920300     -0.48903200     -0.61940300     -0.78452700      0.02927000     -0.36816900      0.32320300      0.87177400     -0.00004200     -0.00012200     -0.00003600     -0.00001100      0.00000800     -0.00000100      0.43694700
     0.08036700      0.04685400      0.45875900     -0.62996800      0.58600400     -0.50969100     -0.69201300     -0.72140500      0.02579400     -0.35180100      0.36822900      0.86062200     -0.00000000     -0.00000000     -0.00000000      0.00000000      0.00000000      0.00000000      0.46024400     -0.10430900     -0.03821500      0.38575000      0.49957800      0.82511000      0.26383100     -0.80168200      0.55581400     -0.21979900     -0.32860700     -0.10275300      0.93878800     -0.00353400      0.02247900     -0.01706000      0.06384200      0.05543200     -0.11414800     -1.30844700      0.02719400      0.02565100     -0.01647100     -0.48170500     -0.84111500      0.24593500      0.83153800     -0.52729100     -0.17466500      0.27659300      0.12036700      0.95341800     -0.00171000      0.01092100     -0.00878600      0.06065200      0.05279400     -0.11287100     -0.80057500      0.08593000      0.05415000     -0.03299700     -0.69330700      0.52925200     -0.48909800     -0.61942800     -0.78451300      0.02913200     -0.36828500      0.32315800      0.87174200      0.00000100      0.00000400      0.00000200     -0.00000400      0.00001200      0.00000300      0.43613000
     0.08039200      0.04689300      0.45868800     -0.62982400      0.58606000     -0.50980500     -0.69202900     -0.72139800      0.02554000     -0.35202700      0.36815200      0.86056200     -0.00028400     -0.00083600     -0.00025500      0.00000000      0.00000000      0.00000000      0.46024900     -0.10446200     -0.03762600      0.38505600      0.49220000      0.82784600      0.26907700     -0.80381400      0.55093700     -0.22424500     -0.33448300     -0.10696900      0.93623800     -0.00255800      0.01720000     -0.02140600      0.06296200      0.00852900      0.05018900     -1.40347000      0.02711900      0.02593300     -0.01680200     -0.47463000     -0.84340300      0.25178800      0.83369000     -0.52251500     -0.17871000      0.28228800      0.12509200      0.95113800     -0.00204000      0.01359100     -0.01547900      0.10386100      0.05380800     -0.12016500     -0.81118900      0.08594400      0.05417100     -0.03303100     -0.69317100      0.52932300     -0.48921300     -0.61944900     -0.78450400      0.02887800     -0.36850400      0.32306100      0.87168500      0.00515100     -0.00208500     -0.00110900      0.00098700     -0.01472200      0.02955700      0.43564000
     0.08041900      0.04692600      0.45863600     -0.62968900      0.58612000     -0.50990200     -0.69206000     -0.72137600      0.02533200     -0.35220700      0.36810100      0.86051100     -0.00000400     -0.00001200     -0.00000400      0.00000000      0.00000000      0.00000000      0.45937900     -0.10449200     -0.03721100      0.38462000      0.49008700      0.82812500      0.27205700     -0.80441400      0.54995100     -0.22451400     -0.33613900     -0.10987000      0.93530900     -0.00285500      0.01880400     -0.02007900      0.02098900      0.13422700     -0.11282200     -1.40447000      0.02710500      0.02614000     -0.01703400     -0.47267100     -0.84358500      0.25484200      0.83424600     -0.52152000     -0.17902400      0.28392800      0.12798200      0.95026500     -0.00211900      0.01403700     -0.01510900      0.06111300      0.12449800     -0.09168000     -0.81102600      0.08595700      0.05418500     -0.03305800     -0.69304400      0.52939700     -0.48931200     -0.61948700     -0.78448200      0.02867100     -0.36867900      0.32299300      0.87163600      0.00000200      0.00000300     -0.00000100      0.00000100     -0.00000200      0.00000200      0.43547700
     0.08054100      0.04699500      0.45850800     -0.62922200      0.58635700     -0.51020600     -0.69224200     -0.72122200      0.02475000     -0.35268300      0.36802600      0.86034800      0.00001500      0.00004500      0.00001400      0.00000000      0.00000000      0.00000000      0.45262500     -0.10471300     -0.03610200      0.38346000      0.48695500      0.82463200      0.28783600     -0.80461700      0.55179000     -0.21921100     -0.34018500     -0.12590200      0.93181900     -0.00565700      0.03733100     -0.04036300     -0.07974000      0.41365600      0.05073100     -1.40475100      0.02700100      0.02667800     -0.01759500     -0.47048800     -0.84010100      0.26994200      0.83427300     -0.52315400     -0.17406100      0.28745100      0.14331200      0.94701200     -0.00206000      0.01375400     -0.01533700     -0.24592500      0.57310300      0.30489200     -0.80400400      0.08601800      0.05421700     -0.03311800     -0.69262100      0.52967500     -0.48961100     -0.61969400     -0.78433800      0.02812400     -0.36912400      0.32288900      0.87148600      0.00535100     -0.00149500     -0.00093000      0.00098100     -0.01471600      0.02955800      0.43123100
     0.08067300      0.04701100      0.45842200     -0.63035400      0.58600900     -0.50920800     -0.69229000     -0.72109300      0.02703900     -0.35056300      0.36883100      0.86087000      0.01068300     -0.00304300     -0.00187100      0.00098400     -0.01471500      0.02955300      0.44613300     -0.10527500     -0.03510100      0.38220100      0.48083200      0.82146500      0.30657400     -0.80632600      0.55166400     -0.21316300     -0.34481500     -0.14574800      0.92721300     -0.01796600      0.02349800     -0.03225100     -0.08319700      0.38793000     -0.04868900     -1.40500000      0.02671800      0.02719500     -0.01823700     -0.46545300     -0.83625200      0.28988700      0.83563500     -0.52314600     -0.16742100      0.29165900      0.16431300      0.94230200     -0.00905400      0.01225200     -0.01570000     -0.11176000      0.48533800     -0.19052200     -0.79681900      0.08608000      0.05423000     -0.03316400     -0.69370300      0.52919900     -0.48859300     -0.61969200     -0.78425500      0.03040500     -0.36709100      0.32387000      0.87198100      0.00000000     -0.00000300     -0.00000400      0.00070700     -0.00042900      0.00042300      0.42176000
     0.08076100      0.04698000      0.45841400     -0.63015600      0.58613600     -0.50930800     -0.69244300     -0.72095000      0.02693700     -0.35061900      0.36890700      0.86081400      0.00000000      0.00000000      0.00000000      0.00000000      0.00000000      0.00000000      0.44250700     -0.10597500     -0.03418400      0.38106400      0.47125300      0.81959900      0.32583600     -0.80987800      0.54845900     -0.20790900     -0.34968100     -0.16695200      0.92179900     -0.01694000      0.01639000     -0.02032600     -0.12585800      0.45962100     -0.22490200     -1.40493000      0.02636900      0.02765000     -0.01881500     -0.45707600     -0.83386500      0.30943500      0.83871500     -0.51988500     -0.16209700      0.29603800      0.18543700      0.93700200     -0.00845400      0.00821000     -0.01014100     -0.14634700      0.43684500     -0.01825200     -0.79175700      0.08612800      0.05421300     -0.03316900     -0.69349800      0.52936100     -0.48870800     -0.61987500     -0.78411500      0.03028900     -0.36717000      0.32394400      0.87192000      0.00000100     -0.00000100     -0.00000400      0.00000300     -0.00001200      0.00001600      0.41506600
     0.08079300      0.04697000      0.45840800     -0.63007900      0.58618300     -0.50934800     -0.69249800     -0.72089900      0.02688900     -0.35064900      0.36893100      0.86079200      0.00000000      0.00000000      0.00000000      0.00000000      0.00000000      0.00000000      0.44148300     -0.10626900     -0.03381600      0.38063700      0.46437600      0.81952600      0.33574500     -0.81170600      0.54551400     -0.20852500     -0.35460700     -0.17673400      0.91808600     -0.00288700      0.01910000     -0.01979700     -0.22415500      0.62419200     -0.11838000     -1.40480000      0.02622300      0.02782800     -0.01902100     -0.45072100     -0.83418000      0.31779400      0.84044500     -0.51652900     -0.16385400      0.30083400      0.19323600      0.93389300     -0.00848800      0.00840600     -0.00997800      0.03752300      0.17228100     -0.34127100     -0.78767500      0.08614400      0.05420800     -0.03317200     -0.69342700      0.52941600     -0.48875000     -0.61993600     -0.78406900      0.03024300     -0.36720300      0.32396500      0.87189900      0.00000100      0.00000000     -0.00000400     -0.00001300     -0.00001200      0.00000500      0.41294300
     0.08078700      0.04697400      0.45842000     -0.63009400      0.58618000     -0.50933300     -0.69249800     -0.72089800      0.02691800     -0.35062100      0.36894000      0.86079900      0.00033300      0.00098300      0.00030100      0.00000000      0.00000000      0.00000000      0.44068600     -0.10684200     -0.03332500      0.38010200      0.44980400      0.81989900      0.35416700     -0.81479700      0.53914600     -0.21298300     -0.36611500     -0.19381600      0.91008700     -0.01572600      0.00824400     -0.00927100      2.13960500      1.90338100     -0.80270500     -1.40485400      0.02592900      0.02808600     -0.01930400     -0.43713100     -0.83320900      0.33864200      0.84378500     -0.51026700     -0.16629400      0.31135600      0.21304900      0.92610200     -0.00786000      0.00417300     -0.00458300      2.15460400      1.87031200     -0.81503600     -0.78783800      0.08614000      0.05420800     -0.03316600     -0.69344100      0.52941100     -0.48873500     -0.61993500     -0.78406800      0.03027200     -0.36717500      0.32397600      0.87190600      0.00022500      0.00066300      0.00019900     -0.00001300     -0.00001300      0.00000200      0.41033000
     0.08078300      0.04695300      0.45843400     -0.63002200      0.58624300     -0.50934900     -0.69257400     -0.72082600      0.02690600     -0.35060100      0.36898000      0.86079000     -0.00054200     -0.00160100     -0.00049000     -0.00214800      0.00919400     -0.02722700      0.43953200     -0.10751200     -0.03319300      0.37983500      0.43418700      0.81915500      0.37477700     -0.81848400      0.53254200     -0.21544600     -0.37659100     -0.21424500      0.90118900     -0.01391800     -0.00335500     -0.00107100      0.00369700      0.57209300     -0.11642700     -1.40511300      0.02559400      0.02815600     -0.01943400     -0.42228700     -0.83182100      0.36020200      0.84719800     -0.50350300     -0.16952600      0.32237800      0.23357500      0.91734100     -0.00693900     -0.00175500     -0.00058800      0.01492000      0.58070200     -0.11920200     -0.78294000      0.08614000      0.05420300     -0.03315800     -0.69337600      0.52948100     -0.48875100     -0.62001800     -0.78400300      0.03026200     -0.36715900      0.32401800      0.87189700     -0.00027100     -0.00080600     -0.00024900     -0.00214900      0.00919800     -0.02722100      0.40918700
     0.08078200      0.04693300      0.45845700     -0.63006100      0.58623100     -0.50931500     -0.69257800     -0.72081800      0.02699200     -0.35052200      0.36901400      0.86080800     -0.00000800     -0.00002300     -0.00000700      0.00000000      0.00000000      0.00000000      0.43843700     -0.10787100     -0.03325000      0.37975200      0.42393700      0.81772900      0.38934300     -0.81969900      0.52928700     -0.21882400     -0.38552300     -0.22741400      0.89415800     -0.01371300     -0.00453200     -0.00204400      1.91607100      2.23705500     -0.76417600     -1.40508100      0.02541900      0.02813000     -0.01947400     -0.41413700     -0.83054300      0.37240900      0.84885100     -0.50009400     -0.17133900      0.32854400      0.24516300      0.91211500     -0.00680900     -0.00251100     -0.00121400     -0.37432800      0.81634000     -0.14219100     -0.78326600      0.08613800      0.05418900     -0.03314700     -0.69341200      0.52946500     -0.48871700     -0.62002200     -0.78399600      0.03034900     -0.36708400      0.32405900      0.87191300     -0.00000200     -0.00000700     -0.00000300     -0.00000200      0.00001200      0.00000400      0.40837100
     0.08077900      0.04690000      0.45849700     -0.63012500      0.58621100     -0.50925900     -0.69258600     -0.72080500      0.02713600     -0.35039200      0.36907100      0.86083600     -0.00000000     -0.00000000     -0.00000000      0.00000000      0.00000000      0.00000000      0.43722400     -0.10856300     -0.03347000      0.37976200      0.39992800      0.81500100      0.41931100     -0.82220000      0.52121400     -0.22860000     -0.40533900     -0.25436700      0.87798700     -0.02809000     -0.00533800     -0.00102800     -0.03460400      0.73149500     -0.30935200     -1.40476500      0.02507900      0.02801600     -0.01947200     -0.39082000     -0.82595700      0.40626800      0.85106400     -0.49238600     -0.18233400      0.35064000      0.27450000      0.89537700     -0.00626700     -0.00637200      0.00448600      0.42339200      1.14461200     -0.43396700     -0.78032700      0.08613700      0.05417300     -0.03312700     -0.69347300      0.52943800     -0.48865900     -0.62002800     -0.78398600      0.03049300     -0.36695900      0.32412800      0.87194000     -0.00000200      0.00000400     -0.00000000     -0.00001600     -0.00002400      0.00000000      0.40641100
     0.08078200      0.04690100      0.45850800     -0.63012100      0.58621900     -0.50925500     -0.69260000     -0.72079100      0.02715300     -0.35037100      0.36908600      0.86083800      0.00073500      0.00910100     -0.01051700      0.03500200     -0.01689000      0.01616400      0.43719700     -0.10921600     -0.03359900      0.37977600      0.37621100      0.81037500      0.44916500     -0.82871200      0.51114200     -0.22782500     -0.41465900     -0.28754400      0.86327300     -0.01553500      0.00730300     -0.01006800     -0.20948400      0.68646000     -0.36845800     -1.40459600      0.02474800      0.02794700     -0.01946200     -0.36886700     -0.82005800      0.43754000      0.85710300     -0.48221800     -0.18121800      0.35959900      0.30817100      0.88074900     -0.01411800     -0.00225600     -0.00017100     -0.27083500      0.68915200     -0.20853000     -0.78228600      0.08613800      0.05417000     -0.03311800     -0.69348200      0.52944100     -0.48864300     -0.62004400     -0.78397100      0.03053900     -0.36691400      0.32415900      0.87194800      0.00004800      0.00014700      0.00004400     -0.00001500     -0.00001100     -0.00000200      0.40526800
     0.08079000      0.04689900      0.45850600     -0.63010200      0.58623100     -0.50926500     -0.69261400     -0.72077800      0.02714100     -0.35037800      0.36909200      0.86083300      0.00000100      0.00000300      0.00000100      0.00000000      0.00000000      0.00000000      0.43728700     -0.10954900     -0.03361400      0.37968300      0.36456500      0.80682500      0.46488400     -0.83338900      0.50544700     -0.22342800     -0.41567500     -0.30699600      0.85605500     -0.01523700      0.00557900     -0.01149300     -0.31912800      0.93221500     -0.26300300     -1.40451900      0.02458100      0.02794400     -0.01950600     -0.35820200     -0.81654800      0.45270300      0.86133700     -0.47611300     -0.17724000      0.36026300      0.32644300      0.87386700     -0.00688100     -0.00217500     -0.00094900     -0.47197800      1.19220800     -0.20492500     -0.78114300      0.08614200      0.05417200     -0.03312300     -0.69345200      0.52946000     -0.48866500     -0.62005800     -0.78396200      0.03049900     -0.36694800      0.32415000      0.87193700     -0.00000200     -0.00000400     -0.00000200     -0.00000700     -0.00000300      0.00000300      0.40526800
     0.08079000      0.04689900      0.45850600     -0.63010200      0.58623100     -0.50926500     -0.69261400     -0.72077800      0.02714100     -0.35037800      0.36909200      0.86083300      0.00000000      0.00000000      0.00000000      0.00000000      0.00000000      0.00000000      0.43719900     -0.10998200     -0.03359300      0.37933800      0.33737400      0.80108300      0.49440600     -0.83992800      0.49334500     -0.22598000     -0.42534000     -0.34003800      0.83864400     -0.00060500      0.00481600     -0.01380400      0.37540600      1.26262300     -0.35837900     -1.40433000      0.02435800      0.02795700     -0.01967500     -0.33302600     -0.80994100      0.48279200      0.86776000     -0.46357600     -0.17913000      0.36889600      0.35929300      0.85721800     -0.00033800      0.00262900     -0.00671500      1.90158000      2.30173500     -1.16629200     -0.77281600      0.08614200      0.05417200     -0.03312300     -0.69345200      0.52946100     -0.48866500     -0.62005800     -0.78396200      0.03049900     -0.36694700      0.32415000      0.87193700      0.00000000     -0.00000200     -0.00000100      0.00000700      0.00000300      0.00000900      0.40477800
     0.08078100      0.04689400      0.45851500     -0.63013400      0.58621500     -0.50924300     -0.69260100     -0.72078900      0.02718200     -0.35034500      0.36909700      0.86084400      0.00000000      0.00000000      0.00000000      0.00000000      0.00000000      0.00000000      0.43637400     -0.11006600     -0.03343100      0.37878600      0.33703400      0.78940500      0.51306800     -0.83455800      0.50276500     -0.22510900     -0.43605300     -0.35331300      0.82758200     -0.00043100      0.00378500     -0.01466100      0.72961000      0.16572400      0.94603500     -1.40468400      0.02431700      0.02803700     -0.01995200     -0.33238700     -0.79775300      0.50309800      0.86333900     -0.47210400     -0.17821600      0.37968800      0.37510800      0.84565400     -0.00017600      0.00200600     -0.00724300      2.71642600     -0.76192500      4.36669200     -0.77542800      0.08613800      0.05417000     -0.03311800     -0.69348200      0.52944100     -0.48864300     -0.62004400     -0.78397100      0.03053900     -0.36691400      0.32415900      0.87194800      0.00000100     -0.00000200     -0.00000100      0.00000100      0.00000400      0.00000400      0.40461500
